0 0.62109375 0.8203125 0.015625 0.01953125
0 0.62646484375 0.86083984375 0.0166015625 0.0146484375
0 0.8759765625 0.20068359375 0.01171875 0.0166015625
0 0.92626953125 0.2470703125 0.0126953125 0.017578125
0 0.896484375 0.22021484375 0.017578125 0.0185546875
0 0.91552734375 0.24169921875 0.0107421875 0.0166015625
0 0.61376953125 0.83935546875 0.0166015625 0.0166015625
0 0.42236328125 0.99658203125 0.0166015625 0.0068359375
0 0.4736328125 0.994140625 0.021484375 0.01171875
0 0.31103515625 0.72509765625 0.0166015625 0.0185546875
0 0.33642578125 0.73291015625 0.0126953125 0.0185546875
0 0.05078125 0.99462890625 0.01953125 0.0107421875
0 0.11474609375 0.96484375 0.0224609375 0.009765625
0 0.2734375 0.82958984375 0.013671875 0.0166015625
