0 0.9501953125 0.71728515625 0.01953125 0.0458984375
1 0.08642578125 0.76513671875 0.1201171875 0.0244140625
1 0.2607421875 0.89208984375 0.025390625 0.1396484375
1 0.23193359375 0.88720703125 0.0244140625 0.1376953125
1 0.2041015625 0.884765625 0.021484375 0.138671875
1 0.17529296875 0.88720703125 0.0244140625 0.1376953125
1 0.0810546875 0.9365234375 0.09375 0.0234375
1 0.07666015625 0.88525390625 0.1123046875 0.0244140625
1 0.0576171875 0.8544921875 0.11328125 0.025390625
1 0.08251953125 0.73583984375 0.1318359375 0.0244140625
1 0.31494140625 0.88818359375 0.0244140625 0.1357421875
1 0.08251953125 0.70703125 0.1318359375 0.021484375
1 0.08349609375 0.673828125 0.0927734375 0.021484375
1 0.08935546875 0.642578125 0.1044921875 0.025390625
1 0.0859375 0.61279296875 0.119140625 0.0263671875
1 0.10302734375 0.58251953125 0.1220703125 0.0263671875
1 0.09375 0.55419921875 0.13671875 0.0244140625
1 0.08642578125 0.525390625 0.1181640625 0.02734375
1 0.287109375 0.88916015625 0.025390625 0.1396484375
1 0.34130859375 0.89013671875 0.0244140625 0.1376953125
1 0.7158203125 0.33837890625 0.107421875 0.0224609375
1 0.62841796875 0.89501953125 0.0224609375 0.1376953125
0 0.73193359375 0.25634765625 0.0556640625 0.0244140625
0 0.67578125 0.25634765625 0.041015625 0.0224609375
1 0.7216796875 0.21923828125 0.10546875 0.0224609375
1 0.7255859375 0.18408203125 0.107421875 0.0263671875
1 0.72509765625 0.15087890625 0.1201171875 0.0244140625
1 0.69775390625 0.119140625 0.1748046875 0.021484375
1 0.513671875 0.49365234375 0.11328125 0.0322265625
1 0.60205078125 0.89404296875 0.0244140625 0.1396484375
1 0.3662109375 0.89013671875 0.025390625 0.1376953125
1 0.5771484375 0.892578125 0.021484375 0.138671875
1 0.55078125 0.89404296875 0.0234375 0.1416015625
1 0.50244140625 0.89306640625 0.0224609375 0.1376953125
1 0.474609375 0.89404296875 0.0234375 0.1416015625
1 0.4482421875 0.890625 0.025390625 0.142578125
1 0.421875 0.8916015625 0.03125 0.140625
1 0.392578125 0.8876953125 0.025390625 0.142578125
1 0.11083984375 0.49462890625 0.1064453125 0.0244140625
