1 0.5478515625 0.0390625 0.06640625 0.076171875
1 0.22607421875 0.03857421875 0.0673828125 0.0751953125
1 0.28955078125 0.041015625 0.0712890625 0.080078125
1 0.38330078125 0.0361328125 0.0712890625 0.0703125
1 0.4189453125 0.03955078125 0.072265625 0.0771484375
1 0.486328125 0.0419921875 0.07421875 0.08203125
1 0.5166015625 0.0390625 0.072265625 0.076171875
1 0.57958984375 0.0380859375 0.0673828125 0.07421875
1 0.12890625 0.037109375 0.072265625 0.072265625
1 0.61376953125 0.041015625 0.0712890625 0.080078125
1 0.64404296875 0.0380859375 0.0693359375 0.07421875
1 0.677734375 0.0390625 0.068359375 0.076171875
1 0.7119140625 0.0390625 0.0703125 0.076171875
1 0.74267578125 0.041015625 0.0712890625 0.080078125
1 0.775390625 0.0390625 0.068359375 0.076171875
1 0.1865234375 0.03466796875 0.06640625 0.0673828125
1 0.09521484375 0.037109375 0.0673828125 0.072265625
1 0.6025390625 0.24560546875 0.0546875 0.0634765625
1 0.060546875 0.0380859375 0.068359375 0.07421875
1 0.0126953125 0.04296875 0.0234375 0.048828125
1 0.029296875 0.03564453125 0.056640625 0.0693359375
1 0.80810546875 0.03955078125 0.0751953125 0.0771484375
1 0.8759765625 0.04345703125 0.076171875 0.0849609375
1 0.94189453125 0.04296875 0.0751953125 0.083984375
1 0.14013671875 0.24658203125 0.0537109375 0.0615234375
1 0.04345703125 0.2451171875 0.0498046875 0.060546875
1 0.07666015625 0.2451171875 0.0498046875 0.05859375
1 0.1748046875 0.24609375 0.0546875 0.064453125
1 0.90771484375 0.04150390625 0.0712890625 0.0810546875
1 0.2763671875 0.24072265625 0.056640625 0.0634765625
1 0.31005859375 0.2421875 0.0517578125 0.0625
1 0.3388671875 0.244140625 0.05078125 0.060546875
1 0.3720703125 0.24560546875 0.052734375 0.0615234375
1 0.40966796875 0.2392578125 0.0537109375 0.060546875
1 0.470703125 0.24951171875 0.052734375 0.0615234375
1 0.98681640625 0.025390625 0.0263671875 0.048828125
1 0.96875 0.0390625 0.0625 0.076171875
1 0.56640625 0.25 0.0546875 0.060546875
1 0.63623046875 0.24951171875 0.0517578125 0.0615234375
0 0.46923828125 0.78125 0.0244140625 0.046875
0 0.17822265625 0.5927734375 0.0205078125 0.04296875
0 0.22412109375 0.64794921875 0.0263671875 0.0478515625
0 0.31787109375 0.64453125 0.0205078125 0.044921875
0 0.341796875 0.595703125 0.01953125 0.041015625
0 0.48388671875 0.6005859375 0.0205078125 0.04296875
0 0.15771484375 0.931640625 0.0224609375 0.046875
0 0.009765625 0.6484375 0.017578125 0.041015625
0 0.1435546875 0.64892578125 0.021484375 0.0419921875
0 0.0126953125 0.6005859375 0.01953125 0.04296875
1 0.6708984375 0.24658203125 0.052734375 0.0615234375
0 0.88134765625 0.92333984375 0.0185546875 0.0380859375
0 0.8740234375 0.6240234375 0.017578125 0.037109375
1 0.984375 0.2548828125 0.03125 0.05859375
1 0.96142578125 0.2568359375 0.0517578125 0.0625
1 0.931640625 0.2509765625 0.0546875 0.064453125
1 0.89453125 0.25341796875 0.0546875 0.0634765625
1 0.7958984375 0.25439453125 0.052734375 0.0615234375
1 0.7626953125 0.25537109375 0.05078125 0.0615234375
1 0.73046875 0.2529296875 0.05078125 0.060546875
1 0.69970703125 0.25146484375 0.0537109375 0.0615234375
1 0.880859375 0.32568359375 0.052734375 0.0615234375
1 0.6484375 0.32568359375 0.052734375 0.0615234375
1 0.68017578125 0.32861328125 0.0517578125 0.0634765625
1 0.71533203125 0.32568359375 0.0517578125 0.0634765625
1 0.74853515625 0.3271484375 0.0517578125 0.0625
1 0.81396484375 0.3271484375 0.0537109375 0.064453125
1 0.84130859375 0.33642578125 0.0537109375 0.0654296875
1 0.9091796875 0.33740234375 0.0546875 0.0615234375
1 0.94384765625 0.33349609375 0.0537109375 0.0634765625
1 0.97412109375 0.3310546875 0.0517578125 0.064453125
1 0.61572265625 0.328125 0.0537109375 0.064453125
1 0.58447265625 0.32373046875 0.0517578125 0.0634765625
1 0.55078125 0.328125 0.05078125 0.0625
1 0.515625 0.330078125 0.0546875 0.0625
1 0.482421875 0.3291015625 0.05078125 0.0625
1 0.451171875 0.326171875 0.05078125 0.0625
1 0.41748046875 0.32666015625 0.0517578125 0.0634765625
1 0.3828125 0.33056640625 0.0546875 0.0654296875
1 0.35009765625 0.326171875 0.0517578125 0.0625
1 0.318359375 0.32568359375 0.052734375 0.0634765625
1 0.28759765625 0.32275390625 0.0537109375 0.0634765625
1 0.22314453125 0.3232421875 0.0517578125 0.060546875
1 0.18896484375 0.32568359375 0.0517578125 0.0615234375
1 0.15869140625 0.3203125 0.0517578125 0.0625
1 0.125 0.3232421875 0.052734375 0.060546875
1 0.09228515625 0.31689453125 0.0498046875 0.0634765625
