0 0.7724609375 0.853515625 0.05078125 0.021484375
1 0.77099609375 0.61376953125 0.0966796875 0.0283203125
1 0.77294921875 0.650390625 0.0927734375 0.02734375
1 0.765625 0.68408203125 0.08984375 0.0224609375
1 0.7529296875 0.72802734375 0.09765625 0.0244140625
1 0.7626953125 0.76220703125 0.091796875 0.0244140625
1 0.7568359375 0.83056640625 0.103515625 0.0302734375
0 0.677734375 0.8369140625 0.041015625 0.017578125
1 0.63134765625 0.865234375 0.1083984375 0.02734375
0 0.18896484375 0.69091796875 0.0185546875 0.0380859375
0 0.57421875 0.427734375 0.02734375 0.04296875
0 0.181640625 0.3916015625 0.017578125 0.037109375
1 0.7705078125 0.57568359375 0.1015625 0.0322265625
1 0.77685546875 0.5458984375 0.0986328125 0.03515625
1 0.77880859375 0.513671875 0.0986328125 0.033203125
1 0.7822265625 0.48486328125 0.099609375 0.0322265625
1 0.7919921875 0.142578125 0.064453125 0.025390625
1 0.791015625 0.08447265625 0.078125 0.0244140625
1 0.78857421875 0.0546875 0.0771484375 0.0234375
1 0.78955078125 0.025390625 0.0791015625 0.02734375
1 0.54541015625 0.10205078125 0.0556640625 0.0634765625
1 0.513671875 0.09765625 0.0546875 0.06640625
1 0.48046875 0.0986328125 0.052734375 0.06640625
1 0.56396484375 0.0283203125 0.0517578125 0.0546875
1 0.5322265625 0.02587890625 0.052734375 0.0498046875
1 0.49609375 0.02734375 0.05078125 0.052734375
1 0.46826171875 0.02587890625 0.0498046875 0.0498046875
1 0.4326171875 0.02685546875 0.048828125 0.0517578125
1 0.400390625 0.0263671875 0.05078125 0.05078125
1 0.36865234375 0.02587890625 0.0498046875 0.0498046875
1 0.33251953125 0.02734375 0.0498046875 0.052734375
1 0.302734375 0.0263671875 0.052734375 0.05078125
1 0.2666015625 0.0283203125 0.046875 0.0546875
1 0.23876953125 0.02587890625 0.0537109375 0.0498046875
1 0.20068359375 0.02685546875 0.0517578125 0.0517578125
1 0.10205078125 0.02685546875 0.0498046875 0.0517578125
1 0.06884765625 0.02734375 0.0478515625 0.052734375
1 0.037109375 0.02587890625 0.048828125 0.0498046875
1 0.01708984375 0.02490234375 0.0322265625 0.0478515625
1 0.4482421875 0.09716796875 0.05078125 0.0615234375
1 0.1884765625 0.09326171875 0.052734375 0.0615234375
1 0.02490234375 0.09326171875 0.0478515625 0.0634765625
1 0.05615234375 0.0947265625 0.0517578125 0.0625
1 0.12158203125 0.0947265625 0.0537109375 0.064453125
1 0.14892578125 0.10400390625 0.0537109375 0.0654296875
1 0.216796875 0.10498046875 0.0546875 0.0615234375
1 0.25146484375 0.10107421875 0.0537109375 0.0634765625
1 0.28271484375 0.0986328125 0.0537109375 0.064453125
1 0.31689453125 0.09814453125 0.0517578125 0.0634765625
1 0.35107421875 0.09716796875 0.0537109375 0.0615234375
1 0.37939453125 0.099609375 0.0517578125 0.0625
1 0.41357421875 0.10009765625 0.0517578125 0.0615234375
