0 0.06396484375 0.302734375 0.0244140625 0.029296875
1 0.92822265625 0.82666015625 0.0830078125 0.1025390625
1 0.9736328125 0.8232421875 0.052734375 0.091796875
1 0.89404296875 0.826171875 0.0791015625 0.103515625
1 0.5615234375 0.82080078125 0.076171875 0.1005859375
1 0.4951171875 0.8193359375 0.076171875 0.1015625
1 0.52880859375 0.82080078125 0.0771484375 0.1025390625
1 0.5986328125 0.828125 0.076171875 0.1015625
1 0.85986328125 0.8271484375 0.0791015625 0.10546875
1 0.62939453125 0.8232421875 0.0771484375 0.103515625
1 0.66552734375 0.82568359375 0.0791015625 0.0986328125
1 0.72802734375 0.8251953125 0.0791015625 0.1015625
1 0.76123046875 0.826171875 0.0771484375 0.103515625
1 0.79150390625 0.8212890625 0.0751953125 0.1015625
1 0.82373046875 0.82373046875 0.0771484375 0.1025390625
1 0.98583984375 0.45068359375 0.0283203125 0.0615234375
1 0.96875 0.4365234375 0.0625 0.099609375
1 0.9423828125 0.43359375 0.07421875 0.09765625
1 0.91064453125 0.43310546875 0.0712890625 0.0986328125
1 0.8740234375 0.439453125 0.076171875 0.1015625
1 0.82666015625 0.45849609375 0.0712890625 0.0966796875
1 0.81005859375 0.43359375 0.0791015625 0.103515625
1 0.77685546875 0.43212890625 0.0751953125 0.1005859375
1 0.74658203125 0.43212890625 0.0751953125 0.1025390625
1 0.6767578125 0.43896484375 0.076171875 0.1025390625
1 0.6484375 0.43017578125 0.076171875 0.1005859375
1 0.61328125 0.4287109375 0.07421875 0.099609375
1 0.5791015625 0.43212890625 0.07421875 0.1025390625
1 0.5458984375 0.4326171875 0.076171875 0.103515625
1 0.51513671875 0.43115234375 0.0751953125 0.1025390625
1 0.4873046875 0.42431640625 0.0703125 0.0947265625
1 0.97314453125 0.71484375 0.0537109375 0.09765625
1 0.95751953125 0.72412109375 0.0771484375 0.1044921875
1 0.92333984375 0.71923828125 0.0791015625 0.1044921875
1 0.89013671875 0.720703125 0.0810546875 0.103515625
1 0.82373046875 0.7158203125 0.0771484375 0.103515625
1 0.79150390625 0.71728515625 0.0791015625 0.1044921875
1 0.75927734375 0.71826171875 0.0771484375 0.1005859375
1 0.7265625 0.720703125 0.078125 0.099609375
1 0.693359375 0.71826171875 0.078125 0.0986328125
1 0.662109375 0.71826171875 0.078125 0.1025390625
1 0.62548828125 0.71435546875 0.0810546875 0.1044921875
1 0.56103515625 0.71337890625 0.0791015625 0.1044921875
1 0.52783203125 0.71337890625 0.0810546875 0.1025390625
1 0.49560546875 0.71337890625 0.0810546875 0.1044921875
0 0.0595703125 0.3271484375 0.0234375 0.02734375
0 0.34765625 0.09765625 0.04296875 0.021484375
0 0.34033203125 0.123046875 0.0400390625 0.021484375
1 0.3095703125 0.50927734375 0.1015625 0.0224609375
1 0.271484375 0.56591796875 0.09765625 0.0244140625
1 0.251953125 0.59521484375 0.09765625 0.0224609375
1 0.2333984375 0.6220703125 0.099609375 0.0234375
0 0.06298828125 0.3525390625 0.0283203125 0.03125
1 0.4501953125 0.4296875 0.078125 0.1015625
