0 0.70703125 0.04638671875 0.033203125 0.0458984375
1 0.60546875 0.07080078125 0.095703125 0.1396484375
1 0.39453125 0.1611328125 0.099609375 0.1640625
1 0.41796875 0.14794921875 0.099609375 0.1650390625
1 0.44140625 0.13671875 0.09765625 0.1640625
1 0.46630859375 0.1298828125 0.0908203125 0.15625
1 0.4892578125 0.12158203125 0.09375 0.1552734375
1 0.5166015625 0.11376953125 0.103515625 0.1630859375
1 0.5361328125 0.095703125 0.103515625 0.1640625
1 0.55908203125 0.0849609375 0.1005859375 0.162109375
1 0.63037109375 0.0634765625 0.0888671875 0.125
0 0.54833984375 0.01953125 0.0283203125 0.037109375
1 0.65576171875 0.05712890625 0.0810546875 0.1123046875
1 0.73681640625 0.04443359375 0.0712890625 0.0869140625
1 0.76318359375 0.03857421875 0.0595703125 0.0751953125
1 0.7890625 0.03173828125 0.056640625 0.0615234375
1 0.8359375 0.1640625 0.099609375 0.091796875
1 0.759765625 0.17236328125 0.12890625 0.1142578125
1 0.74658203125 0.197265625 0.1435546875 0.126953125
1 0.7158203125 0.2080078125 0.14453125 0.12890625
1 0.35009765625 0.18310546875 0.1005859375 0.1611328125
1 0.32568359375 0.1943359375 0.0986328125 0.16015625
1 0.3037109375 0.21044921875 0.08984375 0.1533203125
1 0.28369140625 0.2216796875 0.0986328125 0.162109375
1 0.08544921875 0.34228515625 0.0791015625 0.1240234375
1 0.1181640625 0.294921875 0.103515625 0.1640625
1 0.1396484375 0.28173828125 0.1015625 0.1669921875
1 0.15966796875 0.26611328125 0.0849609375 0.1318359375
1 0.181640625 0.25244140625 0.09765625 0.1630859375
1 0.20849609375 0.251953125 0.0791015625 0.134765625
1 0.228515625 0.23828125 0.078125 0.13671875
1 0.25830078125 0.23193359375 0.0986328125 0.1611328125
1 0.68408203125 0.21630859375 0.1474609375 0.1259765625
1 0.5205078125 0.2890625 0.146484375 0.130859375
1 0.44677734375 0.32958984375 0.1435546875 0.1279296875
0 0.56396484375 0.63232421875 0.0419921875 0.0341796875
0 0.8564453125 0.94580078125 0.03515625 0.0458984375
0 0.9453125 0.9775390625 0.0390625 0.037109375
0 0.9306640625 0.96044921875 0.0390625 0.0341796875
0 0.90625 0.98388671875 0.041015625 0.0302734375
0 0.21728515625 0.54931640625 0.0380859375 0.0205078125
0 0.66650390625 0.24169921875 0.0400390625 0.0380859375
0 0.63671875 0.21484375 0.041015625 0.037109375
0 0.6025390625 0.1884765625 0.041015625 0.0390625
0 0.58203125 0.27490234375 0.044921875 0.0419921875
0 0.50244140625 0.30908203125 0.0439453125 0.0400390625
0 0.259765625 0.37353515625 0.037109375 0.0380859375
0 0.34130859375 0.33740234375 0.0517578125 0.0458984375
0 0.794921875 0.93798828125 0.03125 0.0419921875
1 0.423828125 0.3447265625 0.140625 0.123046875
1 0.35400390625 0.38427734375 0.1376953125 0.1240234375
1 0.32373046875 0.3935546875 0.1435546875 0.126953125
1 0.2607421875 0.4384765625 0.1171875 0.109375
1 0.2099609375 0.46533203125 0.13671875 0.1298828125
1 0.17919921875 0.4765625 0.1279296875 0.125
1 0.3076171875 0.62939453125 0.169921875 0.1005859375
0 0.01611328125 0.5068359375 0.0302734375 0.05078125
