1 0.70849609375 0.833984375 0.1123046875 0.07421875
1 0.234375 0.607421875 0.14453125 0.083984375
1 0.28173828125 0.4814453125 0.0654296875 0.109375
1 0.306640625 0.49365234375 0.0703125 0.1103515625
1 0.3359375 0.49658203125 0.072265625 0.1123046875
1 0.359375 0.5068359375 0.064453125 0.1015625
1 0.38427734375 0.5107421875 0.0849609375 0.154296875
1 0.0654296875 0.451171875 0.12890625 0.087890625
1 0.04150390625 0.5068359375 0.0810546875 0.068359375
1 0.47119140625 0.7138671875 0.1572265625 0.091796875
0 0.25048828125 0.40625 0.0498046875 0.064453125
1 0.580078125 0.70166015625 0.15625 0.0908203125
1 0.68359375 0.62158203125 0.14453125 0.0673828125
1 0.67626953125 0.64794921875 0.1474609375 0.0673828125
1 0.70556640625 0.69140625 0.1513671875 0.072265625
1 0.68994140625 0.7138671875 0.1435546875 0.07421875
0 0.77392578125 0.80078125 0.0654296875 0.046875
1 0.60693359375 0.48583984375 0.1474609375 0.0927734375
1 0.60595703125 0.451171875 0.1474609375 0.08984375
1 0.587890625 0.427734375 0.140625 0.0859375
1 0.259765625 0.455078125 0.078125 0.130859375
1 0.21435546875 0.421875 0.0849609375 0.142578125
1 0.189453125 0.400390625 0.08984375 0.1328125
1 0.01611328125 0.18896484375 0.0302734375 0.0537109375
1 0.0263671875 0.22509765625 0.05078125 0.0751953125
0 0.0556640625 0.2265625 0.046875 0.052734375
1 0.05712890625 0.32177734375 0.0869140625 0.0986328125
1 0.0751953125 0.34716796875 0.083984375 0.1025390625
1 0.1044921875 0.3642578125 0.0703125 0.09765625
1 0.14111328125 0.36669921875 0.0908203125 0.1357421875
1 0.6005859375 0.3896484375 0.103515625 0.064453125
0 0.46484375 0.24169921875 0.03515625 0.0302734375
0 0.486328125 0.2705078125 0.03515625 0.029296875
0 0.49951171875 0.28564453125 0.0361328125 0.0283203125
0 0.9404296875 0.88134765625 0.04296875 0.0400390625
1 0.177734375 0.138671875 0.09375 0.095703125
1 0.203125 0.13134765625 0.0859375 0.0849609375
0 0.19287109375 0.0888671875 0.0361328125 0.037109375
1 0.24462890625 0.1015625 0.1435546875 0.142578125
1 0.25244140625 0.07421875 0.1240234375 0.123046875
1 0.27880859375 0.060546875 0.1201171875 0.12109375
1 0.26806640625 0.01171875 0.0361328125 0.021484375
1 0.310546875 0.05078125 0.056640625 0.05859375
1 0.45361328125 0.03515625 0.0576171875 0.04296875
0 0.45751953125 0.06201171875 0.0498046875 0.0380859375
