1 0.705078125 0.1865234375 0.115234375 0.087890625
1 0.65380859375 0.1904296875 0.1650390625 0.1171875
1 0.642578125 0.21923828125 0.16796875 0.1181640625
1 0.62158203125 0.24365234375 0.1552734375 0.1142578125
1 0.60791015625 0.267578125 0.1669921875 0.12109375
1 0.57861328125 0.3203125 0.1728515625 0.123046875
1 0.56298828125 0.345703125 0.1689453125 0.123046875
1 0.5712890625 0.38623046875 0.123046875 0.0888671875
1 0.52783203125 0.39599609375 0.1630859375 0.1142578125
1 0.5166015625 0.42333984375 0.162109375 0.1162109375
0 0.24462890625 0.2060546875 0.0400390625 0.033203125
0 0.21044921875 0.23779296875 0.0439453125 0.0380859375
0 0.14990234375 0.328125 0.0498046875 0.04296875
0 0.13818359375 0.3505859375 0.0498046875 0.041015625
0 0.1396484375 0.181640625 0.05859375 0.025390625
1 0.2158203125 0.1328125 0.185546875 0.044921875
1 0.25146484375 0.0966796875 0.1787109375 0.044921875
1 0.26953125 0.06103515625 0.16796875 0.0458984375
1 0.31396484375 0.0234375 0.1728515625 0.044921875
1 0.8251953125 0.02685546875 0.091796875 0.0517578125
1 0.86376953125 0.013671875 0.0517578125 0.025390625
1 0.056640625 0.36962890625 0.064453125 0.1806640625
1 0.03271484375 0.24560546875 0.0517578125 0.0712890625
1 0.0107421875 0.30517578125 0.01953125 0.0419921875
1 0.0283203125 0.02001953125 0.0546875 0.0380859375
1 0.01904296875 0.044921875 0.0361328125 0.03515625
1 0.78955078125 0.0400390625 0.1435546875 0.078125
1 0.76220703125 0.05126953125 0.1611328125 0.1005859375
1 0.76513671875 0.08642578125 0.1162109375 0.0888671875
1 0.75341796875 0.11376953125 0.1142578125 0.0888671875
1 0.9921875 0.37109375 0.015625 0.029296875
1 0.984375 0.40234375 0.03125 0.037109375
1 0.9697265625 0.42919921875 0.060546875 0.0556640625
1 0.97021484375 0.46435546875 0.0595703125 0.0595703125
1 0.96484375 0.49365234375 0.0703125 0.0615234375
1 0.9609375 0.5283203125 0.078125 0.068359375
1 0.93798828125 0.54833984375 0.1181640625 0.0869140625
1 0.93017578125 0.57763671875 0.1162109375 0.0849609375
1 0.90087890625 0.630859375 0.1259765625 0.08984375
1 0.8857421875 0.654296875 0.126953125 0.09375
1 0.9150390625 0.71044921875 0.072265625 0.0576171875
1 0.84765625 0.6689453125 0.07421875 0.060546875
1 0.689453125 0.14111328125 0.166015625 0.1123046875
0 0.68505859375 0.1015625 0.0380859375 0.033203125
