0 0.58837890625 0.130859375 0.0224609375 0.04296875
0 0.3671875 0.3369140625 0.06640625 0.029296875
1 0.45947265625 0.63525390625 0.0712890625 0.0244140625
1 0.703125 0.4912109375 0.044921875 0.12890625
1 0.56591796875 0.5224609375 0.0458984375 0.12890625
0 0.5224609375 0.47509765625 0.02734375 0.0712890625
1 0.46923828125 0.53466796875 0.0478515625 0.1474609375
1 0.49755859375 0.52734375 0.0576171875 0.1640625
1 0.62841796875 0.4873046875 0.0712890625 0.181640625
1 0.3876953125 0.08544921875 0.029296875 0.0869140625
1 0.232421875 0.0146484375 0.095703125 0.02734375
1 0.2138671875 0.05126953125 0.169921875 0.0576171875
1 0.2021484375 0.10400390625 0.12109375 0.0498046875
1 0.20068359375 0.0791015625 0.1630859375 0.056640625
1 0.20947265625 0.13232421875 0.1728515625 0.0595703125
1 0.55908203125 0.6142578125 0.1279296875 0.05859375
0 0.37353515625 0.36279296875 0.0400390625 0.0244140625
0 0.3251953125 0.2607421875 0.04296875 0.015625
0 0.32177734375 0.2890625 0.0419921875 0.01953125
1 0.2490234375 0.20068359375 0.169921875 0.0283203125
1 0.271484375 0.23095703125 0.16796875 0.0263671875
1 0.58935546875 0.4931640625 0.0517578125 0.17578125
1 0.67529296875 0.4765625 0.0478515625 0.166015625
1 0.92236328125 0.09912109375 0.0322265625 0.1279296875
0 0.80859375 0.0791015625 0.03125 0.072265625
1 0.85400390625 0.1044921875 0.0361328125 0.1328125
0 0.87744140625 0.07568359375 0.0224609375 0.0673828125
0 0.888671875 0.15625 0.02734375 0.0703125
1 0.9521484375 0.11767578125 0.03515625 0.1748046875
1 0.9794921875 0.1142578125 0.03515625 0.17578125
1 0.99609375 0.00439453125 0.0078125 0.0068359375
1 0.97802734375 0.00244140625 0.0185546875 0.0029296875
1 0.95166015625 0.0078125 0.0244140625 0.013671875
1 0.81103515625 0.01220703125 0.0224609375 0.0224609375
0 0.9453125 0.32373046875 0.0234375 0.0419921875
1 0.35498046875 0.47998046875 0.0849609375 0.0458984375
1 0.36181640625 0.42529296875 0.1669921875 0.0576171875
1 0.31591796875 0.31884765625 0.1708984375 0.0419921875
0 0.07080078125 0.216796875 0.0283203125 0.041015625
0 0.18603515625 0.462890625 0.0283203125 0.041015625
1 0.98291015625 0.44384765625 0.0341796875 0.1650390625
1 0.95166015625 0.43115234375 0.0654296875 0.1728515625
1 0.9248046875 0.447265625 0.064453125 0.173828125
1 0.78076171875 0.013671875 0.0263671875 0.025390625
