1 0.9404296875 0.07080078125 0.095703125 0.1396484375
1 0.7294921875 0.1611328125 0.099609375 0.1640625
1 0.7529296875 0.14794921875 0.099609375 0.1650390625
1 0.7763671875 0.13671875 0.09765625 0.1640625
1 0.80126953125 0.1298828125 0.0908203125 0.15625
1 0.82421875 0.12158203125 0.09375 0.1552734375
1 0.8515625 0.11376953125 0.103515625 0.1630859375
1 0.87109375 0.095703125 0.103515625 0.1640625
1 0.89404296875 0.0849609375 0.1005859375 0.162109375
1 0.96044921875 0.06201171875 0.0791015625 0.1220703125
0 0.88330078125 0.01953125 0.0283203125 0.037109375
1 0.97509765625 0.0458984375 0.0498046875 0.08984375
1 0.9892578125 0.162109375 0.021484375 0.037109375
1 0.68505859375 0.18310546875 0.1005859375 0.1611328125
1 0.66064453125 0.1943359375 0.0986328125 0.16015625
1 0.638671875 0.21044921875 0.08984375 0.1533203125
1 0.61865234375 0.2216796875 0.0986328125 0.162109375
1 0.17626953125 0.04150390625 0.0576171875 0.0810546875
1 0.20068359375 0.0361328125 0.0517578125 0.0703125
1 0.224609375 0.02734375 0.04296875 0.052734375
1 0.42041015625 0.34228515625 0.0791015625 0.1240234375
1 0.453125 0.294921875 0.103515625 0.1640625
1 0.474609375 0.28173828125 0.1015625 0.1669921875
1 0.49462890625 0.26611328125 0.0849609375 0.1318359375
1 0.5166015625 0.25244140625 0.09765625 0.1630859375
1 0.54345703125 0.251953125 0.0791015625 0.134765625
1 0.5634765625 0.23828125 0.078125 0.13671875
1 0.59326171875 0.23193359375 0.0986328125 0.1611328125
1 0.97265625 0.185546875 0.0546875 0.064453125
1 0.85546875 0.2890625 0.146484375 0.130859375
1 0.78173828125 0.32958984375 0.1435546875 0.1279296875
0 0.89892578125 0.63232421875 0.0419921875 0.0341796875
0 0.55224609375 0.54931640625 0.0380859375 0.0205078125
0 0.99072265625 0.23779296875 0.0185546875 0.0302734375
0 0.9716796875 0.21484375 0.041015625 0.037109375
0 0.9375 0.1884765625 0.041015625 0.0390625
0 0.9169921875 0.27490234375 0.044921875 0.0419921875
0 0.83740234375 0.30908203125 0.0439453125 0.0400390625
0 0.5947265625 0.37353515625 0.037109375 0.0380859375
0 0.67626953125 0.33740234375 0.0517578125 0.0458984375
0 0.21337890625 0.8447265625 0.0400390625 0.03515625
1 0.7587890625 0.3447265625 0.140625 0.123046875
0 0.2236328125 0.890625 0.046875 0.03515625
1 0.68896484375 0.38427734375 0.1376953125 0.1240234375
1 0.65869140625 0.3935546875 0.1435546875 0.126953125
1 0.595703125 0.4384765625 0.1171875 0.109375
1 0.544921875 0.46533203125 0.13671875 0.1298828125
1 0.51416015625 0.4765625 0.1279296875 0.125
1 0.642578125 0.62939453125 0.169921875 0.1005859375
4 0.23388671875 0.2861328125 0.0517578125 0.033203125
0 0.34814453125 0.5068359375 0.0361328125 0.05078125
1 0.14990234375 0.04833984375 0.0673828125 0.0947265625
