1 0.9384765625 0.55078125 0.099609375 0.16015625
1 0.7294921875 0.6513671875 0.099609375 0.1640625
1 0.7529296875 0.63818359375 0.099609375 0.1650390625
1 0.7763671875 0.626953125 0.09765625 0.1640625
1 0.80126953125 0.6201171875 0.0908203125 0.15625
1 0.82421875 0.61181640625 0.09375 0.1552734375
1 0.8515625 0.60400390625 0.103515625 0.1630859375
1 0.87109375 0.5859375 0.103515625 0.1640625
1 0.89404296875 0.5751953125 0.1005859375 0.162109375
1 0.9541015625 0.5341796875 0.091796875 0.158203125
0 0.88232421875 0.5078125 0.0302734375 0.041015625
1 0.9658203125 0.51220703125 0.068359375 0.1376953125
1 0.9892578125 0.65234375 0.021484375 0.037109375
1 0.68505859375 0.67333984375 0.1005859375 0.1611328125
1 0.66064453125 0.6845703125 0.0986328125 0.16015625
1 0.638671875 0.70068359375 0.08984375 0.1533203125
1 0.61865234375 0.7119140625 0.0986328125 0.162109375
1 0.166015625 0.5048828125 0.078125 0.134765625
1 0.18310546875 0.486328125 0.0869140625 0.150390625
1 0.205078125 0.47021484375 0.08203125 0.1474609375
1 0.31982421875 0.416015625 0.0966796875 0.1640625
1 0.34326171875 0.40283203125 0.0908203125 0.1591796875
1 0.40673828125 0.36572265625 0.0830078125 0.1435546875
1 0.4287109375 0.34814453125 0.091796875 0.1611328125
1 0.45458984375 0.33935546875 0.0888671875 0.1611328125
1 0.53759765625 0.328125 0.0888671875 0.150390625
1 0.42041015625 0.83251953125 0.0791015625 0.1240234375
1 0.453125 0.78515625 0.103515625 0.1640625
1 0.474609375 0.77197265625 0.1015625 0.1669921875
1 0.49462890625 0.75634765625 0.0849609375 0.1318359375
1 0.5166015625 0.74267578125 0.09765625 0.1630859375
1 0.54345703125 0.7421875 0.0791015625 0.134765625
1 0.5634765625 0.728515625 0.078125 0.13671875
1 0.59326171875 0.72216796875 0.0986328125 0.1611328125
1 0.97265625 0.67578125 0.0546875 0.064453125
1 0.85546875 0.779296875 0.146484375 0.130859375
1 0.78173828125 0.81982421875 0.1435546875 0.1279296875
0 0.99072265625 0.72802734375 0.0185546875 0.0302734375
0 0.9716796875 0.705078125 0.041015625 0.037109375
0 0.9375 0.6787109375 0.041015625 0.0390625
0 0.9169921875 0.76513671875 0.044921875 0.0419921875
0 0.83740234375 0.79931640625 0.0439453125 0.0400390625
0 0.5947265625 0.86376953125 0.037109375 0.0380859375
0 0.67626953125 0.82763671875 0.0517578125 0.0458984375
0 0.53515625 0.38037109375 0.033203125 0.0458984375
0 0.47509765625 0.33056640625 0.0341796875 0.0458984375
0 0.392578125 0.39794921875 0.033203125 0.0439453125
0 0.30712890625 0.455078125 0.0361328125 0.048828125
0 0.87939453125 0.2265625 0.0439453125 0.052734375
1 0.7587890625 0.8349609375 0.140625 0.123046875
1 0.68896484375 0.87451171875 0.1376953125 0.1240234375
1 0.65869140625 0.8837890625 0.1435546875 0.126953125
1 0.595703125 0.9287109375 0.1171875 0.109375
1 0.54345703125 0.9453125 0.1337890625 0.109375
1 0.5078125 0.9521484375 0.115234375 0.095703125
0 0.77197265625 0.31494140625 0.0400390625 0.0380859375
0 0.8173828125 0.2666015625 0.03515625 0.04296875
0 0.8779296875 0.30615234375 0.04296875 0.0302734375
0 0.86865234375 0.283203125 0.0439453125 0.033203125
0 0.9619140625 0.24267578125 0.04296875 0.0302734375
0 0.87451171875 0.4609375 0.0439453125 0.03515625
0 0.89404296875 0.2119140625 0.0322265625 0.04296875
0 0.91162109375 0.201171875 0.0322265625 0.04296875
0 0.93212890625 0.197265625 0.0322265625 0.044921875
4 0.23388671875 0.7763671875 0.0517578125 0.033203125
0 0.35107421875 0.98583984375 0.0302734375 0.0283203125
1 0.1357421875 0.50390625 0.095703125 0.1640625
