0 0.2490234375 0.09716796875 0.064453125 0.0419921875
0 0.23828125 0.94775390625 0.0234375 0.0693359375
1 0.11962890625 0.92041015625 0.0322265625 0.1279296875
0 0.01123046875 0.89990234375 0.0205078125 0.0712890625
1 0.05126953125 0.92578125 0.0361328125 0.1328125
0 0.07470703125 0.89697265625 0.0224609375 0.0673828125
0 0.0849609375 0.97119140625 0.025390625 0.0576171875
1 0.1484375 0.92578125 0.033203125 0.1484375
1 0.17578125 0.923828125 0.033203125 0.15234375
1 0.20263671875 0.92236328125 0.0302734375 0.1552734375
1 0.2177734375 0.73974609375 0.0390625 0.1748046875
1 0.19287109375 0.7421875 0.0361328125 0.173828125
1 0.1669921875 0.74072265625 0.03515625 0.1689453125
1 0.14208984375 0.748046875 0.0380859375 0.17578125
1 0.08544921875 0.734375 0.0302734375 0.17578125
1 0.01220703125 0.7568359375 0.0224609375 0.17578125
0 0.017578125 0.63916015625 0.021484375 0.0380859375
0 0.236328125 0.64599609375 0.025390625 0.0498046875
1 0.3603515625 0.7626953125 0.033203125 0.130859375
1 0.39208984375 0.7705078125 0.0302734375 0.126953125
1 0.451171875 0.97607421875 0.046875 0.0478515625
0 0.52490234375 0.66796875 0.0322265625 0.052734375
0 0.4169921875 0.6796875 0.025390625 0.068359375
1 0.39208984375 0.42236328125 0.1806640625 0.0556640625
1 0.4306640625 0.3740234375 0.169921875 0.041015625
1 0.48779296875 0.28515625 0.1787109375 0.044921875
1 0.48291015625 0.23291015625 0.1787109375 0.0361328125
1 0.73779296875 0.41259765625 0.0986328125 0.0400390625
1 0.806640625 0.9375 0.078125 0.125
1 0.75244140625 0.24072265625 0.0849609375 0.0244140625
1 0.51708984375 0.201171875 0.1337890625 0.029296875
1 0.5615234375 0.1015625 0.029296875 0.052734375
1 0.53564453125 0.08154296875 0.0458984375 0.0947265625
0 0.43798828125 0.31396484375 0.0380859375 0.0244140625
1 0.60595703125 0.72900390625 0.0654296875 0.1279296875
0 0.4619140625 0.15771484375 0.033203125 0.0185546875
1 0.48095703125 0.34619140625 0.1298828125 0.0400390625
1 0.5166015625 0.49951171875 0.126953125 0.0400390625
1 0.48876953125 0.5302734375 0.0888671875 0.037109375
1 0.470703125 0.46435546875 0.12109375 0.0302734375
0 0.3671875 0.45068359375 0.0703125 0.0361328125
1 0.35986328125 0.4765625 0.1103515625 0.046875
1 0.66259765625 0.46435546875 0.0556640625 0.0966796875
1 0.7041015625 0.5517578125 0.05859375 0.095703125
1 0.73583984375 0.478515625 0.0966796875 0.04296875
1 0.76123046875 0.5078125 0.0986328125 0.048828125
1 0.80810546875 0.64501953125 0.1005859375 0.0302734375
1 0.79736328125 0.62060546875 0.0986328125 0.0302734375
1 0.77880859375 0.56201171875 0.0966796875 0.0498046875
1 0.76806640625 0.541015625 0.0966796875 0.046875
