1 0.232421875 0.783203125 0.12890625 0.109375
0 0.220703125 0.43505859375 0.029296875 0.0380859375
0 0.29150390625 0.5927734375 0.0615234375 0.052734375
0 0.31396484375 0.57763671875 0.0634765625 0.0458984375
0 0.330078125 0.55859375 0.064453125 0.041015625
1 0.30908203125 0.650390625 0.1240234375 0.107421875
1 0.28662109375 0.68310546875 0.1435546875 0.1142578125
1 0.25390625 0.68994140625 0.087890625 0.0732421875
0 0.24853515625 0.72509765625 0.0634765625 0.0537109375
1 0.25 0.759765625 0.1328125 0.11328125
1 0.21240234375 0.80517578125 0.1357421875 0.1142578125
1 0.21044921875 0.9375 0.1259765625 0.109375
1 0.234375 0.9658203125 0.0859375 0.068359375
1 0.2880859375 0.9482421875 0.099609375 0.103515625
1 0.31884765625 0.9609375 0.0791015625 0.078125
0 0.3623046875 0.9609375 0.046875 0.052734375
0 0.771484375 0.97607421875 0.03515625 0.0302734375
0 0.865234375 0.2177734375 0.02734375 0.0390625
0 0.67724609375 0.4794921875 0.0673828125 0.048828125
0 0.67041015625 0.6083984375 0.0263671875 0.0390625
1 0.69189453125 0.59912109375 0.0498046875 0.0634765625
0 0.64794921875 0.466796875 0.0576171875 0.0390625
0 0.6396484375 0.43994140625 0.0625 0.0458984375
0 0.68310546875 0.38720703125 0.0283203125 0.0439453125
0 0.60302734375 0.47802734375 0.0322265625 0.0400390625
1 0.484375 0.873046875 0.09375 0.095703125
1 0.509765625 0.86572265625 0.0859375 0.0849609375
0 0.49951171875 0.8232421875 0.0361328125 0.037109375
1 0.55126953125 0.8359375 0.1435546875 0.142578125
1 0.55908203125 0.80859375 0.1240234375 0.123046875
1 0.58544921875 0.794921875 0.1201171875 0.12109375
1 0.5634765625 0.7265625 0.05859375 0.060546875
1 0.6171875 0.78515625 0.056640625 0.05859375
0 0.70263671875 0.66748046875 0.0517578125 0.0361328125
0 0.7275390625 0.6845703125 0.033203125 0.02734375
0 0.7353515625 0.70458984375 0.037109375 0.0302734375
1 0.76025390625 0.76953125 0.0576171875 0.04296875
0 0.76416015625 0.79638671875 0.0498046875 0.0380859375
1 0.5009765625 0.2900390625 0.080078125 0.09765625
1 0.51953125 0.34326171875 0.10546875 0.1376953125
1 0.54638671875 0.3564453125 0.1044921875 0.142578125
1 0.587890625 0.33740234375 0.087890625 0.1220703125
1 0.59228515625 0.37744140625 0.0966796875 0.1435546875
1 0.6162109375 0.408203125 0.109375 0.138671875
0 0.28076171875 0.3271484375 0.0322265625 0.0390625
