0 0.23828125 0.12646484375 0.0234375 0.0693359375
1 0.11962890625 0.09912109375 0.0322265625 0.1279296875
0 0.01123046875 0.07861328125 0.0205078125 0.0712890625
1 0.05126953125 0.1044921875 0.0361328125 0.1328125
0 0.07470703125 0.07568359375 0.0224609375 0.0673828125
0 0.0859375 0.15625 0.02734375 0.0703125
1 0.1494140625 0.11767578125 0.03515625 0.1748046875
1 0.1767578125 0.1142578125 0.03515625 0.17578125
1 0.203125 0.10888671875 0.03125 0.1708984375
1 0.22607421875 0.00341796875 0.0224609375 0.0048828125
1 0.2001953125 0.00439453125 0.021484375 0.0068359375
1 0.17529296875 0.00244140625 0.0185546875 0.0029296875
1 0.14892578125 0.0078125 0.0244140625 0.013671875
1 0.01025390625 0.01220703125 0.0185546875 0.0224609375
1 0.36376953125 0.00390625 0.0263671875 0.005859375
0 0.142578125 0.32373046875 0.0234375 0.0419921875
0 0.318359375 0.31591796875 0.03515625 0.0185546875
1 0.18896484375 0.4443359375 0.0517578125 0.166015625
1 0.39453125 0.0068359375 0.025390625 0.01171875
1 0.14892578125 0.43115234375 0.0654296875 0.1728515625
1 0.1220703125 0.447265625 0.064453125 0.173828125
1 0.4208984375 0.37939453125 0.162109375 0.0283203125
1 0.45263671875 0.21142578125 0.0498046875 0.1611328125
1 0.814453125 0.14111328125 0.09375 0.1748046875
