0 0.86474609375 0.89208984375 0.0419921875 0.0458984375
0 0.955078125 0.23193359375 0.03515625 0.0380859375
0 0.8125 0.08349609375 0.03125 0.0400390625
0 0.7861328125 0.0263671875 0.03515625 0.04296875
0 0.83642578125 0.5234375 0.0576171875 0.0546875
0 0.68505859375 0.91064453125 0.0302734375 0.0322265625
0 0.83642578125 0.8583984375 0.0361328125 0.037109375
0 0.654296875 0.8251953125 0.0390625 0.041015625
0 0.8935546875 0.91455078125 0.04296875 0.0439453125
0 0.85107421875 0.8740234375 0.0380859375 0.0390625
0 0.51806640625 0.11767578125 0.0498046875 0.0498046875
0 0.669921875 0.8984375 0.037109375 0.0390625
0 0.6298828125 0.8564453125 0.0390625 0.0390625
0 0.64501953125 0.87255859375 0.0361328125 0.0380859375
0 0.728515625 0.8955078125 0.041015625 0.04296875
0 0.71337890625 0.88037109375 0.0400390625 0.0419921875
0 0.67041015625 0.84375 0.0400390625 0.0390625
0 0.8095703125 0.8359375 0.03515625 0.037109375
0 0.736328125 0.76953125 0.033203125 0.03515625
0 0.72265625 0.75830078125 0.037109375 0.0400390625
0 0.7490234375 0.78466796875 0.0390625 0.0419921875
0 0.98779296875 0.26318359375 0.0244140625 0.0341796875
0 0.92431640625 0.931640625 0.0283203125 0.01953125
0 0.50927734375 0.1484375 0.0458984375 0.044921875
0 0.3984375 0.05126953125 0.041015625 0.0380859375
0 0.97265625 0.2421875 0.037109375 0.0390625
0 0.8408203125 0.1259765625 0.0390625 0.05078125
