5 0.07373046875 0.435546875 0.0166015625 0.099609375
5 0.1591796875 0.4306640625 0.009765625 0.10546875
5 0.2470703125 0.40576171875 0.021484375 0.1025390625
5 0.21826171875 0.4140625 0.0166015625 0.046875
5 0.32568359375 0.36474609375 0.0166015625 0.0693359375
5 0.3876953125 0.322265625 0.015625 0.0625
5 0.45458984375 0.30029296875 0.0185546875 0.0751953125
5 0.52490234375 0.29443359375 0.0107421875 0.0419921875
5 0.62841796875 0.31298828125 0.0146484375 0.0693359375
5 0.70068359375 0.31640625 0.0107421875 0.0625
5 0.75048828125 0.33837890625 0.0146484375 0.1044921875
5 0.826171875 0.34423828125 0.02734375 0.1025390625
