6 0.86767578125 0.50048828125 0.2646484375 0.9990234375
7 0.91748046875 0.41796875 0.1650390625 0.833984375
8 0.7724609375 0.92919921875 0.09765625 0.1416015625
8 0.6171875 0.9287109375 0.099609375 0.142578125
8 0.46142578125 0.92724609375 0.0966796875 0.1455078125
8 0.6201171875 0.64404296875 0.095703125 0.2041015625
8 0.4638671875 0.64208984375 0.09765625 0.2041015625
0 0.0615234375 0.35009765625 0.046875 0.0205078125
0 0.0693359375 0.69921875 0.01953125 0.041015625
8 0.46826171875 0.3291015625 0.0966796875 0.203125
