0 0.6005859375 0.26953125 0.01953125 0.041015625
0 0.814453125 0.3095703125 0.03125 0.044921875
0 0.74560546875 0.28955078125 0.0283203125 0.0439453125
0 0.77001953125 0.2978515625 0.0341796875 0.048828125
0 0.67041015625 0.26806640625 0.0205078125 0.0458984375
0 0.64501953125 0.2666015625 0.0185546875 0.037109375
0 0.62109375 0.271484375 0.01953125 0.044921875
0 0.54931640625 0.263671875 0.0205078125 0.0390625
0 0.60009765625 0.22412109375 0.0185546875 0.0400390625
0 0.57666015625 0.22119140625 0.0224609375 0.0458984375
0 0.8251953125 0.1201171875 0.01953125 0.037109375
0 0.79833984375 0.11669921875 0.0185546875 0.0439453125
0 0.77685546875 0.12109375 0.0205078125 0.04296875
0 0.7548828125 0.1171875 0.01953125 0.044921875
0 0.8408203125 0.236328125 0.021484375 0.048828125
0 0.7939453125 0.23681640625 0.01953125 0.0361328125
0 0.72265625 0.23095703125 0.01953125 0.0400390625
0 0.8583984375 0.32861328125 0.03125 0.0478515625
0 0.98193359375 0.23095703125 0.0361328125 0.0205078125
0 0.9794921875 0.25634765625 0.041015625 0.0205078125
0 0.98046875 0.279296875 0.0390625 0.017578125
0 0.86474609375 0.236328125 0.0205078125 0.0546875
0 0.841796875 0.44482421875 0.033203125 0.0478515625
0 0.818359375 0.4384765625 0.033203125 0.044921875
0 0.79541015625 0.42822265625 0.0380859375 0.0478515625
0 0.7548828125 0.41064453125 0.03125 0.0478515625
0 0.74951171875 0.23095703125 0.0185546875 0.0400390625
0 0.62255859375 0.2255859375 0.0185546875 0.04296875
0 0.6474609375 0.220703125 0.021484375 0.044921875
0 0.552734375 0.2216796875 0.01953125 0.0390625
0 0.57568359375 0.26416015625 0.0205078125 0.0400390625
0 0.72900390625 0.11767578125 0.0185546875 0.0419921875
0 0.7705078125 0.2314453125 0.01953125 0.041015625
10 0.69482421875 0.66943359375 0.5888671875 0.6025390625
0 0.865234375 0.07958984375 0.041015625 0.0126953125
0 0.98486328125 0.0849609375 0.0302734375 0.013671875
0 0.6728515625 0.22412109375 0.017578125 0.0380859375
0 0.8154296875 0.2333984375 0.01953125 0.04296875
0 0.9814453125 0.1044921875 0.037109375 0.021484375
0 0.98486328125 0.1298828125 0.0302734375 0.01953125
0 0.79443359375 0.302734375 0.0283203125 0.04296875
0 0.8857421875 0.46142578125 0.029296875 0.0400390625
0 0.8671875 0.447265625 0.03125 0.041015625
0 0.7734375 0.4169921875 0.033203125 0.046875
0 0.73291015625 0.4033203125 0.0302734375 0.041015625
0 0.7099609375 0.3935546875 0.029296875 0.0390625
0 0.6884765625 0.384765625 0.029296875 0.0390625
0 0.84033203125 0.31982421875 0.0341796875 0.0478515625
