5 0.07080078125 0.53759765625 0.0185546875 0.0869140625
5 0.18212890625 0.509765625 0.0107421875 0.05078125
5 0.2216796875 0.48876953125 0.009765625 0.0791015625
5 0.466796875 0.44482421875 0.017578125 0.0615234375
5 0.38525390625 0.431640625 0.0146484375 0.05859375
5 0.591796875 0.40673828125 0.009765625 0.0537109375
5 0.72607421875 0.42578125 0.0087890625 0.08203125
5 0.78369140625 0.42578125 0.0107421875 0.080078125
5 0.87841796875 0.435546875 0.0166015625 0.099609375
5 0.9638671875 0.4306640625 0.009765625 0.10546875
