0 0.43115234375 0.97900390625 0.0400390625 0.0400390625
0 0.5166015625 0.986328125 0.03125 0.02734375
0 0.47412109375 0.96435546875 0.0419921875 0.0439453125
0 0.41650390625 0.6962890625 0.0322265625 0.03515625
0 0.6416015625 0.9033203125 0.0390625 0.0390625
0 0.62451171875 0.884765625 0.0380859375 0.0390625
0 0.5654296875 0.8955078125 0.046875 0.048828125
0 0.53076171875 0.79736328125 0.0478515625 0.0458984375
0 0.47998046875 0.755859375 0.0419921875 0.04296875
0 0.46533203125 0.73876953125 0.0439453125 0.0458984375
0 0.69091796875 0.9921875 0.0283203125 0.015625
0 0.66943359375 0.986328125 0.0341796875 0.02734375
0 0.6494140625 0.7392578125 0.0390625 0.03125
0 0.638671875 0.7216796875 0.048828125 0.041015625
0 0.61767578125 0.7060546875 0.0380859375 0.033203125
0 0.6015625 0.68896484375 0.04296875 0.0341796875
0 0.166015625 0.91650390625 0.03515625 0.0400390625
0 0.2236328125 0.91455078125 0.0390625 0.0439453125
0 0.427734375 0.9169921875 0.060546875 0.06640625
0 0.443359375 0.93798828125 0.037109375 0.0400390625
0 0.1220703125 0.99169921875 0.025390625 0.0166015625
0 0.43896484375 0.705078125 0.0439453125 0.05078125
0 0.3994140625 0.68017578125 0.037109375 0.0419921875
1 0.78466796875 0.544921875 0.1181640625 0.076171875
1 0.66748046875 0.3310546875 0.0595703125 0.06640625
1 0.6474609375 0.2783203125 0.08203125 0.099609375
1 0.53857421875 0.0810546875 0.0830078125 0.109375
0 0.12744140625 0.685546875 0.0400390625 0.04296875
2 0.89306640625 0.21435546875 0.2138671875 0.3564453125
0 0.1103515625 0.67578125 0.041015625 0.041015625
0 0.2265625 0.72998046875 0.0390625 0.0419921875
0 0.2001953125 0.69873046875 0.041015625 0.0439453125
0 0.18310546875 0.6865234375 0.0361328125 0.041015625
0 0.09423828125 0.66162109375 0.0380859375 0.0400390625
0 0.125 0.63037109375 0.0390625 0.0400390625
0 0.10791015625 0.61865234375 0.0361328125 0.0361328125
0 0.0927734375 0.6005859375 0.03515625 0.0390625
0 0.08251953125 0.77734375 0.0283203125 0.044921875
0 0.083984375 0.5849609375 0.01953125 0.03125
0 0.09716796875 0.25 0.0283203125 0.03515625
0 0.10107421875 0.22607421875 0.0341796875 0.0439453125
0 0.115234375 0.21533203125 0.041015625 0.0400390625
0 0.15478515625 0.1650390625 0.0419921875 0.04296875
0 0.18798828125 0.1376953125 0.0419921875 0.0390625
0 0.2021484375 0.123046875 0.0390625 0.037109375
1 0.78369140625 0.54541015625 0.1240234375 0.0810546875
0 0.70068359375 0.396484375 0.0517578125 0.0390625
1 0.64599609375 0.27734375 0.0849609375 0.099609375
1 0.5380859375 0.08154296875 0.083984375 0.1103515625
