0 0.25 0.96044921875 0.0390625 0.0166015625
0 0.03369140625 0.99169921875 0.0322265625 0.0166015625
0 0.17236328125 0.83251953125 0.0302734375 0.0361328125
0 0.0126953125 0.4267578125 0.0234375 0.02734375
0 0.00634765625 0.41064453125 0.0107421875 0.0166015625
0 0.02880859375 0.39501953125 0.0361328125 0.0283203125
0 0.0166015625 0.44091796875 0.03125 0.0263671875
0 0.02685546875 0.4541015625 0.0322265625 0.025390625
0 0.00634765625 0.55322265625 0.0107421875 0.0166015625
0 0.0166015625 0.58447265625 0.029296875 0.0283203125
0 0.00927734375 0.5703125 0.0166015625 0.0234375
0 0.02685546875 0.5341796875 0.0361328125 0.03125
0 0.01318359375 0.31689453125 0.0244140625 0.0224609375
0 0.009765625 0.357421875 0.017578125 0.01953125
0 0.02001953125 0.33154296875 0.0302734375 0.0244140625
0 0.03466796875 0.3408203125 0.0302734375 0.02734375
