1 0.8173828125 0.61474609375 0.068359375 0.0380859375
1 0.84521484375 0.5966796875 0.0712890625 0.037109375
1 0.87109375 0.58203125 0.068359375 0.037109375
1 0.900390625 0.56591796875 0.056640625 0.0322265625
1 0.9208984375 0.55029296875 0.0703125 0.0341796875
1 0.95166015625 0.53271484375 0.0693359375 0.0361328125
1 0.9716796875 0.5146484375 0.056640625 0.03125
1 0.98681640625 0.494140625 0.0263671875 0.025390625
1 0.99853515625 0.47509765625 0.0029296875 0.0166015625
1 0.76904296875 0.623046875 0.0771484375 0.04296875
