1 0.9560546875 0.572265625 0.056640625 0.08203125
1 0.92919921875 0.57373046875 0.0576171875 0.0791015625
1 0.90234375 0.576171875 0.05859375 0.080078125
1 0.88427734375 0.59619140625 0.0576171875 0.0791015625
1 0.904296875 0.67919921875 0.056640625 0.0771484375
1 0.02392578125 0.61767578125 0.0458984375 0.0322265625
1 0.04052734375 0.5966796875 0.0712890625 0.037109375
1 0.06640625 0.58203125 0.068359375 0.037109375
1 0.095703125 0.56591796875 0.056640625 0.0322265625
1 0.1162109375 0.55029296875 0.0703125 0.0341796875
1 0.14697265625 0.53271484375 0.0693359375 0.0361328125
1 0.17431640625 0.5166015625 0.0712890625 0.03515625
1 0.201171875 0.498046875 0.064453125 0.033203125
1 0.22900390625 0.48291015625 0.0732421875 0.0322265625
1 0.25244140625 0.4638671875 0.0732421875 0.03125
1 0.61962890625 0.7568359375 0.0517578125 0.068359375
1 0.63916015625 0.7431640625 0.0498046875 0.06640625
1 0.66796875 0.744140625 0.056640625 0.078125
1 0.705078125 0.70361328125 0.052734375 0.0751953125
1 0.7265625 0.68408203125 0.0546875 0.0751953125
1 0.7509765625 0.6796875 0.056640625 0.07421875
1 0.7705078125 0.6591796875 0.056640625 0.076171875
1 0.79638671875 0.65234375 0.0556640625 0.076171875
1 0.85986328125 0.705078125 0.0576171875 0.08203125
