0 0.37353515625 0.20947265625 0.0205078125 0.0166015625
0 0.3505859375 0.15576171875 0.0390625 0.0166015625
0 0.017578125 0.00927734375 0.033203125 0.0166015625
0 0.0869140625 0.11572265625 0.037109375 0.0322265625
0 0.13427734375 0.19287109375 0.0322265625 0.0283203125
0 0.27294921875 0.02783203125 0.0302734375 0.0361328125
0 0.49755859375 0.54345703125 0.0361328125 0.0302734375
0 0.52587890625 0.58837890625 0.0322265625 0.0244140625
0 0.53759765625 0.60400390625 0.0361328125 0.0263671875
0 0.54345703125 0.6220703125 0.0341796875 0.02734375
0 0.5595703125 0.634765625 0.033203125 0.02734375
0 0.56689453125 0.64990234375 0.0380859375 0.0302734375
0 0.5751953125 0.6689453125 0.037109375 0.029296875
0 0.57080078125 0.498046875 0.0341796875 0.02734375
0 0.5830078125 0.5126953125 0.03515625 0.02734375
0 0.599609375 0.5439453125 0.03515625 0.029296875
0 0.60498046875 0.56298828125 0.0263671875 0.0244140625
