1 0.0390625 0.4453125 0.076171875 0.02734375
1 0.0400390625 0.41748046875 0.078125 0.0283203125
1 0.31396484375 0.421875 0.0927734375 0.02734375
1 0.34423828125 0.45458984375 0.1435546875 0.0263671875
1 0.46337890625 0.484375 0.1494140625 0.02734375
1 0.3251953125 0.48193359375 0.091796875 0.0341796875
1 0.3232421875 0.5078125 0.09765625 0.02734375
1 0.34326171875 0.54931640625 0.1416015625 0.0244140625
1 0.34716796875 0.58056640625 0.1416015625 0.0263671875
1 0.35400390625 0.6103515625 0.1494140625 0.025390625
1 0.35693359375 0.642578125 0.1513671875 0.0234375
1 0.361328125 0.67041015625 0.158203125 0.0263671875
1 0.365234375 0.69921875 0.162109375 0.03125
1 0.357421875 0.7265625 0.150390625 0.02734375
1 0.3369140625 0.75390625 0.16015625 0.03125
1 0.48583984375 0.7841796875 0.1416015625 0.029296875
1 0.060546875 0.58203125 0.119140625 0.025390625
1 0.0546875 0.6083984375 0.052734375 0.021484375
1 0.025390625 0.6298828125 0.048828125 0.0234375
1 0.02685546875 0.65966796875 0.0517578125 0.0224609375
1 0.0234375 0.4951171875 0.044921875 0.0234375
1 0.060546875 0.54638671875 0.119140625 0.0302734375
1 0.78662109375 0.79638671875 0.1533203125 0.0341796875
1 0.78515625 0.767578125 0.140625 0.025390625
1 0.79931640625 0.7412109375 0.1103515625 0.025390625
1 0.79248046875 0.55126953125 0.1240234375 0.0283203125
1 0.67138671875 0.4033203125 0.0263671875 0.04296875
1 0.6455078125 0.39990234375 0.0234375 0.0458984375
1 0.599609375 0.41162109375 0.02734375 0.0439453125
1 0.02490234375 0.76806640625 0.0478515625 0.0302734375
1 0.00732421875 0.74072265625 0.0126953125 0.0224609375
1 0.287109375 0.39599609375 0.107421875 0.0263671875
