0 0.35693359375 0.998046875 0.0341796875 0.00390625
0 0.3779296875 0.97998046875 0.037109375 0.0146484375
0 0.45458984375 0.89013671875 0.0361328125 0.0146484375
0 0.4599609375 0.830078125 0.048828125 0.01953125
0 0.08154296875 0.58154296875 0.0166015625 0.0322265625
0 0.10009765625 0.583984375 0.0185546875 0.03515625
0 0.15625 0.99853515625 0.013671875 0.0029296875
0 0.1357421875 0.9990234375 0.017578125 0.001953125
0 0.13671875 0.96484375 0.01953125 0.037109375
0 0.224609375 0.875 0.017578125 0.033203125
0 0.14208984375 0.86474609375 0.0166015625 0.0302734375
0 0.10302734375 0.86328125 0.0224609375 0.0390625
0 0.06640625 0.86181640625 0.017578125 0.0419921875
0 0.0927734375 0.70068359375 0.017578125 0.0400390625
0 0.4267578125 0.56298828125 0.04296875 0.0166015625
1 0.45068359375 0.74365234375 0.0986328125 0.0302734375
1 0.44921875 0.7734375 0.10546875 0.033203125
1 0.35693359375 0.744140625 0.0771484375 0.03125
1 0.90966796875 0.97314453125 0.1806640625 0.0341796875
1 0.91064453125 0.939453125 0.1787109375 0.03515625
1 0.96240234375 0.73486328125 0.0751953125 0.0263671875
1 0.95703125 0.7041015625 0.0859375 0.03125
1 0.98681640625 0.44482421875 0.0263671875 0.1572265625
1 0.96240234375 0.4423828125 0.0400390625 0.162109375
1 0.9326171875 0.4345703125 0.0390625 0.173828125
1 0.87548828125 0.4111328125 0.0478515625 0.12109375
1 0.759765625 0.4365234375 0.04296875 0.1640625
1 0.73193359375 0.43115234375 0.0478515625 0.1943359375
1 0.69970703125 0.42138671875 0.0400390625 0.1865234375
1 0.6689453125 0.43017578125 0.04296875 0.1669921875
1 0.63818359375 0.4296875 0.0419921875 0.166015625
1 0.41455078125 0.62353515625 0.1748046875 0.0263671875
1 0.40380859375 0.65380859375 0.1982421875 0.0380859375
1 0.71484375 0.81201171875 0.126953125 0.0283203125
1 0.74169921875 0.7578125 0.1669921875 0.029296875
1 0.7470703125 0.7900390625 0.15625 0.0234375
1 0.7373046875 0.69873046875 0.169921875 0.0283203125
1 0.86474609375 0.70068359375 0.0810546875 0.0244140625
1 0.73681640625 0.7275390625 0.0654296875 0.029296875
1 0.67724609375 0.72509765625 0.0576171875 0.0283203125
1 0.58203125 0.41650390625 0.046875 0.1728515625
