0 0.66943359375 0.9462890625 0.0185546875 0.0234375
0 0.62841796875 0.88427734375 0.0146484375 0.0205078125
8 0.2802734375 0.111328125 0.041015625 0.087890625
8 0.3427734375 0.11083984375 0.0390625 0.0869140625
8 0.40380859375 0.11279296875 0.0400390625 0.0849609375
8 0.46337890625 0.11279296875 0.0400390625 0.0888671875
8 0.52587890625 0.11181640625 0.0400390625 0.0849609375
8 0.58447265625 0.11181640625 0.0439453125 0.0869140625
8 0.646484375 0.11328125 0.037109375 0.083984375
8 0.353515625 0.25341796875 0.04296875 0.0908203125
8 0.41455078125 0.25537109375 0.0400390625 0.0849609375
8 0.4755859375 0.25439453125 0.0390625 0.0888671875
7 0.8828125 0.203125 0.234375 0.404296875
7 0.77587890625 0.40185546875 0.4306640625 0.4423828125
