0 0.06640625 0.169921875 0.02734375 0.029296875
0 0.51025390625 0.53271484375 0.0283203125 0.0126953125
0 0.41259765625 0.54345703125 0.0322265625 0.0166015625
0 0.75537109375 0.09423828125 0.0146484375 0.0302734375
0 0.14794921875 0.8193359375 0.0302734375 0.03125
0 0.08740234375 0.7197265625 0.0302734375 0.03125
0 0.30078125 0.59130859375 0.03125 0.0322265625
0 0.2421875 0.2451171875 0.015625 0.03125
0 0.01171875 0.24560546875 0.021484375 0.0322265625
1 0.5595703125 0.54931640625 0.10546875 0.0380859375
0 0.6962890625 0.50390625 0.03515625 0.033203125
0 0.7939453125 0.82275390625 0.033203125 0.0341796875
0 0.79736328125 0.78857421875 0.0341796875 0.0166015625
0 0.79296875 0.2666015625 0.015625 0.03515625
0 0.78173828125 0.31591796875 0.0205078125 0.0263671875
0 0.7724609375 0.38037109375 0.025390625 0.0341796875
0 0.85498046875 0.78515625 0.0185546875 0.02734375
0 0.83935546875 0.71142578125 0.0185546875 0.0322265625
0 0.8671875 0.72412109375 0.017578125 0.0341796875
0 0.89013671875 0.73388671875 0.0146484375 0.0341796875
0 0.90966796875 0.74462890625 0.0205078125 0.0302734375
0 0.94140625 0.7021484375 0.017578125 0.03125
0 0.923828125 0.69287109375 0.01953125 0.0322265625
0 0.90234375 0.67724609375 0.017578125 0.0341796875
0 0.8818359375 0.66015625 0.017578125 0.03515625
0 0.86328125 0.64404296875 0.015625 0.0322265625
0 0.84130859375 0.62841796875 0.0146484375 0.0322265625
0 0.82080078125 0.61474609375 0.0166015625 0.0380859375
0 0.79248046875 0.6240234375 0.0302734375 0.029296875
0 0.791015625 0.65380859375 0.03515625 0.0244140625
0 0.7958984375 0.67626953125 0.037109375 0.0205078125
0 0.79541015625 0.69921875 0.0380859375 0.017578125
0 0.79296875 0.7236328125 0.03515625 0.015625
0 0.79736328125 0.7421875 0.0361328125 0.017578125
0 0.79541015625 0.76513671875 0.0380859375 0.0146484375
11 0.51123046875 0.33154296875 0.7646484375 0.6611328125
