9 0.97705078125 0.517578125 0.0458984375 0.02734375
9 0.88330078125 0.48046875 0.0517578125 0.03125
9 0.6533203125 0.521484375 0.033203125 0.033203125
9 0.65185546875 0.48486328125 0.0419921875 0.0283203125
9 0.609375 0.48583984375 0.03515625 0.0341796875
9 0.92626953125 0.76904296875 0.0458984375 0.0458984375
9 0.9921875 0.76904296875 0.015625 0.0283203125
9 0.9677734375 0.810546875 0.037109375 0.02734375
9 0.8955078125 0.8076171875 0.04296875 0.029296875
9 0.20166015625 0.22998046875 0.0224609375 0.0498046875
9 0.13916015625 0.62255859375 0.0419921875 0.0244140625
9 0.3916015625 0.8740234375 0.033203125 0.060546875
9 0.4384765625 0.84521484375 0.041015625 0.0576171875
9 0.39013671875 0.802734375 0.0400390625 0.041015625
9 0.43408203125 0.63818359375 0.0185546875 0.0400390625
9 0.40234375 0.6494140625 0.0234375 0.041015625
9 0.40234375 0.5634765625 0.02734375 0.046875
9 0.55126953125 0.53076171875 0.0322265625 0.0556640625
9 0.5126953125 0.52099609375 0.044921875 0.0244140625
9 0.568359375 0.78125 0.048828125 0.03125
9 0.58056640625 0.810546875 0.0478515625 0.03125
9 0.45458984375 0.2119140625 0.0283203125 0.021484375
9 0.41748046875 0.18212890625 0.0517578125 0.0595703125
9 0.4736328125 0.14794921875 0.048828125 0.0478515625
9 0.42138671875 0.0166015625 0.0458984375 0.03125
9 0.41015625 0.28759765625 0.041015625 0.0556640625
9 0.64404296875 0.21533203125 0.0478515625 0.0263671875
9 0.71826171875 0.21923828125 0.0576171875 0.0400390625
9 0.703125 0.18212890625 0.044921875 0.0283203125
9 0.93603515625 0.2138671875 0.0361328125 0.02734375
9 0.880859375 0.1806640625 0.046875 0.029296875
9 0.857421875 0.2138671875 0.044921875 0.03125
9 0.771484375 0.21337890625 0.03515625 0.0244140625
9 0.787109375 0.18359375 0.0390625 0.02734375
