1 0.52734375 0.09423828125 0.078125 0.0849609375
1 0.607421875 0.099609375 0.078125 0.080078125
1 0.12744140625 0.15478515625 0.0869140625 0.0810546875
1 0.2373046875 0.16162109375 0.083984375 0.0732421875
1 0.27490234375 0.16357421875 0.0791015625 0.0732421875
1 0.31396484375 0.1650390625 0.0830078125 0.072265625
1 0.3515625 0.16943359375 0.0859375 0.0732421875
1 0.39208984375 0.1689453125 0.0810546875 0.07421875
1 0.42578125 0.171875 0.080078125 0.0703125
1 0.4658203125 0.171875 0.080078125 0.07421875
1 0.50439453125 0.1728515625 0.0791015625 0.072265625
1 0.54296875 0.17529296875 0.083984375 0.0751953125
1 0.58154296875 0.1787109375 0.0810546875 0.07421875
1 0.62158203125 0.181640625 0.0810546875 0.07421875
1 0.103515625 0.3203125 0.080078125 0.08984375
1 0.13916015625 0.31201171875 0.0791015625 0.0830078125
1 0.21142578125 0.31787109375 0.0751953125 0.0830078125
1 0.24365234375 0.3154296875 0.0771484375 0.080078125
1 0.5654296875 0.0927734375 0.08203125 0.083984375
1 0.4892578125 0.0927734375 0.080078125 0.08203125
1 0.4033203125 0.32958984375 0.076171875 0.0791015625
1 0.447265625 0.08984375 0.078125 0.0859375
1 0.11279296875 0.0751953125 0.0791015625 0.083984375
1 0.1533203125 0.08056640625 0.078125 0.0849609375
1 0.18798828125 0.08056640625 0.0771484375 0.0869140625
1 0.22607421875 0.07666015625 0.0771484375 0.0810546875
1 0.30322265625 0.0859375 0.0791015625 0.0859375
1 0.341796875 0.08984375 0.0703125 0.083984375
1 0.380859375 0.091796875 0.072265625 0.08203125
1 0.4140625 0.091796875 0.080078125 0.083984375
1 0.28515625 0.3203125 0.078125 0.080078125
1 0.43701171875 0.32568359375 0.0791015625 0.0869140625
1 0.27978515625 0.56298828125 0.0771484375 0.0771484375
1 0.39404296875 0.56689453125 0.0732421875 0.0830078125
1 0.43359375 0.56787109375 0.078125 0.0810546875
1 0.4716796875 0.57080078125 0.078125 0.0751953125
1 0.5439453125 0.5712890625 0.076171875 0.078125
1 0.10791015625 0.626953125 0.0849609375 0.076171875
1 0.14453125 0.63232421875 0.08203125 0.0732421875
1 0.18115234375 0.63818359375 0.0830078125 0.0751953125
1 0.220703125 0.6416015625 0.07421875 0.07421875
1 0.2578125 0.638671875 0.080078125 0.07421875
1 0.29541015625 0.64111328125 0.0771484375 0.0732421875
1 0.373046875 0.6455078125 0.078125 0.078125
1 0.44970703125 0.64794921875 0.0771484375 0.0751953125
1 0.525390625 0.6494140625 0.078125 0.07421875
1 0.56396484375 0.6484375 0.0771484375 0.072265625
1 0.31494140625 0.56005859375 0.0810546875 0.0810546875
1 0.24365234375 0.5625 0.0771484375 0.0859375
1 0.51904296875 0.33349609375 0.0810546875 0.0810546875
1 0.20458984375 0.55810546875 0.0693359375 0.0810546875
1 0.552734375 0.32958984375 0.078125 0.0810546875
1 0.59716796875 0.33740234375 0.0751953125 0.0810546875
1 0.11181640625 0.39599609375 0.0830078125 0.0732421875
1 0.154296875 0.39501953125 0.078125 0.0732421875
1 0.1904296875 0.39990234375 0.08203125 0.0712890625
1 0.22998046875 0.39892578125 0.0791015625 0.0693359375
1 0.25927734375 0.4033203125 0.0830078125 0.07421875
1 0.30517578125 0.40576171875 0.0791015625 0.0693359375
1 0.34326171875 0.408203125 0.0810546875 0.072265625
1 0.412109375 0.4111328125 0.0859375 0.076171875
1 0.46044921875 0.4111328125 0.0771484375 0.07421875
1 0.48974609375 0.4150390625 0.0849609375 0.08203125
1 0.5673828125 0.41748046875 0.08203125 0.0732421875
1 0.6083984375 0.42041015625 0.08203125 0.0712890625
1 0.08349609375 0.546875 0.0771484375 0.08203125
1 0.12841796875 0.552734375 0.0732421875 0.080078125
1 0.16845703125 0.5556640625 0.0751953125 0.08203125
