9 0.00341796875 0.787109375 0.0048828125 0.046875
9 0.01025390625 0.6337890625 0.0185546875 0.0546875
9 0.01708984375 0.44140625 0.0322265625 0.029296875
9 0.07421875 0.4091796875 0.037109375 0.02734375
9 0.2255859375 0.41845703125 0.046875 0.0244140625
9 0.8974609375 0.77197265625 0.03515625 0.0654296875
9 0.15771484375 0.13037109375 0.0419921875 0.0263671875
9 0.2255859375 0.13330078125 0.048828125 0.0302734375
9 0.36328125 0.13916015625 0.0546875 0.0322265625
9 0.4423828125 0.16748046875 0.064453125 0.0341796875
9 0.63916015625 0.2783203125 0.0458984375 0.048828125
9 0.6962890625 0.1484375 0.05078125 0.05078125
9 0.62744140625 0.1181640625 0.0556640625 0.048828125
9 0.765625 0.0927734375 0.041015625 0.05078125
9 0.71728515625 0.369140625 0.0380859375 0.046875
9 0.802734375 0.4677734375 0.05859375 0.060546875
9 0.84521484375 0.54443359375 0.0517578125 0.0693359375
9 0.88916015625 0.681640625 0.0341796875 0.05078125
9 0.88330078125 0.91552734375 0.0361328125 0.0595703125
9 0.29150390625 0.42138671875 0.0478515625 0.0361328125
9 0.88232421875 0.98193359375 0.0263671875 0.0361328125
9 0.9970703125 0.994140625 0.005859375 0.01171875
9 0.0791015625 0.1298828125 0.05078125 0.02734375
9 0.02099609375 0.12255859375 0.0400390625 0.0283203125
9 0.65234375 0.630859375 0.048828125 0.044921875
9 0.58984375 0.6962890625 0.052734375 0.05078125
9 0.326171875 0.59130859375 0.029296875 0.0458984375
9 0.3134765625 0.65966796875 0.037109375 0.0537109375
9 0.27734375 0.7392578125 0.025390625 0.046875
9 0.27197265625 0.826171875 0.0283203125 0.052734375
9 0.3017578125 0.8232421875 0.0234375 0.048828125
9 0.265625 0.87890625 0.03125 0.046875
9 0.2626953125 0.94921875 0.033203125 0.0546875
9 0.59814453125 0.99365234375 0.0244140625 0.0126953125
9 0.6064453125 0.9375 0.025390625 0.052734375
9 0.57080078125 0.9091796875 0.0322265625 0.041015625
9 0.57763671875 0.8134765625 0.0283203125 0.046875
9 0.61083984375 0.79150390625 0.0283203125 0.0400390625
9 0.61328125 0.7412109375 0.021484375 0.05078125
