9 0.36083984375 0.91064453125 0.0517578125 0.0439453125
9 0.04052734375 0.6201171875 0.0380859375 0.044921875
9 0.02294921875 0.5615234375 0.0439453125 0.03125
9 0.10205078125 0.56689453125 0.0517578125 0.0302734375
9 0.2060546875 0.6083984375 0.05859375 0.03515625
9 0.203125 0.55810546875 0.04296875 0.0380859375
9 0.29931640625 0.57177734375 0.0615234375 0.0419921875
9 0.28173828125 0.9140625 0.0517578125 0.037109375
9 0.1982421875 0.912109375 0.048828125 0.03125
9 0.14990234375 0.94580078125 0.0537109375 0.0458984375
9 0.3955078125 0.5693359375 0.04296875 0.056640625
9 0.01953125 0.9482421875 0.037109375 0.037109375
9 0.11767578125 0.9072265625 0.0517578125 0.037109375
9 0.5390625 0.92578125 0.05078125 0.033203125
9 0.51318359375 0.9658203125 0.0556640625 0.03515625
9 0.62646484375 0.97314453125 0.0673828125 0.0341796875
9 0.65185546875 0.93359375 0.0517578125 0.033203125
9 0.83251953125 0.93701171875 0.0361328125 0.0263671875
9 0.88427734375 0.9833984375 0.0322265625 0.029296875
9 0.92919921875 0.59619140625 0.0361328125 0.0517578125
9 0.85205078125 0.64013671875 0.0458984375 0.0322265625
9 0.8232421875 0.59716796875 0.05859375 0.0400390625
9 0.74853515625 0.6318359375 0.0556640625 0.0390625
9 0.662109375 0.63720703125 0.048828125 0.0341796875
9 0.57177734375 0.6220703125 0.0556640625 0.037109375
9 0.64599609375 0.5947265625 0.0517578125 0.03125
9 0.49072265625 0.6220703125 0.0537109375 0.0390625
9 0.86962890625 0.2587890625 0.0537109375 0.044921875
9 0.05322265625 0.26171875 0.0615234375 0.033203125
9 0.14306640625 0.26611328125 0.0595703125 0.0302734375
9 0.1220703125 0.220703125 0.04296875 0.02734375
9 0.236328125 0.2294921875 0.048828125 0.04296875
9 0.23046875 0.28955078125 0.0546875 0.0400390625
9 0.30078125 0.2734375 0.0546875 0.037109375
9 0.30322265625 0.23828125 0.0556640625 0.03515625
9 0.41748046875 0.2744140625 0.0498046875 0.033203125
9 0.48876953125 0.2822265625 0.0537109375 0.04296875
9 0.52197265625 0.23681640625 0.0517578125 0.0341796875
9 0.66259765625 0.2529296875 0.0615234375 0.04296875
9 0.67822265625 0.29052734375 0.0439453125 0.0341796875
9 0.76904296875 0.2978515625 0.0498046875 0.029296875
9 0.7763671875 0.25439453125 0.05078125 0.0361328125
