1 0.03466796875 0.02490234375 0.0673828125 0.0478515625
1 0.88525390625 0.00732421875 0.0283203125 0.0126953125
1 0.92724609375 0.00732421875 0.0283203125 0.0126953125
1 0.9638671875 0.00732421875 0.03125 0.0126953125
1 0.57666015625 0.03564453125 0.0849609375 0.0693359375
1 0.61328125 0.03759765625 0.08203125 0.0732421875
1 0.64990234375 0.04345703125 0.0830078125 0.0751953125
1 0.689453125 0.046875 0.07421875 0.07421875
1 0.7265625 0.0439453125 0.080078125 0.07421875
1 0.76416015625 0.04638671875 0.0771484375 0.0732421875
1 0.841796875 0.05078125 0.078125 0.078125
1 0.91845703125 0.05322265625 0.0771484375 0.0751953125
1 0.9775390625 0.0634765625 0.044921875 0.056640625
1 0.95166015625 0.72216796875 0.0791015625 0.0810546875
1 0.98974609375 0.70703125 0.0205078125 0.037109375
1 0.02783203125 0.19921875 0.0537109375 0.072265625
1 0.0556640625 0.19873046875 0.07421875 0.0830078125
1 0.091796875 0.19775390625 0.078125 0.0869140625
1 0.130859375 0.19970703125 0.076171875 0.0869140625
1 0.1689453125 0.2021484375 0.078125 0.083984375
1 0.2412109375 0.20068359375 0.076171875 0.0830078125
1 0.01513671875 0.25146484375 0.0283203125 0.0439453125
1 0.0361328125 0.27294921875 0.0703125 0.0712890625
1 0.06640625 0.28173828125 0.08203125 0.0732421875
1 0.17822265625 0.28271484375 0.0791015625 0.0712890625
1 0.2490234375 0.28662109375 0.08203125 0.0732421875
1 0.02734375 0.50390625 0.052734375 0.0625
1 0.08642578125 0.517578125 0.0673828125 0.0625
