9 0.11474609375 0.7001953125 0.0615234375 0.0390625
9 0.0234375 0.69287109375 0.044921875 0.0439453125
9 0.02978515625 0.38671875 0.0498046875 0.048828125
9 0.2265625 0.3916015625 0.0625 0.037109375
9 0.224609375 0.3486328125 0.048828125 0.033203125
9 0.14599609375 0.3515625 0.0576171875 0.03125
9 0.04736328125 0.3408203125 0.0419921875 0.02734375
9 0.03759765625 0.73291015625 0.0419921875 0.0361328125
9 0.9560546875 0.73828125 0.037109375 0.029296875
9 0.93115234375 0.39404296875 0.0595703125 0.0302734375
9 0.3125 0.35888671875 0.060546875 0.0458984375
9 0.3955078125 0.35791015625 0.056640625 0.0419921875
9 0.43212890625 0.4052734375 0.0556640625 0.041015625
9 0.5185546875 0.412109375 0.052734375 0.044921875
9 0.677734375 0.4169921875 0.05859375 0.037109375
9 0.61279296875 0.36328125 0.0224609375 0.0625
9 0.77392578125 0.767578125 0.0517578125 0.03125
9 0.73291015625 0.7001953125 0.0224609375 0.05859375
9 0.6884765625 0.72314453125 0.05859375 0.0439453125
9 0.6640625 0.763671875 0.05078125 0.044921875
9 0.58544921875 0.71923828125 0.0556640625 0.0380859375
9 0.56298828125 0.755859375 0.0439453125 0.03515625
9 0.4775390625 0.71142578125 0.0625 0.0341796875
9 0.412109375 0.74951171875 0.0546875 0.0302734375
9 0.39013671875 0.7109375 0.0654296875 0.03125
9 0.2900390625 0.74951171875 0.05859375 0.0439453125
9 0.31689453125 0.71044921875 0.0478515625 0.0263671875
9 0.1015625 0.73974609375 0.044921875 0.0458984375
9 0.96240234375 0.43310546875 0.0498046875 0.0224609375
