9 0.02392578125 0.30859375 0.0458984375 0.03125
9 0.078125 0.27392578125 0.041015625 0.0322265625
9 0.42822265625 0.86865234375 0.0498046875 0.0419921875
9 0.33984375 0.861328125 0.052734375 0.03125
9 0.2392578125 0.87158203125 0.037109375 0.0361328125
9 0.15478515625 0.85595703125 0.0400390625 0.0458984375
9 0.06103515625 0.8466796875 0.0576171875 0.033203125
9 0.0693359375 0.58984375 0.046875 0.03515625
9 0.6005859375 0.8798828125 0.060546875 0.02734375
9 0.8876953125 0.8857421875 0.064453125 0.03515625
9 0.77294921875 0.26513671875 0.0322265625 0.0458984375
9 0.732421875 0.23681640625 0.01953125 0.0537109375
9 0.33056640625 0.26025390625 0.0478515625 0.0556640625
9 0.404296875 0.208984375 0.056640625 0.04296875
9 0.52099609375 0.2314453125 0.0244140625 0.048828125
9 0.49853515625 0.15625 0.0439453125 0.060546875
9 0.419921875 0.119140625 0.052734375 0.0390625
9 0.34326171875 0.033203125 0.0224609375 0.05859375
9 0.96923828125 0.18994140625 0.0576171875 0.0322265625
9 0.63720703125 0.21337890625 0.0458984375 0.0302734375
9 0.98974609375 0.24169921875 0.0205078125 0.0439453125
9 0.9921875 0.6494140625 0.015625 0.029296875
9 0.93994140625 0.5693359375 0.0498046875 0.0390625
9 0.365234375 0.482421875 0.025390625 0.05859375
9 0.94482421875 0.64404296875 0.0400390625 0.0283203125
9 0.5966796875 0.63525390625 0.0546875 0.0361328125
9 0.388671875 0.6474609375 0.05078125 0.037109375
9 0.3310546875 0.3671875 0.0390625 0.048828125
9 0.31640625 0.55224609375 0.029296875 0.0283203125
9 0.4384765625 0.57177734375 0.044921875 0.0478515625
9 0.49609375 0.6376953125 0.025390625 0.0390625
9 0.68115234375 0.55712890625 0.0458984375 0.0283203125
9 0.69384765625 0.64453125 0.0439453125 0.041015625
9 0.775390625 0.55908203125 0.046875 0.0322265625
9 0.9921875 0.5771484375 0.015625 0.03125
