9 0.0810546875 0.8798828125 0.060546875 0.02734375
9 0.3681640625 0.8857421875 0.064453125 0.03515625
9 0.59326171875 0.9453125 0.0478515625 0.052734375
9 0.25341796875 0.26513671875 0.0322265625 0.0458984375
9 0.212890625 0.23681640625 0.01953125 0.0537109375
9 0.00732421875 0.2333984375 0.0126953125 0.044921875
9 0.44970703125 0.18994140625 0.0576171875 0.0322265625
9 0.11767578125 0.21337890625 0.0458984375 0.0302734375
9 0.47119140625 0.24169921875 0.0224609375 0.0439453125
9 0.48876953125 0.6494140625 0.0478515625 0.029296875
9 0.42041015625 0.5693359375 0.0498046875 0.0390625
9 0.568359375 0.67041015625 0.046875 0.0693359375
9 0.42529296875 0.64404296875 0.0400390625 0.0283203125
9 0.0771484375 0.63525390625 0.0546875 0.0361328125
9 0.55078125 0.19482421875 0.044921875 0.0439453125
9 0.8642578125 0.01806640625 0.044921875 0.0341796875
9 0.611328125 0.166015625 0.03515625 0.041015625
9 0.16162109375 0.55712890625 0.0458984375 0.0283203125
9 0.17431640625 0.64453125 0.0439453125 0.041015625
9 0.255859375 0.55908203125 0.046875 0.0322265625
9 0.5673828125 0.59814453125 0.041015625 0.0556640625
9 0.49462890625 0.5771484375 0.0595703125 0.03125
