9 0.759765625 0.06591796875 0.03125 0.0205078125
9 0.69775390625 0.3916015625 0.0478515625 0.02734375
9 0.7021484375 0.35791015625 0.05078125 0.0341796875
9 0.78369140625 0.38818359375 0.0380859375 0.0302734375
9 0.791015625 0.27783203125 0.033203125 0.0517578125
9 0.48193359375 0.26953125 0.0341796875 0.064453125
9 0.443359375 0.29345703125 0.0234375 0.0439453125
9 0.4501953125 0.2275390625 0.025390625 0.041015625
9 0.45068359375 0.17333984375 0.0263671875 0.0478515625
9 0.4453125 0.1162109375 0.02734375 0.025390625
9 0.4833984375 0.158203125 0.021484375 0.044921875
9 0.48779296875 0.07275390625 0.0244140625 0.0439453125
9 0.79931640625 0.0791015625 0.0263671875 0.048828125
9 0.79736328125 0.01806640625 0.0244140625 0.0341796875
9 0.50341796875 0.3837890625 0.0458984375 0.033203125
9 0.76513671875 0.0166015625 0.0244140625 0.03125
9 0.6513671875 0.39111328125 0.02734375 0.0361328125
9 0.443359375 0.43310546875 0.025390625 0.0556640625
9 0.37109375 0.6513671875 0.0546875 0.03125
9 0.166015625 0.0634765625 0.02734375 0.04296875
9 0.15576171875 0.32568359375 0.0263671875 0.0556640625
9 0.15185546875 0.4013671875 0.0205078125 0.04296875
9 0.142578125 0.609375 0.033203125 0.052734375
9 0.142578125 0.67138671875 0.04296875 0.0498046875
9 0.1279296875 0.74853515625 0.029296875 0.0537109375
9 0.43896484375 0.65380859375 0.0517578125 0.0205078125
9 0.51318359375 0.658203125 0.0439453125 0.025390625
9 0.56689453125 0.65673828125 0.0498046875 0.0283203125
9 0.63427734375 0.66455078125 0.0439453125 0.0322265625
9 0.552734375 0.69287109375 0.03125 0.0302734375
9 0.7080078125 0.6953125 0.04296875 0.029296875
9 0.8564453125 0.70361328125 0.052734375 0.0341796875
9 0.908203125 0.708984375 0.037109375 0.025390625
9 0.85693359375 0.67041015625 0.0302734375 0.0283203125
9 0.9833984375 0.71484375 0.033203125 0.041015625
9 0.9951171875 0.36962890625 0.009765625 0.0302734375
9 0.91015625 0.396484375 0.04296875 0.025390625
