1 0.52734375 0.89892578125 0.078125 0.0849609375
1 0.607421875 0.904296875 0.078125 0.080078125
1 0.12744140625 0.95947265625 0.0869140625 0.0810546875
1 0.2373046875 0.96484375 0.083984375 0.0703125
1 0.27685546875 0.9658203125 0.0751953125 0.068359375
1 0.3154296875 0.966796875 0.080078125 0.06640625
1 0.35205078125 0.96875 0.0849609375 0.0625
1 0.39306640625 0.96826171875 0.0791015625 0.0634765625
1 0.4267578125 0.970703125 0.078125 0.05859375
1 0.46630859375 0.9697265625 0.0791015625 0.060546875
1 0.5048828125 0.970703125 0.078125 0.05859375
1 0.5439453125 0.97119140625 0.08203125 0.0576171875
1 0.5849609375 0.97314453125 0.07421875 0.0537109375
1 0.6259765625 0.974609375 0.072265625 0.05078125
1 0.5654296875 0.8974609375 0.08203125 0.083984375
1 0.4892578125 0.8974609375 0.080078125 0.08203125
1 0.447265625 0.89453125 0.078125 0.0859375
1 0.28173828125 0.7353515625 0.0830078125 0.072265625
1 0.36474609375 0.7353515625 0.0791015625 0.072265625
1 0.40576171875 0.73095703125 0.0791015625 0.0712890625
1 0.43798828125 0.74072265625 0.0830078125 0.0732421875
1 0.4755859375 0.740234375 0.083984375 0.07421875
1 0.51513671875 0.74365234375 0.0791015625 0.0791015625
1 0.55078125 0.7470703125 0.083984375 0.076171875
1 0.58837890625 0.75146484375 0.0830078125 0.0732421875
1 0.62939453125 0.7529296875 0.0810546875 0.076171875
1 0.11279296875 0.8798828125 0.0791015625 0.083984375
1 0.1533203125 0.88525390625 0.078125 0.0849609375
1 0.18798828125 0.88525390625 0.0771484375 0.0869140625
1 0.22607421875 0.88134765625 0.0771484375 0.0810546875
1 0.30322265625 0.890625 0.0791015625 0.0859375
1 0.341796875 0.89453125 0.0703125 0.083984375
1 0.380859375 0.896484375 0.072265625 0.08203125
1 0.4140625 0.896484375 0.080078125 0.083984375
1 0.20703125 0.73046875 0.080078125 0.07421875
1 0.248046875 0.72998046875 0.0859375 0.0751953125
1 0.17041015625 0.72509765625 0.0810546875 0.0751953125
1 0.14599609375 0.166015625 0.0771484375 0.080078125
1 0.17626953125 0.16162109375 0.0771484375 0.0810546875
1 0.224609375 0.17333984375 0.076171875 0.0849609375
1 0.2578125 0.16943359375 0.076171875 0.0830078125
1 0.337890625 0.177734375 0.080078125 0.08203125
1 0.37451171875 0.177734375 0.0712890625 0.08203125
1 0.154296875 0.2470703125 0.083984375 0.078125
1 0.19189453125 0.25341796875 0.0830078125 0.0751953125
1 0.22998046875 0.25634765625 0.0830078125 0.0751953125
1 0.3125 0.25 0.08203125 0.07421875
1 0.34423828125 0.2607421875 0.0791015625 0.080078125
1 0.38671875 0.259765625 0.08203125 0.076171875
1 0.423828125 0.2587890625 0.08203125 0.07421875
1 0.4638671875 0.259765625 0.080078125 0.078125
1 0.49755859375 0.26318359375 0.0810546875 0.0791015625
1 0.5390625 0.26220703125 0.080078125 0.0732421875
1 0.56201171875 0.18359375 0.0693359375 0.08203125
1 0.5263671875 0.18310546875 0.078125 0.0791015625
1 0.599609375 0.185546875 0.078125 0.080078125
1 0.61572265625 0.662109375 0.0712890625 0.080078125
1 0.37548828125 0.49853515625 0.0830078125 0.0771484375
1 0.45263671875 0.49853515625 0.0830078125 0.0751953125
1 0.4921875 0.501953125 0.08203125 0.07421875
1 0.56884765625 0.49853515625 0.0810546875 0.0751953125
1 0.599609375 0.509765625 0.083984375 0.072265625
1 0.63720703125 0.51416015625 0.0830078125 0.0751953125
1 0.12060546875 0.63818359375 0.0771484375 0.0830078125
1 0.1552734375 0.63525390625 0.076171875 0.0830078125
1 0.19287109375 0.63916015625 0.0771484375 0.0830078125
1 0.2392578125 0.65185546875 0.080078125 0.0810546875
1 0.2734375 0.6484375 0.078125 0.083984375
1 0.3125 0.64892578125 0.078125 0.0791015625
1 0.3515625 0.65185546875 0.07421875 0.0810546875
1 0.38818359375 0.65283203125 0.0830078125 0.0810546875
1 0.42919921875 0.65625 0.0771484375 0.08203125
1 0.49609375 0.65380859375 0.072265625 0.0830078125
1 0.5361328125 0.65283203125 0.072265625 0.0849609375
1 0.5791015625 0.66357421875 0.07421875 0.0830078125
1 0.41357421875 0.49853515625 0.0791015625 0.0771484375
1 0.3388671875 0.49462890625 0.080078125 0.0771484375
1 0.64013671875 0.1865234375 0.0732421875 0.08203125
1 0.29736328125 0.4921875 0.0791015625 0.072265625
1 0.57373046875 0.265625 0.0830078125 0.07421875
1 0.6123046875 0.26611328125 0.080078125 0.0732421875
1 0.65234375 0.27001953125 0.08203125 0.0712890625
1 0.1708984375 0.4033203125 0.076171875 0.080078125
1 0.2080078125 0.40380859375 0.076171875 0.0830078125
1 0.2470703125 0.41015625 0.08203125 0.08203125
1 0.287109375 0.41162109375 0.076171875 0.0791015625
1 0.322265625 0.41162109375 0.072265625 0.0830078125
1 0.3603515625 0.412109375 0.07421875 0.078125
1 0.39990234375 0.416015625 0.0751953125 0.080078125
1 0.4365234375 0.41650390625 0.076171875 0.0791015625
1 0.47412109375 0.41796875 0.0771484375 0.078125
1 0.51318359375 0.4208984375 0.0791015625 0.080078125
1 0.5498046875 0.42041015625 0.078125 0.0810546875
1 0.6279296875 0.42578125 0.072265625 0.080078125
1 0.20751953125 0.5 0.0791015625 0.07421875
1 0.26416015625 0.4873046875 0.0869140625 0.07421875
