9 0.57470703125 0.4716796875 0.0263671875 0.041015625
9 0.93310546875 0.41455078125 0.0400390625 0.0380859375
9 0.5693359375 0.55712890625 0.048828125 0.0458984375
9 0.62939453125 0.59716796875 0.0517578125 0.0341796875
9 0.65625 0.978515625 0.037109375 0.029296875
9 0.57470703125 0.228515625 0.0224609375 0.05078125
9 0.5751953125 0.1552734375 0.025390625 0.044921875
9 0.6025390625 0.076171875 0.0234375 0.044921875
9 0.232421875 0.115234375 0.02734375 0.044921875
9 0.29345703125 0.05859375 0.0283203125 0.05859375
9 0.59228515625 0.9775390625 0.0751953125 0.044921875
9 0.6875 0.02001953125 0.03515625 0.0380859375
9 0.583984375 0.2998046875 0.033203125 0.044921875
9 0.21337890625 0.3193359375 0.0341796875 0.044921875
9 0.5732421875 0.8935546875 0.046875 0.025390625
9 0.5244140625 0.87646484375 0.0234375 0.0458984375
9 0.3515625 0.87109375 0.015625 0.033203125
9 0.224609375 0.84326171875 0.044921875 0.0380859375
9 0.1591796875 0.869140625 0.03125 0.029296875
9 0.044921875 0.93798828125 0.046875 0.0322265625
9 0.23095703125 0.63525390625 0.0478515625 0.0458984375
9 0.27197265625 0.57568359375 0.0283203125 0.0380859375
9 0.283203125 0.486328125 0.041015625 0.044921875
9 0.2197265625 0.43994140625 0.048828125 0.0263671875
