9 0.00927734375 0.31591796875 0.0166015625 0.0322265625
9 0.01171875 0.37255859375 0.021484375 0.0361328125
9 0.08740234375 0.6611328125 0.0361328125 0.052734375
9 0.05322265625 0.71484375 0.0693359375 0.033203125
9 0.40966796875 0.7001953125 0.0615234375 0.0390625
9 0.31640625 0.69287109375 0.048828125 0.0439453125
9 0.2255859375 0.6826171875 0.048828125 0.041015625
9 0.16259765625 0.6845703125 0.0478515625 0.029296875
9 0.27099609375 0.37841796875 0.0458984375 0.0361328125
9 0.32470703125 0.38671875 0.0498046875 0.048828125
9 0.521484375 0.3916015625 0.0625 0.037109375
9 0.51953125 0.3486328125 0.048828125 0.033203125
9 0.44091796875 0.3515625 0.0576171875 0.03125
9 0.34228515625 0.3408203125 0.0419921875 0.02734375
9 0.271484375 0.337890625 0.044921875 0.03125
9 0.1787109375 0.3330078125 0.05078125 0.03125
9 0.15380859375 0.72607421875 0.0458984375 0.0302734375
9 0.23193359375 0.7265625 0.0673828125 0.0390625
9 0.33251953125 0.73291015625 0.0419921875 0.0361328125
9 0.607421875 0.35888671875 0.060546875 0.0458984375
9 0.6904296875 0.35791015625 0.056640625 0.0419921875
9 0.72705078125 0.4052734375 0.0556640625 0.041015625
9 0.8134765625 0.412109375 0.052734375 0.044921875
9 0.9716796875 0.4169921875 0.056640625 0.037109375
9 0.90771484375 0.36328125 0.0224609375 0.0625
9 0.97705078125 0.72314453125 0.0458984375 0.0439453125
9 0.958984375 0.763671875 0.05078125 0.044921875
9 0.88037109375 0.71923828125 0.0556640625 0.0380859375
9 0.85791015625 0.755859375 0.0439453125 0.03515625
9 0.7724609375 0.71142578125 0.0625 0.0341796875
9 0.70703125 0.74951171875 0.0546875 0.0302734375
9 0.68505859375 0.7109375 0.0654296875 0.03125
9 0.5849609375 0.74951171875 0.05859375 0.0439453125
9 0.61181640625 0.71044921875 0.0478515625 0.0263671875
9 0.396484375 0.73974609375 0.044921875 0.0458984375
