0 0.9013671875 0.814453125 0.037109375 0.02734375
0 0.83203125 0.79931640625 0.04296875 0.0302734375
0 0.3017578125 0.12890625 0.041015625 0.029296875
0 0.28857421875 0.1806640625 0.0341796875 0.03125
0 0.37158203125 0.140625 0.0380859375 0.0234375
0 0.19189453125 0.24560546875 0.0244140625 0.0322265625
0 0.1865234375 0.34375 0.017578125 0.029296875
0 0.13623046875 0.73828125 0.0224609375 0.029296875
0 0.10693359375 0.86572265625 0.0205078125 0.0322265625
0 0.234375 0.91015625 0.025390625 0.033203125
0 0.27001953125 0.8125 0.0244140625 0.029296875
0 0.3154296875 0.83203125 0.029296875 0.03125
1 0.37353515625 0.7685546875 0.0537109375 0.04296875
0 0.44921875 0.673828125 0.033203125 0.0234375
0 0.501953125 0.61865234375 0.037109375 0.0244140625
0 0.56103515625 0.6220703125 0.0322265625 0.025390625
0 0.5966796875 0.5537109375 0.03125 0.029296875
0 0.6845703125 0.48876953125 0.021484375 0.0263671875
0 0.4013671875 0.10302734375 0.033203125 0.0166015625
0 0.57421875 0.16357421875 0.029296875 0.0322265625
0 0.80810546875 0.2666015625 0.0361328125 0.033203125
0 0.90869140625 0.515625 0.0322265625 0.021484375
0 0.72216796875 0.6435546875 0.0361328125 0.0234375
11 0.43994140625 0.38623046875 0.6474609375 0.6611328125
