0 0.021484375 0.1611328125 0.021484375 0.037109375
0 0.3017578125 0.33203125 0.041015625 0.029296875
0 0.28857421875 0.3837890625 0.0341796875 0.03125
0 0.37158203125 0.34375 0.0380859375 0.0234375
0 0.19189453125 0.44873046875 0.0244140625 0.0322265625
0 0.1865234375 0.546875 0.017578125 0.029296875
0 0.13623046875 0.94140625 0.0224609375 0.029296875
1 0.37353515625 0.9716796875 0.0537109375 0.04296875
0 0.44921875 0.876953125 0.033203125 0.0234375
0 0.501953125 0.82177734375 0.037109375 0.0244140625
0 0.56103515625 0.8251953125 0.0322265625 0.025390625
0 0.5966796875 0.7568359375 0.03125 0.029296875
0 0.6845703125 0.69189453125 0.021484375 0.0263671875
0 0.4013671875 0.30615234375 0.033203125 0.0166015625
0 0.57421875 0.36669921875 0.029296875 0.0322265625
0 0.80810546875 0.4697265625 0.0361328125 0.033203125
0 0.90869140625 0.71875 0.0322265625 0.021484375
0 0.72216796875 0.8466796875 0.0361328125 0.0234375
11 0.43994140625 0.58935546875 0.6474609375 0.6611328125
