0 0.0966796875 0.07470703125 0.021484375 0.0322265625
0 0.171875 0.1611328125 0.021484375 0.037109375
0 0.0703125 0.32373046875 0.0234375 0.0419921875
0 0.4521484375 0.33203125 0.041015625 0.029296875
0 0.43896484375 0.3837890625 0.0341796875 0.03125
0 0.52197265625 0.34375 0.0380859375 0.0234375
0 0.34228515625 0.44873046875 0.0244140625 0.0322265625
0 0.3369140625 0.546875 0.017578125 0.029296875
0 0.041015625 0.9365234375 0.017578125 0.03515625
0 0.28662109375 0.94140625 0.0224609375 0.029296875
1 0.52392578125 0.9716796875 0.0537109375 0.04296875
0 0.599609375 0.876953125 0.033203125 0.0234375
0 0.65234375 0.82177734375 0.037109375 0.0244140625
0 0.71142578125 0.8251953125 0.0322265625 0.025390625
0 0.7470703125 0.7568359375 0.03125 0.029296875
0 0.8349609375 0.69189453125 0.021484375 0.0263671875
0 0.5517578125 0.30615234375 0.033203125 0.0166015625
0 0.724609375 0.36669921875 0.029296875 0.0322265625
0 0.95849609375 0.4697265625 0.0361328125 0.033203125
0 0.87255859375 0.8466796875 0.0361328125 0.0234375
11 0.59033203125 0.58935546875 0.6474609375 0.6611328125
