9 0.236328125 0.7294921875 0.044921875 0.03515625
9 0.23583984375 0.82958984375 0.1923828125 0.1591796875
0 0.02685546875 0.52978515625 0.0283203125 0.0283203125
0 0.05810546875 0.50048828125 0.0322265625 0.0322265625
0 0.1005859375 0.45458984375 0.029296875 0.0302734375
0 0.16748046875 0.38623046875 0.0322265625 0.0283203125
0 0.20263671875 0.3544921875 0.0302734375 0.033203125
0 0.255859375 0.2978515625 0.02734375 0.03125
0 0.517578125 0.162109375 0.037109375 0.0390625
0 0.57080078125 0.97021484375 0.0283203125 0.0283203125
0 0.63134765625 0.91259765625 0.0302734375 0.0322265625
0 0.6572265625 0.8857421875 0.03125 0.033203125
0 0.6904296875 0.8515625 0.033203125 0.03125
0 0.71875 0.82275390625 0.02734375 0.0283203125
0 0.7919921875 0.74609375 0.029296875 0.03125
0 0.8154296875 0.35888671875 0.021484375 0.0302734375
0 0.7734375 0.31640625 0.03125 0.03125
0 0.583984375 0.22900390625 0.029296875 0.0302734375
0 0.55712890625 0.19873046875 0.0361328125 0.0361328125
