0 0.755859375 0.412109375 0.03515625 0.01953125
0 0.03662109375 0.91552734375 0.0341796875 0.0322265625
0 0.099609375 0.8544921875 0.03125 0.033203125
9 0.71923828125 0.849609375 0.1630859375 0.171875
11 0.609375 0.27783203125 0.78125 0.5537109375
0 0.0712890625 0.88330078125 0.03125 0.0322265625
0 0.1279296875 0.82470703125 0.033203125 0.0361328125
0 0.9189453125 0.47119140625 0.025390625 0.0302734375
0 0.9609375 0.91943359375 0.02734375 0.0302734375
0 0.98779296875 0.890625 0.0244140625 0.03125
0 0.87548828125 0.46044921875 0.0302734375 0.0205078125
0 0.83544921875 0.46826171875 0.0341796875 0.0205078125
0 0.79833984375 0.47119140625 0.0302734375 0.0166015625
0 0.759765625 0.47412109375 0.03515625 0.0146484375
0 0.72216796875 0.47412109375 0.0283203125 0.0146484375
0 0.6845703125 0.46875 0.03125 0.017578125
1 0.548828125 0.27490234375 0.0703125 0.0263671875
0 0.9765625 0.9931640625 0.02734375 0.013671875
0 0.90673828125 0.97412109375 0.0244140625 0.0283203125
0 0.93310546875 0.94873046875 0.0283203125 0.0283203125
0 0.15673828125 0.7958984375 0.0283203125 0.029296875
0 0.00537109375 0.6123046875 0.0087890625 0.021484375
0 0.2294921875 0.7177734375 0.033203125 0.029296875
0 0.2041015625 0.74365234375 0.029296875 0.0283203125
0 0.18310546875 0.77294921875 0.0283203125 0.0322265625
0 0.43310546875 0.25390625 0.0263671875 0.03515625
0 0.37890625 0.15966796875 0.029296875 0.0380859375
0 0.64990234375 0.45947265625 0.0322265625 0.0224609375
0 0.609375 0.44580078125 0.03515625 0.0224609375
0 0.55517578125 0.42822265625 0.0322265625 0.0224609375
0 0.51611328125 0.427734375 0.0341796875 0.015625
0 0.271484375 0.39208984375 0.033203125 0.0322265625
0 0.25244140625 0.35546875 0.0322265625 0.03515625
0 0.22314453125 0.38330078125 0.0322265625 0.0341796875
0 0.1904296875 0.419921875 0.03125 0.03125
0 0.4169921875 0.52587890625 0.03125 0.0322265625
0 0.3857421875 0.56103515625 0.037109375 0.0361328125
0 0.34619140625 0.60009765625 0.0322265625 0.0322265625
