8 0.94384765625 0.8291015625 0.0849609375 0.193359375
8 0.8017578125 0.82666015625 0.087890625 0.1904296875
8 0.6611328125 0.82275390625 0.08984375 0.1884765625
8 0.52099609375 0.82080078125 0.0869140625 0.1943359375
9 0.3857421875 0.1220703125 0.47265625 0.2421875
0 0.9755859375 0.48876953125 0.01953125 0.0322265625
8 0.01611328125 0.65283203125 0.0302734375 0.1533203125
8 0.06103515625 0.6591796875 0.0966796875 0.1484375
8 0.173828125 0.6728515625 0.09765625 0.154296875
8 0.04052734375 0.84521484375 0.0791015625 0.1357421875
8 0.14453125 0.849609375 0.099609375 0.15625
