11 0.271484375 0.470703125 0.541015625 0.849609375
0 0.91943359375 0.3798828125 0.0302734375 0.033203125
0 0.64697265625 0.11474609375 0.0302734375 0.0302734375
0 0.0244140625 0.76025390625 0.037109375 0.0224609375
0 0.28515625 0.673828125 0.033203125 0.02734375
0 0.3955078125 0.9921875 0.03125 0.015625
0 0.43505859375 0.9873046875 0.0341796875 0.025390625
0 0.3994140625 0.9638671875 0.03125 0.029296875
0 0.36865234375 0.9462890625 0.0322265625 0.029296875
0 0.13916015625 0.76416015625 0.0322265625 0.0205078125
0 0.20068359375 0.71240234375 0.0322265625 0.0224609375
0 0.3212890625 0.708984375 0.03515625 0.033203125
0 0.4150390625 0.31689453125 0.01953125 0.0302734375
