0 0.6748046875 0.23876953125 0.029296875 0.0302734375
0 0.7041015625 0.2109375 0.033203125 0.03125
0 0.728515625 0.18359375 0.033203125 0.03125
0 0.75390625 0.158203125 0.033203125 0.033203125
0 0.900390625 0.9501953125 0.033203125 0.033203125
0 0.85546875 0.990234375 0.025390625 0.01953125
0 0.87646484375 0.97412109375 0.0244140625 0.0283203125
0 0.92578125 0.92236328125 0.029296875 0.0302734375
0 0.7890625 0.12158203125 0.029296875 0.0322265625
0 0.9384765625 0.9384765625 0.033203125 0.037109375
0 0.65576171875 0.3564453125 0.0302734375 0.033203125
0 0.68310546875 0.32763671875 0.0322265625 0.0302734375
0 0.7109375 0.30029296875 0.03125 0.0302734375
0 0.73974609375 0.271484375 0.0322265625 0.03125
0 0.763671875 0.24462890625 0.029296875 0.0302734375
0 0.79150390625 0.2158203125 0.0322265625 0.03125
0 0.81689453125 0.19189453125 0.0302734375 0.0302734375
0 0.84423828125 0.16357421875 0.0322265625 0.0302734375
0 0.8701171875 0.1357421875 0.03125 0.029296875
0 0.84619140625 0.06982421875 0.0302734375 0.0185546875
0 0.81689453125 0.0927734375 0.0283203125 0.02734375
0 0.4208984375 0.4990234375 0.033203125 0.029296875
0 0.39404296875 0.52685546875 0.0302734375 0.0322265625
0 0.359375 0.5634765625 0.03125 0.029296875
0 0.32958984375 0.5927734375 0.0244140625 0.029296875
0 0.30322265625 0.61865234375 0.0341796875 0.0322265625
0 0.23388671875 0.67919921875 0.0302734375 0.0244140625
0 0.1728515625 0.66357421875 0.025390625 0.0224609375
0 0.14111328125 0.65087890625 0.0302734375 0.0224609375
0 0.107421875 0.64208984375 0.029296875 0.0185546875
0 0.06396484375 0.63671875 0.0263671875 0.015625
0 0.02490234375 0.63525390625 0.0302734375 0.0146484375
0 0.44921875 0.470703125 0.025390625 0.02734375
0 0.47705078125 0.44140625 0.0263671875 0.025390625
0 0.50390625 0.4130859375 0.03125 0.03125
0 0.5810546875 0.43310546875 0.033203125 0.0341796875
0 0.40380859375 0.9658203125 0.0302734375 0.03125
0 0.375 0.93994140625 0.025390625 0.0283203125
0 0.35107421875 0.90966796875 0.0244140625 0.0283203125
0 0.33935546875 0.8759765625 0.0166015625 0.033203125
0 0.328125 0.84130859375 0.0234375 0.0380859375
0 0.31298828125 0.80517578125 0.0224609375 0.0302734375
0 0.2978515625 0.7724609375 0.025390625 0.03125
0 0.294921875 0.736328125 0.025390625 0.0390625
0 0.62548828125 0.38623046875 0.0341796875 0.0322265625
0 0.54736328125 0.46826171875 0.0322265625 0.0341796875
0 0.5341796875 0.3837890625 0.0234375 0.0234375
0 0.51318359375 0.5029296875 0.0283203125 0.02734375
0 0.4833984375 0.53369140625 0.02734375 0.0263671875
0 0.455078125 0.560546875 0.03125 0.03125
0 0.427734375 0.5908203125 0.03125 0.029296875
0 0.40234375 0.61572265625 0.03125 0.0341796875
0 0.375 0.64501953125 0.02734375 0.0283203125
0 0.3486328125 0.6708984375 0.03125 0.033203125
0 0.32080078125 0.671875 0.0283203125 0.02734375
0 0.6474609375 0.26806640625 0.029296875 0.0283203125
0 0.62109375 0.29541015625 0.029296875 0.0263671875
0 0.5849609375 0.33056640625 0.029296875 0.0283203125
0 0.55859375 0.35546875 0.029296875 0.029296875
9 0.97705078125 0.43994140625 0.0458984375 0.0830078125
9 0.42919921875 0.6708984375 0.0654296875 0.0703125
0 0.978515625 0.96630859375 0.029296875 0.0302734375
0 0.9560546875 0.98779296875 0.025390625 0.0244140625
11 0.197265625 0.79541015625 0.392578125 0.4091796875
