0 0.1962890625 0.22900390625 0.015625 0.0322265625
0 0.564453125 0.7529296875 0.03515625 0.025390625
0 0.10693359375 0.35400390625 0.0166015625 0.0361328125
0 0.06298828125 0.3330078125 0.0185546875 0.033203125
0 0.126953125 0.35791015625 0.015625 0.0302734375
0 0.1533203125 0.369140625 0.015625 0.02734375
0 0.17333984375 0.375 0.0126953125 0.025390625
0 0.24853515625 0.93798828125 0.0224609375 0.0263671875
0 0.287109375 0.869140625 0.0234375 0.033203125
0 0.30712890625 0.83056640625 0.0283203125 0.0322265625
0 0.3359375 0.77978515625 0.021484375 0.0302734375
0 0.615234375 0.7001953125 0.03125 0.029296875
0 0.587890625 0.77587890625 0.0234375 0.0322265625
0 0.6572265625 0.6845703125 0.03125 0.01953125
0 0.1767578125 0.22216796875 0.013671875 0.0322265625
0 0.69677734375 0.67724609375 0.0341796875 0.0224609375
0 0.69482421875 0.74365234375 0.0322265625 0.0126953125
0 0.6806640625 0.5517578125 0.029296875 0.03125
0 0.62646484375 0.21484375 0.0322265625 0.029296875
0 0.64501953125 0.17333984375 0.0263671875 0.0263671875
0 0.67724609375 0.0791015625 0.0263671875 0.033203125
0 0.70458984375 0.01513671875 0.0244140625 0.0302734375
0 0.0966796875 0.18798828125 0.01171875 0.0263671875
0 0.15234375 0.2119140625 0.015625 0.033203125
11 0.53515625 0.423828125 0.45703125 0.501953125
