0 0.1962890625 0.38818359375 0.015625 0.0322265625
0 0.564453125 0.912109375 0.03515625 0.025390625
0 0.10693359375 0.51318359375 0.0166015625 0.0361328125
0 0.06298828125 0.4921875 0.0185546875 0.033203125
0 0.126953125 0.51708984375 0.015625 0.0302734375
0 0.1533203125 0.5283203125 0.015625 0.02734375
0 0.17333984375 0.5341796875 0.0126953125 0.025390625
0 0.3076171875 0.98681640625 0.02734375 0.0263671875
0 0.3359375 0.93896484375 0.021484375 0.0302734375
0 0.615234375 0.859375 0.03125 0.029296875
0 0.587890625 0.93505859375 0.0234375 0.0322265625
0 0.6572265625 0.84375 0.03125 0.01953125
0 0.1767578125 0.38134765625 0.013671875 0.0322265625
0 0.69677734375 0.83642578125 0.0341796875 0.0224609375
0 0.69482421875 0.90283203125 0.0322265625 0.0126953125
0 0.6806640625 0.7109375 0.029296875 0.03125
0 0.62646484375 0.3740234375 0.0322265625 0.029296875
0 0.64501953125 0.33251953125 0.0263671875 0.0263671875
0 0.67724609375 0.23828125 0.0263671875 0.033203125
0 0.70458984375 0.17431640625 0.0244140625 0.0302734375
0 0.740234375 0.08935546875 0.0234375 0.0322265625
0 0.83251953125 0.1435546875 0.0224609375 0.03515625
0 0.0966796875 0.34716796875 0.01171875 0.0263671875
0 0.15234375 0.37109375 0.015625 0.033203125
11 0.53515625 0.5830078125 0.45703125 0.501953125
