0 0.23486328125 0.9345703125 0.0224609375 0.03125
0 0.19873046875 0.82421875 0.0302734375 0.03125
0 0.1640625 0.8671875 0.03125 0.03125
0 0.14208984375 0.89306640625 0.0263671875 0.0263671875
0 0.09033203125 0.89697265625 0.0244140625 0.0283203125
0 0.068359375 0.9267578125 0.025390625 0.025390625
0 0.1083984375 0.93212890625 0.02734375 0.0283203125
0 0.08447265625 0.95654296875 0.0244140625 0.0185546875
0 0.25439453125 0.92822265625 0.0263671875 0.0361328125
0 0.26708984375 0.9111328125 0.0224609375 0.03515625
0 0.28125 0.89453125 0.021484375 0.029296875
0 0.29736328125 0.8828125 0.0166015625 0.033203125
0 0.31396484375 0.8720703125 0.0224609375 0.0390625
0 0.3671875 0.9150390625 0.03125 0.02734375
0 0.3935546875 0.89892578125 0.029296875 0.0244140625
0 0.3359375 0.93603515625 0.033203125 0.0263671875
0 0.06689453125 0.814453125 0.0322265625 0.03125
0 0.17138671875 0.7177734375 0.0341796875 0.021484375
0 0.03076171875 0.6728515625 0.0322265625 0.029296875
0 0.064453125 0.61962890625 0.03515625 0.0302734375
0 0.02001953125 0.056640625 0.0322265625 0.03125
0 0.05419921875 0.08251953125 0.0302734375 0.0283203125
0 0.08447265625 0.10888671875 0.0302734375 0.0302734375
0 0.2119140625 0.21484375 0.029296875 0.02734375
0 0.24169921875 0.26611328125 0.0361328125 0.0361328125
0 0.01123046875 0.57080078125 0.0205078125 0.0263671875
0 0.03271484375 0.59619140625 0.0302734375 0.0283203125
0 0.32861328125 0.8564453125 0.0244140625 0.033203125
0 0.35302734375 0.83984375 0.0185546875 0.03125
0 0.3681640625 0.83447265625 0.01953125 0.0341796875
0 0.9140625 0.8330078125 0.03125 0.03125
0 0.8544921875 0.78076171875 0.03125 0.0322265625
0 0.82373046875 0.7509765625 0.0341796875 0.033203125
0 0.78857421875 0.7236328125 0.0341796875 0.033203125
0 0.6484375 0.6513671875 0.02734375 0.03515625
0 0.5703125 0.6484375 0.03125 0.033203125
0 0.60302734375 0.47119140625 0.0244140625 0.0400390625
0 0.58984375 0.25390625 0.03515625 0.03125
0 0.8779296875 0.1181640625 0.033203125 0.03515625
0 0.8525390625 0.1494140625 0.029296875 0.033203125
0 0.82861328125 0.1748046875 0.0263671875 0.029296875
0 0.80126953125 0.20751953125 0.0302734375 0.0302734375
0 0.90283203125 0.08935546875 0.0263671875 0.0283203125
0 0.92529296875 0.0595703125 0.0302734375 0.03125
0 0.94873046875 0.033203125 0.0244140625 0.02734375
0 0.8818359375 0.8046875 0.03125 0.03125
0 0.9462890625 0.86181640625 0.02734375 0.0322265625
0 0.3896484375 0.822265625 0.013671875 0.03125
0 0.88232421875 0.86669921875 0.0361328125 0.0361328125
0 0.43017578125 0.833984375 0.0322265625 0.021484375
0 0.408203125 0.81640625 0.013671875 0.029296875
0 0.42431640625 0.806640625 0.0166015625 0.02734375
0 0.44677734375 0.798828125 0.0205078125 0.03515625
0 0.46923828125 0.79296875 0.0146484375 0.029296875
0 0.49072265625 0.7900390625 0.0185546875 0.037109375
0 0.51123046875 0.787109375 0.0185546875 0.03515625
0 0.52978515625 0.78271484375 0.0126953125 0.0302734375
0 0.55078125 0.78076171875 0.015625 0.0322265625
0 0.42822265625 0.66650390625 0.0439453125 0.0244140625
0 0.595703125 0.9052734375 0.01171875 0.01953125
0 0.80322265625 0.92236328125 0.0302734375 0.0244140625
0 0.76513671875 0.900390625 0.0322265625 0.025390625
0 0.71337890625 0.8408203125 0.0263671875 0.017578125
0 0.83837890625 0.95068359375 0.0302734375 0.0283203125
11 0.44970703125 0.509765625 0.4794921875 0.486328125
