8 0.404296875 0.09375 0.15625 0.15625
0 0.88134765625 0.06884765625 0.0302734375 0.0283203125
0 0.17138671875 0.9208984375 0.0341796875 0.021484375
0 0.03076171875 0.8759765625 0.0322265625 0.029296875
0 0.064453125 0.82275390625 0.03515625 0.0302734375
9 0.1923828125 0.02978515625 0.125 0.0439453125
0 0.02001953125 0.259765625 0.0322265625 0.03125
0 0.05419921875 0.28564453125 0.0302734375 0.0283203125
0 0.08447265625 0.31201171875 0.0302734375 0.0302734375
0 0.2119140625 0.41796875 0.029296875 0.02734375
0 0.24169921875 0.46923828125 0.0361328125 0.0361328125
0 0.01123046875 0.77392578125 0.0205078125 0.0263671875
0 0.03271484375 0.79931640625 0.0302734375 0.0283203125
0 0.8544921875 0.98388671875 0.03125 0.0322265625
0 0.82373046875 0.9541015625 0.0341796875 0.033203125
0 0.78857421875 0.9267578125 0.0341796875 0.033203125
0 0.6484375 0.8544921875 0.02734375 0.03515625
0 0.5703125 0.8515625 0.03125 0.033203125
0 0.60302734375 0.67431640625 0.0244140625 0.0400390625
0 0.58984375 0.45703125 0.03515625 0.03125
0 0.8779296875 0.3212890625 0.033203125 0.03515625
0 0.8525390625 0.3525390625 0.029296875 0.033203125
0 0.82861328125 0.3779296875 0.0263671875 0.029296875
0 0.80126953125 0.41064453125 0.0302734375 0.0302734375
0 0.90283203125 0.29248046875 0.0263671875 0.0283203125
0 0.92529296875 0.2626953125 0.0302734375 0.03125
0 0.94873046875 0.236328125 0.0244140625 0.02734375
0 0.80322265625 0.1630859375 0.0263671875 0.03125
0 0.4453125 0.9921875 0.017578125 0.015625
0 0.46875 0.99072265625 0.013671875 0.0185546875
0 0.4912109375 0.9873046875 0.017578125 0.025390625
0 0.51171875 0.986328125 0.017578125 0.02734375
0 0.52978515625 0.9853515625 0.0126953125 0.029296875
0 0.55078125 0.98388671875 0.015625 0.0322265625
0 0.42822265625 0.86962890625 0.0439453125 0.0244140625
11 0.44970703125 0.712890625 0.4794921875 0.486328125
