0 0.3955078125 0.29833984375 0.01953125 0.0380859375
0 0.287109375 0.4521484375 0.021484375 0.03515625
0 0.19677734375 0.509765625 0.0263671875 0.041015625
0 0.232421875 0.47021484375 0.021484375 0.0380859375
0 0.38134765625 0.34130859375 0.0224609375 0.0361328125
0 0.36181640625 0.34716796875 0.0224609375 0.0380859375
0 0.345703125 0.35009765625 0.01953125 0.0341796875
0 0.32861328125 0.353515625 0.0224609375 0.03515625
0 0.30810546875 0.3623046875 0.0224609375 0.03515625
0 0.375 0.302734375 0.0234375 0.037109375
0 0.3583984375 0.31201171875 0.01953125 0.0302734375
0 0.3388671875 0.30712890625 0.01953125 0.0341796875
0 0.31982421875 0.31689453125 0.0205078125 0.0380859375
0 0.302734375 0.322265625 0.021484375 0.041015625
0 0.28173828125 0.32373046875 0.0244140625 0.0400390625
0 0.1962890625 0.384765625 0.021484375 0.0390625
0 0.2080078125 0.33935546875 0.017578125 0.0380859375
0 0.25390625 0.50244140625 0.017578125 0.0400390625
0 0.26708984375 0.45703125 0.0224609375 0.033203125
0 0.4013671875 0.33935546875 0.0234375 0.0400390625
0 0.29248046875 0.49462890625 0.0224609375 0.0419921875
0 0.3994140625 0.43505859375 0.021484375 0.0380859375
0 0.3896484375 0.478515625 0.0234375 0.041015625
0 0.435546875 0.87939453125 0.033203125 0.0224609375
0 0.232421875 0.89111328125 0.025390625 0.0341796875
0 0.1962890625 0.8720703125 0.02734375 0.0390625
0 0.26953125 0.587890625 0.01953125 0.041015625
0 0.38037109375 0.43701171875 0.0224609375 0.0361328125
0 0.369140625 0.47998046875 0.021484375 0.0380859375
0 0.361328125 0.44287109375 0.01953125 0.0322265625
0 0.349609375 0.48046875 0.021484375 0.033203125
0 0.34228515625 0.4443359375 0.0205078125 0.03515625
0 0.33056640625 0.484375 0.0205078125 0.03515625
0 0.3115234375 0.48828125 0.0234375 0.03515625
0 0.32470703125 0.44580078125 0.0224609375 0.0361328125
0 0.30615234375 0.4521484375 0.0244140625 0.0390625
0 0.21826171875 0.38134765625 0.0244140625 0.0419921875
