2 0.22509765625 0.6474609375 0.1044921875 0.111328125
2 0.33056640625 0.42236328125 0.1123046875 0.1123046875
3 0.5859375 0.390625 0.029296875 0.029296875
3 0.4384765625 0.47998046875 0.037109375 0.0341796875
3 0.47607421875 0.51416015625 0.0322265625 0.0322265625
3 0.5126953125 0.546875 0.03515625 0.033203125
3 0.5869140625 0.54638671875 0.03515625 0.0361328125
3 0.62451171875 0.57958984375 0.0341796875 0.0361328125
3 0.6259765625 0.40966796875 0.03125 0.0302734375
3 0.5888671875 0.43505859375 0.029296875 0.0302734375
3 0.6279296875 0.45361328125 0.029296875 0.0302734375
3 0.677734375 0.43359375 0.03125 0.03125
3 0.677734375 0.47705078125 0.033203125 0.0302734375
3 0.7236328125 0.45458984375 0.029296875 0.0302734375
3 0.71923828125 0.49755859375 0.0302734375 0.0302734375
3 0.71484375 0.5400390625 0.03125 0.029296875
3 0.66162109375 0.61376953125 0.0322265625 0.0341796875
