2 0.32373046875 0.021484375 0.0634765625 0.041015625
2 0.580078125 0.18359375 0.052734375 0.0546875
2 0.373046875 0.28515625 0.064453125 0.0625
2 0.33837890625 0.2490234375 0.0712890625 0.0703125
2 0.830078125 0.3984375 0.052734375 0.0546875
2 0.15380859375 0.62451171875 0.0673828125 0.0654296875
2 0.0703125 0.5224609375 0.064453125 0.05859375
2 0.03955078125 0.484375 0.0673828125 0.05859375
2 0.009765625 0.40478515625 0.017578125 0.0419921875
2 0.01123046875 0.70458984375 0.0205078125 0.0439453125
2 0.251953125 0.169921875 0.052734375 0.076171875
2 0.142578125 0.0283203125 0.0703125 0.0546875
2 0.12890625 0.17138671875 0.056640625 0.0869140625
2 0.19287109375 0.16455078125 0.0498046875 0.0751953125
2 0.57080078125 0.294921875 0.0439453125 0.0546875
2 0.52294921875 0.28857421875 0.0419921875 0.0458984375
2 0.47607421875 0.2890625 0.0400390625 0.05078125
2 0.42724609375 0.28466796875 0.0302734375 0.0458984375
2 0.49462890625 0.05419921875 0.0361328125 0.0419921875
2 0.86767578125 0.0625 0.0458984375 0.044921875
2 0.84912109375 0.27587890625 0.0498046875 0.0634765625
2 0.07666015625 0.14453125 0.0302734375 0.05078125
