13 0.23681640625 0.69482421875 0.4716796875 0.0673828125
0 0.10302734375 0.60888671875 0.0205078125 0.0107421875
0 0.18212890625 0.6806640625 0.0244140625 0.01171875
0 0.28466796875 0.68017578125 0.0205078125 0.0087890625
0 0.40966796875 0.6787109375 0.0224609375 0.01171875
1 0.53662109375 0.60986328125 0.0283203125 0.0107421875
0 0.53662109375 0.67822265625 0.0244140625 0.0126953125
0 0.51513671875 0.697265625 0.0224609375 0.009765625
13 0.244140625 0.61083984375 0.486328125 0.0673828125
0 0.8642578125 0.42529296875 0.0078125 0.0205078125
0 0.94189453125 0.62841796875 0.0244140625 0.0126953125
0 0.767578125 0.6123046875 0.021484375 0.01171875
1 0.65966796875 0.6982421875 0.0341796875 0.013671875
