2 0.95849609375 0.62451171875 0.0673828125 0.0654296875
2 0.875 0.5224609375 0.064453125 0.05859375
2 0.84423828125 0.484375 0.0673828125 0.05859375
2 0.79638671875 0.41064453125 0.0537109375 0.0537109375
2 0.63427734375 0.76318359375 0.0556640625 0.0556640625
2 0.798828125 0.70947265625 0.0546875 0.0537109375
2 0.76611328125 0.6748046875 0.0556640625 0.0546875
2 0.7392578125 0.6318359375 0.05078125 0.05078125
2 0.712890625 0.59228515625 0.052734375 0.0498046875
2 0.66650390625 0.5087890625 0.0517578125 0.052734375
2 0.947265625 0.0283203125 0.0703125 0.0546875
2 0.93359375 0.17138671875 0.056640625 0.0869140625
2 0.986328125 0.16455078125 0.02734375 0.0751953125
2 0.88134765625 0.14453125 0.0302734375 0.05078125
2 0.14599609375 0.97265625 0.0654296875 0.0546875
2 0.328125 0.90673828125 0.0546875 0.0634765625
2 0.35302734375 0.9453125 0.0498046875 0.05078125
2 0.4990234375 0.80126953125 0.064453125 0.0654296875
2 0.642578125 0.46826171875 0.052734375 0.0498046875
