2 0.2138671875 0.72314453125 0.06640625 0.0751953125
2 0.04736328125 0.76220703125 0.0927734375 0.0947265625
2 0.02099609375 0.8134765625 0.0400390625 0.060546875
2 0.26611328125 0.98046875 0.0517578125 0.0390625
2 0.36962890625 0.734375 0.0888671875 0.087890625
2 0.30322265625 0.4736328125 0.0849609375 0.078125
2 0.27734375 0.73291015625 0.0625 0.0751953125
2 0.466796875 0.64599609375 0.041015625 0.0439453125
2 0.03125 0.470703125 0.060546875 0.09765625
2 0.0576171875 0.39453125 0.103515625 0.10546875
2 0.0966796875 0.3232421875 0.103515625 0.09375
2 0.82177734375 0.1455078125 0.0380859375 0.05078125
2 0.2958984375 0.57470703125 0.041015625 0.0517578125
2 0.39306640625 0.5791015625 0.0439453125 0.05078125
2 0.24609375 0.57080078125 0.048828125 0.0537109375
2 0.18017578125 0.85888671875 0.0361328125 0.0419921875
2 0.55322265625 0.8671875 0.0458984375 0.044921875
2 0.62841796875 0.03466796875 0.0498046875 0.0419921875
2 0.10693359375 0.63671875 0.1083984375 0.091796875
