8 0.26318359375 0.78759765625 0.2412109375 0.1845703125
0 0.81396484375 0.49560546875 0.0322265625 0.0400390625
0 0.8017578125 0.67138671875 0.03125 0.0458984375
0 0.82177734375 0.63037109375 0.0341796875 0.0419921875
0 0.779296875 0.66552734375 0.033203125 0.0439453125
0 0.759765625 0.6572265625 0.03125 0.041015625
0 0.78173828125 0.61083984375 0.0322265625 0.0439453125
0 0.76123046875 0.6025390625 0.0302734375 0.044921875
0 0.74072265625 0.5966796875 0.0322265625 0.04296875
0 0.69873046875 0.6318359375 0.0302734375 0.041015625
0 0.720703125 0.5859375 0.033203125 0.04296875
0 0.91650390625 0.54248046875 0.0302734375 0.0400390625
0 0.896484375 0.53125 0.033203125 0.04296875
0 0.8330078125 0.50634765625 0.03515625 0.0478515625
0 0.77587890625 0.4765625 0.0302734375 0.041015625
0 0.8603515625 0.701171875 0.037109375 0.052734375
1 0.435546875 0.1669921875 0.041015625 0.033203125
1 0.38916015625 0.24609375 0.0419921875 0.029296875
0 0.3984375 0.10888671875 0.021484375 0.0419921875
0 0.2919921875 0.158203125 0.021484375 0.037109375
0 0.84423828125 0.6845703125 0.0322265625 0.04296875
0 0.880859375 0.70849609375 0.033203125 0.0439453125
8 0.3173828125 0.6708984375 0.23828125 0.181640625
0 0.78271484375 0.7890625 0.0283203125 0.037109375
8 0.36767578125 0.556640625 0.2412109375 0.181640625
8 0.42138671875 0.443359375 0.2392578125 0.181640625
8 0.0302734375 0.529296875 0.05859375 0.12109375
8 0.05712890625 0.4033203125 0.1123046875 0.146484375
8 0.08203125 0.2763671875 0.162109375 0.16796875
0 0.9052734375 0.8447265625 0.029296875 0.04296875
0 0.8828125 0.84130859375 0.03125 0.0400390625
0 0.86376953125 0.8291015625 0.0263671875 0.0390625
0 0.8427734375 0.82275390625 0.0234375 0.0400390625
0 0.82275390625 0.80908203125 0.0302734375 0.0419921875
0 0.80224609375 0.80419921875 0.0302734375 0.0419921875
0 0.76123046875 0.7880859375 0.0341796875 0.044921875
0 0.90234375 0.66259765625 0.033203125 0.0439453125
0 0.7431640625 0.7763671875 0.029296875 0.041015625
0 0.7216796875 0.76806640625 0.029296875 0.0380859375
0 0.70166015625 0.76025390625 0.0263671875 0.0400390625
0 0.6826171875 0.751953125 0.029296875 0.041015625
0 0.6650390625 0.7412109375 0.03515625 0.05078125
0 0.64599609375 0.7275390625 0.0283203125 0.044921875
0 0.95703125 0.75146484375 0.02734375 0.0478515625
0 0.94091796875 0.73876953125 0.0341796875 0.0458984375
0 0.958984375 0.69287109375 0.029296875 0.0478515625
0 0.91748046875 0.73388671875 0.0263671875 0.0400390625
0 0.900390625 0.7177734375 0.033203125 0.044921875
0 0.92138671875 0.67529296875 0.0322265625 0.0419921875
