8 0.26318359375 0.33251953125 0.2412109375 0.1845703125
0 0.81396484375 0.04052734375 0.0322265625 0.0400390625
0 0.8017578125 0.21630859375 0.03125 0.0458984375
0 0.82177734375 0.17529296875 0.0341796875 0.0419921875
0 0.779296875 0.21044921875 0.033203125 0.0439453125
0 0.759765625 0.2021484375 0.03125 0.041015625
0 0.78173828125 0.15576171875 0.0322265625 0.0439453125
0 0.76123046875 0.1474609375 0.0302734375 0.044921875
0 0.74072265625 0.1416015625 0.0322265625 0.04296875
0 0.69873046875 0.1767578125 0.0302734375 0.041015625
0 0.720703125 0.130859375 0.033203125 0.04296875
0 0.91650390625 0.08740234375 0.0302734375 0.0400390625
0 0.896484375 0.076171875 0.033203125 0.04296875
0 0.8330078125 0.05126953125 0.03515625 0.0478515625
0 0.77587890625 0.021484375 0.0302734375 0.041015625
0 0.8603515625 0.24609375 0.037109375 0.052734375
0 0.4091796875 0.7041015625 0.03515625 0.046875
0 0.42919921875 0.662109375 0.0341796875 0.046875
0 0.32470703125 0.6953125 0.0400390625 0.02734375
0 0.34375 0.65087890625 0.04296875 0.0224609375
0 0.3876953125 0.748046875 0.037109375 0.05078125
0 0.35009765625 0.82763671875 0.0322265625 0.0419921875
1 0.330078125 0.8740234375 0.033203125 0.044921875
1 0.306640625 0.92041015625 0.033203125 0.0498046875
0 0.84423828125 0.2294921875 0.0322265625 0.04296875
0 0.880859375 0.25341796875 0.033203125 0.0439453125
8 0.3173828125 0.2158203125 0.23828125 0.181640625
0 0.78271484375 0.333984375 0.0283203125 0.037109375
8 0.36767578125 0.1015625 0.2412109375 0.181640625
8 0.0302734375 0.07421875 0.05859375 0.12109375
0 0.9052734375 0.3896484375 0.029296875 0.04296875
0 0.8828125 0.38623046875 0.03125 0.0400390625
0 0.86376953125 0.3740234375 0.0263671875 0.0390625
0 0.8427734375 0.36767578125 0.0234375 0.0400390625
0 0.82275390625 0.35400390625 0.0302734375 0.0419921875
0 0.80224609375 0.34912109375 0.0302734375 0.0419921875
0 0.76123046875 0.3330078125 0.0341796875 0.044921875
0 0.90234375 0.20751953125 0.033203125 0.0439453125
0 0.7431640625 0.3212890625 0.029296875 0.041015625
0 0.7216796875 0.31298828125 0.029296875 0.0380859375
0 0.70166015625 0.30517578125 0.0263671875 0.0400390625
0 0.6826171875 0.296875 0.029296875 0.041015625
0 0.6650390625 0.2861328125 0.03515625 0.05078125
0 0.64599609375 0.2724609375 0.0283203125 0.044921875
0 0.95703125 0.29638671875 0.02734375 0.0478515625
0 0.94091796875 0.28369140625 0.0341796875 0.0458984375
0 0.958984375 0.23779296875 0.029296875 0.0478515625
0 0.91748046875 0.27880859375 0.0263671875 0.0400390625
0 0.900390625 0.2626953125 0.033203125 0.044921875
0 0.92138671875 0.22021484375 0.0322265625 0.0419921875
0 0.208984375 0.93896484375 0.041015625 0.0224609375
