0 0.625 0.3779296875 0.017578125 0.0234375
0 0.61279296875 0.0537109375 0.0068359375 0.01953125
8 0.0625 0.97021484375 0.08203125 0.0595703125
8 0.11474609375 0.9521484375 0.0888671875 0.095703125
8 0.0390625 0.8251953125 0.076171875 0.111328125
0 0.591796875 0.05615234375 0.009765625 0.0185546875
0 0.60205078125 0.05615234375 0.0087890625 0.0224609375
0 0.6220703125 0.05322265625 0.0078125 0.0166015625
0 0.63232421875 0.0546875 0.0087890625 0.01953125
0 0.64404296875 0.0546875 0.0107421875 0.021484375
0 0.591796875 0.0771484375 0.009765625 0.021484375
0 0.60205078125 0.0771484375 0.0087890625 0.01953125
0 0.61328125 0.0732421875 0.0078125 0.017578125
0 0.6240234375 0.07470703125 0.0078125 0.0185546875
0 0.6337890625 0.07666015625 0.0078125 0.0185546875
0 0.64306640625 0.07568359375 0.0087890625 0.0185546875
0 0.60791015625 0.1240234375 0.0107421875 0.01953125
0 0.59912109375 0.12646484375 0.0107421875 0.0185546875
0 0.61767578125 0.1201171875 0.0107421875 0.017578125
0 0.6357421875 0.37548828125 0.015625 0.0224609375
0 0.69921875 0.228515625 0.015625 0.0234375
0 0.65185546875 0.25 0.0166015625 0.021484375
0 0.64404296875 0.2314453125 0.0146484375 0.01953125
0 0.66162109375 0.244140625 0.0146484375 0.01953125
0 0.6708984375 0.21875 0.015625 0.021484375
0 0.67919921875 0.236328125 0.0126953125 0.017578125
0 0.6611328125 0.22412109375 0.015625 0.0205078125
0 0.6884765625 0.232421875 0.015625 0.017578125
0 0.68115234375 0.21435546875 0.0166015625 0.0224609375
0 0.615234375 0.3115234375 0.015625 0.021484375
0 0.6337890625 0.23681640625 0.015625 0.0224609375
0 0.6259765625 0.3076171875 0.015625 0.021484375
0 0.63330078125 0.3271484375 0.0166015625 0.021484375
0 0.66162109375 0.3173828125 0.0185546875 0.021484375
0 0.623046875 0.33203125 0.015625 0.01953125
0 0.6513671875 0.2978515625 0.017578125 0.021484375
0 0.66064453125 0.29150390625 0.0185546875 0.0224609375
0 0.669921875 0.3583984375 0.017578125 0.0234375
0 0.6455078125 0.36962890625 0.015625 0.0224609375
0 0.642578125 0.25439453125 0.013671875 0.0185546875
0 0.62255859375 0.23779296875 0.0166015625 0.0224609375
0 0.626953125 0.11669921875 0.01171875 0.0185546875
0 0.62451171875 0.1904296875 0.0146484375 0.021484375
0 0.63623046875 0.11328125 0.0126953125 0.01953125
0 0.607421875 0.1455078125 0.013671875 0.021484375
0 0.61767578125 0.1435546875 0.0126953125 0.01953125
0 0.62744140625 0.1396484375 0.0126953125 0.021484375
0 0.6376953125 0.13671875 0.01171875 0.021484375
0 0.6484375 0.13427734375 0.009765625 0.0205078125
0 0.60546875 0.19775390625 0.015625 0.0205078125
0 0.61474609375 0.1943359375 0.0146484375 0.021484375
0 0.63232421875 0.18505859375 0.0146484375 0.0185546875
0 0.6064453125 0.26953125 0.015625 0.021484375
0 0.64111328125 0.1826171875 0.0146484375 0.021484375
0 0.6513671875 0.18017578125 0.017578125 0.0244140625
0 0.66162109375 0.17724609375 0.0185546875 0.0224609375
0 0.580078125 0.25927734375 0.013671875 0.0185546875
0 0.5888671875 0.2783203125 0.015625 0.0234375
0 0.5888671875 0.2578125 0.015625 0.01953125
0 0.59765625 0.27587890625 0.015625 0.0205078125
0 0.59716796875 0.24951171875 0.0166015625 0.0224609375
