0 0.4736328125 0.60009765625 0.0390625 0.0419921875
0 0.29150390625 0.32861328125 0.0205078125 0.0380859375
0 0.380859375 0.38671875 0.03515625 0.048828125
0 0.34228515625 0.44140625 0.0244140625 0.0390625
0 0.359375 0.51708984375 0.029296875 0.0419921875
0 0.37060546875 0.56103515625 0.0283203125 0.0380859375
0 0.5029296875 0.5576171875 0.04296875 0.0234375
0 0.4013671875 0.67724609375 0.029296875 0.0439453125
0 0.412109375 0.72412109375 0.02734375 0.0419921875
0 0.42724609375 0.7841796875 0.0283203125 0.046875
0 0.45703125 0.978515625 0.0234375 0.04296875
0 0.26611328125 0.62939453125 0.0361328125 0.0185546875
0 0.19580078125 0.64599609375 0.0380859375 0.0185546875
0 0.890625 0.66015625 0.037109375 0.0234375
0 0.93701171875 0.67041015625 0.0439453125 0.0283203125
