7 0.65771484375 0.5654296875 0.0927734375 0.10546875
6 0.6640625 0.564453125 0.15625 0.17578125
3 0.4052734375 0.28955078125 0.052734375 0.0537109375
3 0.349609375 0.3466796875 0.052734375 0.048828125
3 0.4072265625 0.345703125 0.0546875 0.046875
3 0.3515625 0.4052734375 0.0546875 0.05078125
3 0.40625 0.404296875 0.0546875 0.05078125
3 0.50537109375 0.15087890625 0.0537109375 0.0498046875
3 0.5634765625 0.14892578125 0.048828125 0.0478515625
3 0.61865234375 0.14501953125 0.0498046875 0.0517578125
3 0.673828125 0.14501953125 0.05078125 0.0537109375
3 0.56640625 0.23291015625 0.048828125 0.0478515625
3 0.619140625 0.22900390625 0.05078125 0.0498046875
3 0.5673828125 0.2861328125 0.048828125 0.046875
3 0.62060546875 0.283203125 0.0478515625 0.044921875
3 0.568359375 0.341796875 0.05078125 0.048828125
3 0.6220703125 0.33935546875 0.05078125 0.0498046875
3 0.56884765625 0.39501953125 0.0498046875 0.0498046875
3 0.623046875 0.39453125 0.05078125 0.05078125
3 0.3466796875 0.2900390625 0.0546875 0.052734375
