8 0.89306640625 0.88525390625 0.0400390625 0.0869140625
9 0.82958984375 0.26611328125 0.0283203125 0.0322265625
9 0.3662109375 0.25 0.0390625 0.017578125
9 0.09521484375 0.5615234375 0.0244140625 0.046875
9 0.294921875 0.4921875 0.0390625 0.01953125
9 0.3544921875 0.49560546875 0.046875 0.0205078125
9 0.29248046875 0.52001953125 0.0458984375 0.0185546875
9 0.0947265625 0.63916015625 0.0234375 0.0478515625
9 0.0908203125 0.703125 0.015625 0.04296875
9 0.28466796875 0.80517578125 0.0419921875 0.0224609375
9 0.083984375 0.9091796875 0.01953125 0.037109375
9 0.8271484375 0.12109375 0.015625 0.03125
9 0.8330078125 0.048828125 0.03125 0.0234375
9 0.76806640625 0.263671875 0.0322265625 0.02734375
8 0.95263671875 0.8876953125 0.0283203125 0.0859375
9 0.78173828125 0.2978515625 0.0302734375 0.021484375
9 0.82080078125 0.45703125 0.0224609375 0.03515625
9 0.78076171875 0.47607421875 0.0341796875 0.0400390625
9 0.75830078125 0.53173828125 0.0341796875 0.0205078125
9 0.56201171875 0.77734375 0.0478515625 0.02734375
9 0.74853515625 0.8193359375 0.0361328125 0.02734375
9 0.76806640625 0.91259765625 0.0283203125 0.0341796875
8 0.83203125 0.7529296875 0.0390625 0.0859375
8 0.82861328125 0.88330078125 0.0380859375 0.0869140625
8 0.896484375 0.7548828125 0.04296875 0.087890625
8 0.95751953125 0.7568359375 0.0283203125 0.083984375
9 0.1044921875 0.28662109375 0.01953125 0.0439453125
