8 0.89306640625 0.48486328125 0.0400390625 0.0869140625
9 0.09521484375 0.1611328125 0.0244140625 0.046875
9 0.294921875 0.091796875 0.0390625 0.01953125
9 0.3544921875 0.09521484375 0.046875 0.0205078125
9 0.29248046875 0.11962890625 0.0458984375 0.0185546875
9 0.0947265625 0.23876953125 0.0234375 0.0478515625
9 0.0908203125 0.302734375 0.015625 0.04296875
9 0.28466796875 0.40478515625 0.0419921875 0.0224609375
9 0.083984375 0.5087890625 0.01953125 0.037109375
9 0.0791015625 0.71044921875 0.02734375 0.0439453125
9 0.3349609375 0.65234375 0.041015625 0.0234375
9 0.40185546875 0.9306640625 0.0439453125 0.021484375
8 0.95263671875 0.4873046875 0.0283203125 0.0859375
9 0.82080078125 0.056640625 0.0224609375 0.03515625
9 0.78076171875 0.07568359375 0.0341796875 0.0400390625
9 0.75830078125 0.13134765625 0.0341796875 0.0205078125
9 0.56201171875 0.376953125 0.0478515625 0.02734375
9 0.74853515625 0.4189453125 0.0361328125 0.02734375
9 0.76806640625 0.51220703125 0.0283203125 0.0341796875
9 0.6181640625 0.66259765625 0.048828125 0.0263671875
9 0.76513671875 0.63525390625 0.0283203125 0.0419921875
9 0.619140625 0.93701171875 0.029296875 0.0244140625
8 0.83203125 0.3525390625 0.0390625 0.0859375
8 0.82861328125 0.48291015625 0.0380859375 0.0869140625
8 0.896484375 0.3544921875 0.04296875 0.087890625
8 0.95751953125 0.3564453125 0.0283203125 0.083984375
