9 0.28076171875 0.1611328125 0.0244140625 0.046875
9 0.48046875 0.091796875 0.0390625 0.01953125
9 0.5400390625 0.09521484375 0.046875 0.0205078125
9 0.47802734375 0.11962890625 0.0458984375 0.0185546875
9 0.2802734375 0.23876953125 0.0234375 0.0478515625
9 0.2763671875 0.302734375 0.015625 0.04296875
9 0.47021484375 0.40478515625 0.0419921875 0.0224609375
9 0.26953125 0.5087890625 0.01953125 0.037109375
9 0.2646484375 0.71044921875 0.02734375 0.0439453125
9 0.5205078125 0.65234375 0.041015625 0.0234375
9 0.58740234375 0.9306640625 0.0439453125 0.021484375
9 0.99755859375 0.056640625 0.0048828125 0.03515625
9 0.96630859375 0.07568359375 0.0341796875 0.0400390625
9 0.94384765625 0.13134765625 0.0341796875 0.0205078125
9 0.74755859375 0.376953125 0.0478515625 0.02734375
9 0.93408203125 0.4189453125 0.0361328125 0.02734375
9 0.95361328125 0.51220703125 0.0283203125 0.0341796875
9 0.8037109375 0.66259765625 0.048828125 0.0263671875
9 0.95068359375 0.63525390625 0.0283203125 0.0419921875
9 0.8046875 0.93701171875 0.029296875 0.0244140625
8 0.9990234375 0.3525390625 0.001953125 0.0859375
8 0.99755859375 0.48291015625 0.0048828125 0.0869140625
