0 0.42626953125 0.8828125 0.0048828125 0.009765625
0 0.42138671875 0.8828125 0.0048828125 0.009765625
0 0.4150390625 0.8828125 0.00390625 0.009765625
0 0.40869140625 0.88232421875 0.0048828125 0.0107421875
0 0.4013671875 0.88232421875 0.005859375 0.0107421875
0 0.4189453125 0.86767578125 0.00390625 0.0087890625
0 0.4140625 0.86865234375 0.00390625 0.0107421875
0 0.40869140625 0.8681640625 0.0029296875 0.009765625
0 0.41015625 0.84619140625 0.00390625 0.0087890625
0 0.40185546875 0.8671875 0.0048828125 0.009765625
0 0.40185546875 0.8466796875 0.0048828125 0.009765625
0 0.396484375 0.84619140625 0.00390625 0.0087890625
0 0.39013671875 0.84521484375 0.0048828125 0.0107421875
0 0.4111328125 0.83642578125 0.00390625 0.0087890625
0 0.4052734375 0.83740234375 0.00390625 0.0087890625
0 0.416015625 0.83642578125 0.00390625 0.0107421875
0 0.40625 0.89453125 0.00390625 0.009765625
0 0.40087890625 0.89453125 0.0048828125 0.009765625
0 0.41455078125 0.89599609375 0.0048828125 0.0087890625
0 0.31982421875 0.14453125 0.0087890625 0.005859375
0 0.2587890625 0.14697265625 0.009765625 0.0048828125
0 0.2587890625 0.13525390625 0.009765625 0.0048828125
0 0.2587890625 0.1259765625 0.009765625 0.005859375
0 0.44287109375 0.0126953125 0.0029296875 0.0078125
0 0.283203125 0.126953125 0.0078125 0.00390625
0 0.26025390625 0.08740234375 0.0087890625 0.0048828125
7 0.02197265625 0.09423828125 0.0419921875 0.1865234375
7 0.15087890625 0.10498046875 0.1552734375 0.2080078125
7 0.0087890625 0.48974609375 0.015625 0.1806640625
7 0.138671875 0.48876953125 0.15625 0.2216796875
1 0.2666015625 0.24267578125 0.01171875 0.0146484375
0 0.42041015625 0.8955078125 0.0048828125 0.009765625
0 0.3203125 0.8408203125 0.009765625 0.00390625
0 0.32080078125 0.83154296875 0.0087890625 0.0048828125
0 0.32080078125 0.826171875 0.0107421875 0.005859375
0 0.32080078125 0.81640625 0.0107421875 0.00390625
0 0.322265625 0.8115234375 0.009765625 0.00390625
0 0.32177734375 0.80712890625 0.0087890625 0.0048828125
0 0.322265625 0.80126953125 0.009765625 0.0048828125
0 0.32275390625 0.7958984375 0.0107421875 0.005859375
0 0.32275390625 0.78662109375 0.0087890625 0.0048828125
0 0.32421875 0.7734375 0.009765625 0.005859375
0 0.32373046875 0.98046875 0.0048828125 0.009765625
0 0.35595703125 0.97021484375 0.0048828125 0.0107421875
0 0.34619140625 0.9697265625 0.0048828125 0.0078125
0 0.34130859375 0.96923828125 0.0048828125 0.0107421875
0 0.33544921875 0.96923828125 0.0048828125 0.0107421875
0 0.32958984375 0.96923828125 0.0048828125 0.0087890625
11 0.302734375 0.92138671875 0.048828125 0.0517578125
0 0.4169921875 0.9462890625 0.00390625 0.009765625
0 0.43359375 0.89501953125 0.00390625 0.0107421875
0 0.4267578125 0.8955078125 0.00390625 0.009765625
0 0.3203125 0.8369140625 0.009765625 0.00390625
0 0.322265625 0.8515625 0.01171875 0.005859375
0 0.3701171875 0.84375 0.00390625 0.0078125
0 0.3232421875 0.85791015625 0.009765625 0.0048828125
0 0.36572265625 0.84326171875 0.0029296875 0.0087890625
0 0.36083984375 0.84423828125 0.0048828125 0.0087890625
0 0.3564453125 0.8447265625 0.00390625 0.009765625
0 0.3515625 0.8447265625 0.005859375 0.0078125
0 0.34619140625 0.8447265625 0.0048828125 0.009765625
0 0.34033203125 0.8447265625 0.0048828125 0.009765625
0 0.37060546875 0.833984375 0.0048828125 0.0078125
0 0.3662109375 0.8330078125 0.00390625 0.009765625
0 0.3603515625 0.83447265625 0.00390625 0.0087890625
0 0.35595703125 0.83447265625 0.0029296875 0.0087890625
0 0.3515625 0.83447265625 0.005859375 0.0107421875
0 0.3466796875 0.833984375 0.00390625 0.009765625
0 0.3408203125 0.833984375 0.00390625 0.0078125
0 0.37158203125 0.814453125 0.0048828125 0.01171875
0 0.36279296875 0.8134765625 0.0048828125 0.009765625
0 0.35693359375 0.8134765625 0.0048828125 0.009765625
0 0.3466796875 0.8125 0.00390625 0.0078125
0 0.341796875 0.81201171875 0.00390625 0.0087890625
0 0.34228515625 0.8017578125 0.0048828125 0.009765625
