0 0.42626953125 0.1728515625 0.0048828125 0.009765625
0 0.42138671875 0.1728515625 0.0048828125 0.009765625
0 0.4150390625 0.1728515625 0.00390625 0.009765625
0 0.40869140625 0.17236328125 0.0048828125 0.0107421875
0 0.4013671875 0.17236328125 0.005859375 0.0107421875
0 0.4189453125 0.15771484375 0.00390625 0.0087890625
0 0.4140625 0.15869140625 0.00390625 0.0107421875
0 0.40869140625 0.158203125 0.0029296875 0.009765625
0 0.41015625 0.13623046875 0.00390625 0.0087890625
0 0.40185546875 0.1572265625 0.0048828125 0.009765625
0 0.40185546875 0.13671875 0.0048828125 0.009765625
0 0.396484375 0.13623046875 0.00390625 0.0087890625
0 0.39013671875 0.13525390625 0.0048828125 0.0107421875
0 0.4111328125 0.12646484375 0.00390625 0.0087890625
0 0.4052734375 0.12744140625 0.00390625 0.0087890625
0 0.416015625 0.12646484375 0.00390625 0.0107421875
0 0.40625 0.1845703125 0.00390625 0.009765625
0 0.40087890625 0.1845703125 0.0048828125 0.009765625
0 0.41455078125 0.18603515625 0.0048828125 0.0087890625
0 0.42041015625 0.185546875 0.0048828125 0.009765625
0 0.3203125 0.130859375 0.009765625 0.00390625
0 0.32080078125 0.12158203125 0.0087890625 0.0048828125
0 0.32080078125 0.1162109375 0.0107421875 0.005859375
0 0.32080078125 0.1064453125 0.0107421875 0.00390625
0 0.322265625 0.1015625 0.009765625 0.00390625
0 0.32177734375 0.09716796875 0.0087890625 0.0048828125
0 0.322265625 0.09130859375 0.009765625 0.0048828125
0 0.32275390625 0.0859375 0.0107421875 0.005859375
0 0.32275390625 0.07666015625 0.0087890625 0.0048828125
0 0.32421875 0.0634765625 0.009765625 0.005859375
0 0.32373046875 0.2705078125 0.0048828125 0.009765625
0 0.35595703125 0.26025390625 0.0048828125 0.0107421875
0 0.34619140625 0.259765625 0.0048828125 0.0078125
0 0.34130859375 0.25927734375 0.0048828125 0.0107421875
0 0.33544921875 0.25927734375 0.0048828125 0.0107421875
0 0.32958984375 0.25927734375 0.0048828125 0.0087890625
11 0.302734375 0.21142578125 0.048828125 0.0517578125
0 0.4169921875 0.236328125 0.00390625 0.009765625
0 0.43359375 0.18505859375 0.00390625 0.0107421875
0 0.4267578125 0.185546875 0.00390625 0.009765625
0 0.3203125 0.126953125 0.009765625 0.00390625
0 0.322265625 0.1416015625 0.01171875 0.005859375
0 0.3701171875 0.1337890625 0.00390625 0.0078125
0 0.3232421875 0.14794921875 0.009765625 0.0048828125
0 0.36572265625 0.13330078125 0.0029296875 0.0087890625
0 0.36083984375 0.13427734375 0.0048828125 0.0087890625
0 0.3564453125 0.134765625 0.00390625 0.009765625
0 0.3515625 0.134765625 0.005859375 0.0078125
0 0.34619140625 0.134765625 0.0048828125 0.009765625
0 0.34033203125 0.134765625 0.0048828125 0.009765625
0 0.37060546875 0.1240234375 0.0048828125 0.0078125
0 0.3662109375 0.123046875 0.00390625 0.009765625
0 0.3603515625 0.12451171875 0.00390625 0.0087890625
0 0.35595703125 0.12451171875 0.0029296875 0.0087890625
0 0.3515625 0.12451171875 0.005859375 0.0107421875
0 0.3466796875 0.1240234375 0.00390625 0.009765625
0 0.3408203125 0.1240234375 0.00390625 0.0078125
0 0.37158203125 0.1044921875 0.0048828125 0.01171875
0 0.36279296875 0.103515625 0.0048828125 0.009765625
0 0.35693359375 0.103515625 0.0048828125 0.009765625
0 0.3466796875 0.1025390625 0.00390625 0.0078125
0 0.341796875 0.10205078125 0.00390625 0.0087890625
0 0.34228515625 0.091796875 0.0048828125 0.009765625
