7 0.5703125 0.466796875 0.16015625 0.2265625
0 0.470703125 0.03564453125 0.009765625 0.0048828125
0 0.4716796875 0.0263671875 0.009765625 0.00390625
0 0.4716796875 0.02197265625 0.009765625 0.0048828125
0 0.47216796875 0.01708984375 0.0087890625 0.0048828125
0 0.47265625 0.01123046875 0.009765625 0.0048828125
0 0.47216796875 0.00634765625 0.0087890625 0.0048828125
0 0.47265625 0.00244140625 0.009765625 0.0029296875
0 0.4658203125 0.0751953125 0.0078125 0.00390625
0 0.46630859375 0.080078125 0.0087890625 0.00390625
0 0.466796875 0.08984375 0.009765625 0.005859375
0 0.46533203125 0.099609375 0.0087890625 0.00390625
0 0.4638671875 0.14501953125 0.009765625 0.0048828125
0 0.46337890625 0.12939453125 0.0107421875 0.0048828125
0 0.4716796875 0.03076171875 0.009765625 0.0048828125
0 0.470703125 0.041015625 0.009765625 0.00390625
1 0.46533203125 0.1162109375 0.0107421875 0.00390625
0 0.44970703125 0.015625 0.0087890625 0.00390625
0 0.44970703125 0.01025390625 0.0107421875 0.0048828125
0 0.4501953125 0.0048828125 0.009765625 0.00390625
1 0.46484375 0.12109375 0.009765625 0.00390625
1 0.46533203125 0.10986328125 0.0107421875 0.0048828125
1 0.4443359375 0.12109375 0.009765625 0.005859375
1 0.4443359375 0.115234375 0.009765625 0.005859375
1 0.4443359375 0.099609375 0.009765625 0.005859375
7 0.58251953125 0.09912109375 0.1572265625 0.1962890625
7 0.77001953125 0.09423828125 0.1552734375 0.1865234375
7 0.93896484375 0.1044921875 0.1220703125 0.20703125
7 0.75634765625 0.48828125 0.1298828125 0.18359375
7 0.9326171875 0.48876953125 0.134765625 0.2216796875
7 0.404296875 0.900390625 0.158203125 0.19921875
