8 0.3564453125 0.451171875 0.044921875 0.046875
8 0.4853515625 0.435546875 0.041015625 0.046875
8 0.4638671875 0.45263671875 0.04296875 0.0478515625
8 0.4423828125 0.4697265625 0.04296875 0.048828125
8 0.421875 0.4873046875 0.04296875 0.046875
8 0.3994140625 0.5048828125 0.04296875 0.048828125
8 0.44189453125 0.3818359375 0.0419921875 0.044921875
8 0.42041015625 0.39794921875 0.0419921875 0.0458984375
8 0.3994140625 0.41650390625 0.04296875 0.0458984375
8 0.3779296875 0.43310546875 0.04296875 0.0458984375
12 0.294921875 0.41015625 0.052734375 0.0546875
12 0.3955078125 0.3310546875 0.0546875 0.05859375
12 0.37060546875 0.3515625 0.0556640625 0.05859375
12 0.345703125 0.3701171875 0.0546875 0.056640625
12 0.3193359375 0.390625 0.052734375 0.0546875
7 0.5712890625 0.65185546875 0.224609375 0.2431640625
