0 0.31982421875 0.94921875 0.0087890625 0.005859375
0 0.2587890625 0.95166015625 0.009765625 0.0048828125
0 0.2587890625 0.93994140625 0.009765625 0.0048828125
0 0.2587890625 0.9306640625 0.009765625 0.005859375
0 0.44287109375 0.8173828125 0.0029296875 0.0078125
0 0.4189453125 0.6630859375 0.00390625 0.0078125
0 0.40380859375 0.662109375 0.0029296875 0.0078125
0 0.39794921875 0.66162109375 0.0048828125 0.0087890625
0 0.39208984375 0.66162109375 0.0048828125 0.0087890625
0 0.3857421875 0.662109375 0.00390625 0.0078125
0 0.37841796875 0.6611328125 0.0048828125 0.009765625
0 0.37158203125 0.65966796875 0.0048828125 0.0087890625
0 0.3642578125 0.65966796875 0.00390625 0.0087890625
0 0.39990234375 0.64013671875 0.0087890625 0.0048828125
0 0.388671875 0.6376953125 0.009765625 0.005859375
0 0.3759765625 0.638671875 0.0078125 0.00390625
0 0.3564453125 0.63720703125 0.0078125 0.0048828125
0 0.34521484375 0.63720703125 0.0087890625 0.0048828125
0 0.33203125 0.6376953125 0.0078125 0.00390625
0 0.283203125 0.63525390625 0.0078125 0.0048828125
0 0.283203125 0.931640625 0.0078125 0.00390625
0 0.26025390625 0.89208984375 0.0087890625 0.0048828125
0 0.24609375 0.63427734375 0.0078125 0.0048828125
1 0.61376953125 0.4169921875 0.0068359375 0.013671875
7 0.0224609375 0.88037109375 0.04296875 0.2236328125
7 0.1513671875 0.8935546875 0.15625 0.212890625
11 0.62646484375 0.59130859375 0.2392578125 0.2353515625
0 0.5927734375 0.728515625 0.0078125 0.005859375
0 0.58349609375 0.7265625 0.0087890625 0.005859375
0 0.51806640625 0.68408203125 0.0087890625 0.0087890625
1 0.63037109375 0.73193359375 0.0107421875 0.0048828125
0 0.271484375 0.6357421875 0.0078125 0.00390625
