2 0.97509765625 0.97119140625 0.0263671875 0.0263671875
2 0.9423828125 0.9638671875 0.01953125 0.025390625
2 0.92236328125 0.96142578125 0.0205078125 0.0263671875
2 0.9951171875 0.97314453125 0.009765625 0.0263671875
2 0.98828125 0.814453125 0.0234375 0.048828125
2 0.9921875 0.68603515625 0.015625 0.0419921875
2 0.037109375 0.4853515625 0.072265625 0.0703125
2 0.73876953125 0.0078125 0.0576171875 0.013671875
2 0.81298828125 0.01513671875 0.0615234375 0.0283203125
2 0.88916015625 0.02197265625 0.0673828125 0.0419921875
2 0.92822265625 0.40771484375 0.1005859375 0.1181640625
