1 0.9580078125 0.84326171875 0.013671875 0.0048828125
1 0.93408203125 0.82275390625 0.0107421875 0.0048828125
0 0.83984375 0.84326171875 0.0078125 0.0048828125
1 0.89892578125 0.8427734375 0.0107421875 0.005859375
0 0.83837890625 0.80126953125 0.0087890625 0.0048828125
0 0.87353515625 0.80078125 0.0087890625 0.005859375
0 0.88720703125 0.78076171875 0.0087890625 0.0048828125
0 0.8603515625 0.78662109375 0.009765625 0.0048828125
0 0.83984375 0.78271484375 0.009765625 0.0048828125
0 0.80908203125 0.783203125 0.0087890625 0.005859375
0 0.86572265625 0.89013671875 0.0048828125 0.0087890625
0 0.3984375 0.7353515625 0.01171875 0.005859375
1 0.958984375 0.9287109375 0.009765625 0.00390625
0 0.921875 0.89404296875 0.00390625 0.0087890625
0 0.9169921875 0.89306640625 0.00390625 0.0068359375
1 0.91015625 0.89306640625 0.005859375 0.0107421875
1 0.9033203125 0.8916015625 0.005859375 0.01171875
0 0.89697265625 0.89208984375 0.0029296875 0.0087890625
0 0.892578125 0.89111328125 0.00390625 0.0087890625
0 0.88720703125 0.89013671875 0.0048828125 0.0107421875
1 0.953125 0.91650390625 0.009765625 0.0048828125
0 0.87158203125 0.89013671875 0.0048828125 0.0068359375
1 0.95751953125 0.923828125 0.0107421875 0.00390625
0 0.947265625 0.91162109375 0.009765625 0.0048828125
0 0.9541015625 0.90673828125 0.0078125 0.0048828125
0 0.935546875 0.90087890625 0.0078125 0.0048828125
0 0.91162109375 0.90185546875 0.0107421875 0.0048828125
0 0.8818359375 0.89111328125 0.00390625 0.0087890625
0 0.87646484375 0.89013671875 0.0029296875 0.0087890625
0 0.7783203125 0.79052734375 0.0078125 0.0048828125
0 0.9970703125 0.767578125 0.005859375 0.005859375
0 0.62255859375 0.828125 0.0107421875 0.00390625
1 0.34912109375 0.47119140625 0.0146484375 0.0087890625
1 0.36328125 0.53662109375 0.015625 0.0068359375
1 0.3603515625 0.52783203125 0.017578125 0.0068359375
1 0.3544921875 0.50146484375 0.015625 0.0068359375
1 0.34765625 0.47998046875 0.02734375 0.0126953125
1 0.322265625 0.49560546875 0.021484375 0.0244140625
0 0.5673828125 0.82080078125 0.009765625 0.0048828125
1 0.564453125 0.72705078125 0.01171875 0.0068359375
1 0.59228515625 0.82421875 0.0146484375 0.005859375
0 0.5068359375 0.77587890625 0.0078125 0.0048828125
1 0.53515625 0.80712890625 0.01171875 0.0048828125
0 0.4794921875 0.81201171875 0.009765625 0.0048828125
0 0.4423828125 0.81298828125 0.009765625 0.0048828125
0 0.39697265625 0.81201171875 0.0107421875 0.0068359375
1 0.97900390625 0.6279296875 0.0107421875 0.005859375
1 0.97509765625 0.6015625 0.0126953125 0.005859375
1 0.9716796875 0.5947265625 0.013671875 0.005859375
1 0.79296875 0.58203125 0.02734375 0.009765625
0 0.73486328125 0.91162109375 0.0048828125 0.0087890625
0 0.72607421875 0.91162109375 0.0048828125 0.0087890625
0 0.71337890625 0.908203125 0.0048828125 0.009765625
0 0.74658203125 0.81201171875 0.0068359375 0.0048828125
0 0.70556640625 0.81103515625 0.0126953125 0.0048828125
0 0.798828125 0.81640625 0.01171875 0.005859375
0 0.6484375 0.70703125 0.009765625 0.005859375
0 0.6318359375 0.70703125 0.009765625 0.00390625
1 0.76220703125 0.79736328125 0.0126953125 0.0048828125
1 0.73828125 0.818359375 0.017578125 0.005859375
0 0.92578125 0.89404296875 0.001953125 0.0087890625
0 0.92919921875 0.89404296875 0.0029296875 0.0087890625
0 0.93359375 0.89306640625 0.00390625 0.0087890625
2 0.734375 0.3095703125 0.091796875 0.087890625
1 0.94189453125 0.89453125 0.0029296875 0.009765625
0 0.9072265625 0.91748046875 0.009765625 0.0087890625
1 0.95068359375 0.8984375 0.0048828125 0.009765625
1 0.94677734375 0.89599609375 0.0068359375 0.0087890625
0 0.4697265625 0.798828125 0.01171875 0.005859375
0 0.36669921875 0.79833984375 0.0107421875 0.0068359375
1 0.41796875 0.7802734375 0.02734375 0.0078125
0 0.27490234375 0.78515625 0.0087890625 0.005859375
0 0.13916015625 0.8828125 0.0087890625 0.0078125
0 0.13818359375 0.87353515625 0.0087890625 0.0068359375
0 0.34375 0.77001953125 0.009765625 0.0048828125
0 0.3212890625 0.79541015625 0.009765625 0.0048828125
0 0.322265625 0.77978515625 0.009765625 0.0048828125
1 0.31298828125 0.80810546875 0.0146484375 0.0068359375
0 0.263671875 0.7734375 0.0078125 0.005859375
1 0.26416015625 0.8095703125 0.0126953125 0.005859375
0 0.1083984375 0.7841796875 0.009765625 0.005859375
0 0.177734375 0.8095703125 0.009765625 0.005859375
0 0.22412109375 0.80224609375 0.0087890625 0.0048828125
0 0.21533203125 0.79638671875 0.0087890625 0.0048828125
0 0.19384765625 0.80419921875 0.0068359375 0.0048828125
0 0.22900390625 0.7734375 0.0087890625 0.005859375
0 0.1591796875 0.7880859375 0.009765625 0.005859375
0 0.16259765625 0.7421875 0.0107421875 0.005859375
0 0.140625 0.88916015625 0.009765625 0.0087890625
0 0.14892578125 0.8876953125 0.0048828125 0.0078125
0 0.1318359375 0.8642578125 0.00390625 0.0078125
0 0.13134765625 0.873046875 0.0048828125 0.009765625
0 0.515625 0.8935546875 0.005859375 0.009765625
0 0.20751953125 0.9189453125 0.0087890625 0.005859375
0 0.20654296875 0.91357421875 0.0107421875 0.0048828125
0 0.20751953125 0.90869140625 0.0087890625 0.0048828125
0 0.2080078125 0.90380859375 0.0078125 0.0029296875
0 0.20751953125 0.8994140625 0.0087890625 0.005859375
0 0.2080078125 0.89501953125 0.0078125 0.0029296875
0 0.20849609375 0.89013671875 0.0087890625 0.0048828125
0 0.20849609375 0.8818359375 0.0087890625 0.005859375
0 0.208984375 0.87158203125 0.0078125 0.0048828125
0 0.22216796875 0.83935546875 0.0087890625 0.0087890625
0 0.140625 0.90966796875 0.009765625 0.0087890625
0 0.140625 0.9033203125 0.009765625 0.0078125
0 0.13330078125 0.89306640625 0.0048828125 0.0107421875
0 0.1318359375 0.8837890625 0.00390625 0.0078125
0 0.14990234375 0.7421875 0.0107421875 0.00390625
0 0.11328125 0.806640625 0.0078125 0.005859375
0 0.1220703125 0.8154296875 0.009765625 0.005859375
0 0.0283203125 0.78271484375 0.009765625 0.0048828125
0 0.04052734375 0.806640625 0.0087890625 0.005859375
0 0.0517578125 0.78857421875 0.01171875 0.0068359375
0 0.02490234375 0.70751953125 0.0068359375 0.0048828125
0 0.0068359375 0.7080078125 0.0078125 0.00390625
0 0.001953125 0.73876953125 0.001953125 0.0048828125
0 0.0029296875 0.74462890625 0.00390625 0.0048828125
0 0.0029296875 0.75048828125 0.00390625 0.0048828125
0 0.01904296875 0.75341796875 0.0087890625 0.0048828125
0 0.00244140625 0.76171875 0.0029296875 0.00390625
1 0.01123046875 0.88427734375 0.0068359375 0.0107421875
0 0.0810546875 0.78564453125 0.009765625 0.0068359375
0 0.091796875 0.8017578125 0.0078125 0.005859375
