2 0.01611328125 0.78125 0.0302734375 0.044921875
2 0.05810546875 0.7900390625 0.0458984375 0.0390625
2 0.1064453125 0.798828125 0.044921875 0.03515625
2 0.1572265625 0.80517578125 0.0390625 0.0283203125
2 0.201171875 0.8193359375 0.0390625 0.041015625
2 0.08544921875 0.208984375 0.0400390625 0.03515625
2 0.2490234375 0.8271484375 0.041015625 0.033203125
2 0.1591796875 0.326171875 0.056640625 0.044921875
2 0.1953125 0.38623046875 0.09375 0.0751953125
2 0.080078125 0.70556640625 0.03125 0.0361328125
2 0.03955078125 0.69580078125 0.0400390625 0.0400390625
2 0.177734375 0.728515625 0.03515625 0.03515625
2 0.48291015625 0.76611328125 0.0419921875 0.0380859375
2 0.5693359375 0.4404296875 0.1015625 0.091796875
2 0.61083984375 0.49853515625 0.1005859375 0.0869140625
2 0.564453125 0.09716796875 0.037109375 0.0341796875
2 0.58447265625 0.0888671875 0.0380859375 0.03515625
2 0.60546875 0.083984375 0.0390625 0.0390625
2 0.66552734375 0.06591796875 0.0439453125 0.0439453125
2 0.6240234375 0.15625 0.0390625 0.033203125
2 0.65966796875 0.15625 0.0341796875 0.02734375
2 0.68701171875 0.17578125 0.0322265625 0.02734375
14 0.669921875 0.1826171875 0.0234375 0.021484375
2 0.6513671875 0.1845703125 0.037109375 0.025390625
2 0.6298828125 0.19091796875 0.037109375 0.0341796875
2 0.66943359375 0.26708984375 0.0458984375 0.0419921875
2 0.69287109375 0.27734375 0.0419921875 0.03515625
2 0.81787109375 0.626953125 0.1005859375 0.09375
2 0.7939453125 0.75341796875 0.08203125 0.0732421875
