2 0.4404296875 0.82275390625 0.111328125 0.1064453125
2 0.41552734375 0.72412109375 0.1064453125 0.1064453125
2 0.3623046875 0.60986328125 0.111328125 0.1142578125
2 0.62353515625 0.0625 0.1455078125 0.123046875
2 0.73828125 0.75634765625 0.140625 0.1455078125
2 0.78515625 0.05419921875 0.173828125 0.1064453125
2 0.7119140625 0.58837890625 0.138671875 0.1435546875
2 0.94384765625 0.02783203125 0.0986328125 0.0537109375
2 0.89013671875 0.1455078125 0.0869140625 0.08203125
2 0.91357421875 0.26416015625 0.1455078125 0.1298828125
2 0.94677734375 0.53857421875 0.1064453125 0.1416015625
2 0.958984375 0.65869140625 0.08203125 0.1123046875
