2 0.740234375 0.95947265625 0.1015625 0.0810546875
2 0.640625 0.22216796875 0.134765625 0.1376953125
2 0.08837890625 0.59521484375 0.0966796875 0.0966796875
2 0.16796875 0.7978515625 0.1484375 0.138671875
2 0.52392578125 0.603515625 0.0927734375 0.09375
2 0.41552734375 0.7041015625 0.0849609375 0.08203125
2 0.3017578125 0.7265625 0.146484375 0.142578125
2 0.0537109375 0.85693359375 0.10546875 0.1357421875
2 0.3779296875 0.4384765625 0.1484375 0.14453125
2 0.21484375 0.5185546875 0.15234375 0.15234375
