1 0.59423828125 0.64599609375 0.0302734375 0.0224609375
1 0.75244140625 0.4853515625 0.0244140625 0.0234375
1 0.3505859375 0.564453125 0.025390625 0.017578125
1 0.283203125 0.58154296875 0.0234375 0.0087890625
0 0.34521484375 0.01318359375 0.0068359375 0.0107421875
0 0.173828125 0.6455078125 0.0078125 0.0078125
0 0.1357421875 0.70751953125 0.00390625 0.0087890625
0 0.2119140625 0.8876953125 0.01171875 0.005859375
0 0.18896484375 0.88720703125 0.0107421875 0.0068359375
0 0.26513671875 0.89111328125 0.0087890625 0.0068359375
0 0.36767578125 0.96533203125 0.0068359375 0.0087890625
0 0.3603515625 0.97607421875 0.0078125 0.0087890625
1 0.349609375 0.97216796875 0.013671875 0.0166015625
1 0.78076171875 0.48974609375 0.0205078125 0.0224609375
1 0.40576171875 0.45556640625 0.0224609375 0.0185546875
1 0.42529296875 0.42529296875 0.0244140625 0.0185546875
1 0.4296875 0.40673828125 0.0234375 0.0185546875
1 0.43359375 0.3818359375 0.025390625 0.01953125
2 0.4365234375 0.150390625 0.0546875 0.0546875
0 0.26904296875 0.91064453125 0.0068359375 0.0029296875
0 0.37548828125 0.86865234375 0.0107421875 0.0087890625
0 0.16845703125 0.873046875 0.0107421875 0.009765625
0 0.01708984375 0.65185546875 0.0107421875 0.0068359375
0 0.06396484375 0.84228515625 0.0068359375 0.0068359375
0 0.0146484375 0.8564453125 0.0078125 0.005859375
0 0.05078125 0.919921875 0.009765625 0.005859375
