1 0.1533203125 0.84326171875 0.013671875 0.0048828125
0 0.2177734375 0.833984375 0.009765625 0.005859375
0 0.23974609375 0.8291015625 0.0087890625 0.005859375
0 0.2958984375 0.837890625 0.009765625 0.005859375
0 0.25 0.8349609375 0.009765625 0.005859375
1 0.27197265625 0.8505859375 0.0126953125 0.005859375
0 0.2275390625 0.8564453125 0.009765625 0.005859375
1 0.22509765625 0.84716796875 0.0126953125 0.0048828125
1 0.12939453125 0.82275390625 0.0107421875 0.0048828125
0 0.03515625 0.84326171875 0.0078125 0.0048828125
1 0.09423828125 0.8427734375 0.0107421875 0.005859375
0 0.03369140625 0.80126953125 0.0087890625 0.0048828125
0 0.06884765625 0.80078125 0.0087890625 0.005859375
0 0.08251953125 0.78076171875 0.0087890625 0.0048828125
0 0.0556640625 0.78662109375 0.009765625 0.0048828125
0 0.03515625 0.78271484375 0.009765625 0.0048828125
0 0.00439453125 0.783203125 0.0087890625 0.005859375
0 0.3037109375 0.83203125 0.009765625 0.005859375
0 0.06103515625 0.89013671875 0.0048828125 0.0087890625
1 0.154296875 0.9287109375 0.009765625 0.00390625
0 0.1171875 0.89404296875 0.00390625 0.0087890625
0 0.1123046875 0.89306640625 0.00390625 0.0068359375
1 0.10546875 0.89306640625 0.005859375 0.0107421875
1 0.0986328125 0.8916015625 0.005859375 0.01171875
0 0.09228515625 0.89208984375 0.0029296875 0.0087890625
0 0.087890625 0.89111328125 0.00390625 0.0087890625
0 0.08251953125 0.89013671875 0.0048828125 0.0107421875
1 0.1484375 0.91650390625 0.009765625 0.0048828125
0 0.06689453125 0.89013671875 0.0048828125 0.0068359375
1 0.15283203125 0.923828125 0.0107421875 0.00390625
0 0.142578125 0.91162109375 0.009765625 0.0048828125
0 0.1494140625 0.90673828125 0.0078125 0.0048828125
0 0.130859375 0.90087890625 0.0078125 0.0048828125
0 0.10693359375 0.90185546875 0.0107421875 0.0048828125
0 0.0771484375 0.89111328125 0.00390625 0.0087890625
0 0.07177734375 0.89013671875 0.0029296875 0.0087890625
0 0.3017578125 0.74462890625 0.009765625 0.0068359375
0 0.19384765625 0.767578125 0.0087890625 0.005859375
1 0.2421875 0.7568359375 0.013671875 0.009765625
0 0.22412109375 0.62158203125 0.0029296875 0.0068359375
1 0.17431640625 0.6279296875 0.0107421875 0.005859375
1 0.17041015625 0.6015625 0.0126953125 0.005859375
1 0.1669921875 0.5947265625 0.013671875 0.005859375
1 0.00146484375 0.5810546875 0.0009765625 0.0078125
0 0.12109375 0.89404296875 0.001953125 0.0087890625
0 0.12451171875 0.89404296875 0.0029296875 0.0087890625
0 0.12890625 0.89306640625 0.00390625 0.0087890625
1 0.978515625 0.58154296875 0.0234375 0.0087890625
0 0.58251953125 0.5390625 0.0068359375 0.009765625
0 0.869140625 0.6455078125 0.0078125 0.0078125
0 0.8310546875 0.70751953125 0.00390625 0.0087890625
0 0.9072265625 0.8876953125 0.01171875 0.005859375
0 0.88427734375 0.88720703125 0.0107421875 0.0068359375
0 0.96044921875 0.89111328125 0.0087890625 0.0068359375
2 0.45556640625 0.3701171875 0.0673828125 0.060546875
2 0.490234375 0.52001953125 0.080078125 0.0693359375
0 0.96435546875 0.91064453125 0.0068359375 0.0029296875
0 0.86376953125 0.873046875 0.0107421875 0.009765625
0 0.71240234375 0.65185546875 0.0107421875 0.0068359375
1 0.13720703125 0.89453125 0.0029296875 0.009765625
0 0.38818359375 0.83740234375 0.0107421875 0.0048828125
0 0.49755859375 0.826171875 0.0107421875 0.005859375
0 0.451171875 0.84130859375 0.009765625 0.0048828125
0 0.41845703125 0.81591796875 0.0087890625 0.0048828125
0 0.3388671875 0.85400390625 0.009765625 0.0048828125
0 0.34619140625 0.8408203125 0.0107421875 0.005859375
0 0.32177734375 0.84619140625 0.0107421875 0.0048828125
0 0.298828125 0.8154296875 0.009765625 0.005859375
0 0.36767578125 0.84814453125 0.0107421875 0.0048828125
0 0.75927734375 0.84228515625 0.0068359375 0.0068359375
1 0.52685546875 0.833984375 0.0146484375 0.005859375
1 0.51123046875 0.85009765625 0.0126953125 0.0048828125
1 0.4990234375 0.8564453125 0.01171875 0.005859375
0 0.3349609375 0.8115234375 0.009765625 0.005859375
0 0.1025390625 0.91748046875 0.009765625 0.0087890625
1 0.14599609375 0.8984375 0.0048828125 0.009765625
1 0.14208984375 0.89599609375 0.0068359375 0.0087890625
0 0.4970703125 0.87158203125 0.009765625 0.0048828125
0 0.521484375 0.84375 0.01171875 0.005859375
0 0.38232421875 0.72802734375 0.0107421875 0.0068359375
0 0.47265625 0.716796875 0.009765625 0.005859375
0 0.7099609375 0.8564453125 0.0078125 0.005859375
0 0.74609375 0.919921875 0.009765625 0.005859375
0 0.64697265625 0.904296875 0.0126953125 0.0078125
0 0.673828125 0.89697265625 0.0078125 0.0048828125
0 0.60986328125 0.859375 0.0107421875 0.0078125
0 0.56494140625 0.87841796875 0.0087890625 0.0068359375
0 0.5361328125 0.82861328125 0.009765625 0.0068359375
1 0.5224609375 0.81982421875 0.033203125 0.0068359375
0 0.36767578125 0.66064453125 0.0087890625 0.0068359375
0 0.48681640625 0.72412109375 0.0107421875 0.0068359375
