0 0.3076171875 0.859375 0.009765625 0.005859375
0 0.3984375 0.84716796875 0.009765625 0.0048828125
0 0.4404296875 0.83203125 0.009765625 0.005859375
0 0.33154296875 0.89013671875 0.0087890625 0.0048828125
0 0.37548828125 0.8583984375 0.0107421875 0.005859375
1 0.43115234375 0.865234375 0.0107421875 0.005859375
0 0.3349609375 0.859375 0.0078125 0.005859375
0 0.3916015625 0.8798828125 0.009765625 0.005859375
0 0.33935546875 0.8837890625 0.0087890625 0.005859375
1 0.27099609375 0.8740234375 0.0126953125 0.0078125
1 0.20166015625 0.88037109375 0.0126953125 0.0068359375
0 0.4462890625 0.869140625 0.0078125 0.005859375
0 0.45361328125 0.86181640625 0.0087890625 0.0048828125
0 0.47607421875 0.8642578125 0.0087890625 0.005859375
0 0.5380859375 0.82470703125 0.01171875 0.0068359375
0 0.59375 0.8330078125 0.009765625 0.005859375
0 0.58349609375 0.82373046875 0.0107421875 0.0068359375
0 0.57568359375 0.8115234375 0.0107421875 0.0078125
0 0.51220703125 0.85009765625 0.0107421875 0.0048828125
0 0.5322265625 0.81689453125 0.009765625 0.0068359375
0 0.509765625 0.8203125 0.009765625 0.005859375
0 0.51123046875 0.828125 0.0107421875 0.005859375
0 0.94384765625 0.8828125 0.0087890625 0.0078125
0 0.94287109375 0.87353515625 0.0087890625 0.0068359375
0 0.9130859375 0.7841796875 0.009765625 0.005859375
0 0.982421875 0.8095703125 0.009765625 0.005859375
0 0.99755859375 0.80419921875 0.0048828125 0.0048828125
0 0.9638671875 0.7880859375 0.009765625 0.005859375
0 0.96728515625 0.7421875 0.0107421875 0.005859375
0 0.9453125 0.88916015625 0.009765625 0.0087890625
0 0.95361328125 0.8876953125 0.0048828125 0.0078125
0 0.9365234375 0.8642578125 0.00390625 0.0078125
0 0.93603515625 0.873046875 0.0048828125 0.009765625
0 0.9453125 0.90966796875 0.009765625 0.0087890625
0 0.9453125 0.9033203125 0.009765625 0.0078125
0 0.93798828125 0.89306640625 0.0048828125 0.0107421875
0 0.9365234375 0.8837890625 0.00390625 0.0078125
0 0.95458984375 0.7421875 0.0107421875 0.00390625
0 0.91796875 0.806640625 0.0078125 0.005859375
0 0.6259765625 0.8046875 0.009765625 0.005859375
0 0.79296875 0.81591796875 0.009765625 0.0048828125
0 0.7734375 0.783203125 0.0078125 0.005859375
0 0.767578125 0.8251953125 0.01171875 0.005859375
0 0.763671875 0.81298828125 0.009765625 0.0048828125
0 0.732421875 0.79736328125 0.0078125 0.0048828125
0 0.685546875 0.783203125 0.009765625 0.0078125
0 0.66455078125 0.80517578125 0.0087890625 0.0068359375
0 0.69189453125 0.7958984375 0.0087890625 0.005859375
0 0.9267578125 0.8154296875 0.009765625 0.005859375
0 0.68603515625 0.822265625 0.0087890625 0.005859375
0 0.6279296875 0.83447265625 0.01171875 0.0068359375
0 0.60595703125 0.81396484375 0.0107421875 0.0048828125
0 0.6171875 0.8427734375 0.01171875 0.005859375
0 0.80029296875 0.7919921875 0.0087890625 0.005859375
0 0.8330078125 0.78271484375 0.009765625 0.0048828125
0 0.84521484375 0.806640625 0.0087890625 0.005859375
0 0.8564453125 0.78857421875 0.01171875 0.0068359375
0 0.82958984375 0.70751953125 0.0068359375 0.0048828125
0 0.8115234375 0.7080078125 0.0078125 0.00390625
0 0.78857421875 0.71044921875 0.0107421875 0.0068359375
0 0.8037109375 0.73876953125 0.0078125 0.0048828125
0 0.8037109375 0.74462890625 0.01171875 0.0048828125
0 0.8046875 0.75048828125 0.009765625 0.0048828125
0 0.82373046875 0.75341796875 0.0087890625 0.0048828125
0 0.8046875 0.76220703125 0.0078125 0.0048828125
0 0.7802734375 0.7392578125 0.0078125 0.009765625
0 0.79296875 0.75341796875 0.005859375 0.0107421875
0 0.7666015625 0.75439453125 0.009765625 0.0087890625
1 0.81591796875 0.88427734375 0.0068359375 0.0107421875
0 0.8857421875 0.78564453125 0.009765625 0.0068359375
0 0.896484375 0.8017578125 0.0078125 0.005859375
