2 0.30810546875 0.98291015625 0.1416015625 0.0341796875
0 0.4130859375 0.24951171875 0.0234375 0.0419921875
0 0.5078125 0.25048828125 0.01953125 0.0341796875
2 0.61669921875 0.978515625 0.1396484375 0.04296875
2 0.4619140625 0.98046875 0.138671875 0.0390625
0 0.40234375 0.072265625 0.044921875 0.01953125
0 0.38818359375 0.25244140625 0.0185546875 0.0380859375
0 0.53662109375 0.24951171875 0.0185546875 0.0419921875
0 0.0146484375 0.15771484375 0.01953125 0.0439453125
0 0.43603515625 0.248046875 0.0205078125 0.03515625
0 0.46533203125 0.25 0.0205078125 0.03515625
1 0.109375 0.98828125 0.0234375 0.0234375
1 0.15478515625 0.99267578125 0.0244140625 0.0146484375
0 0.23095703125 0.1484375 0.0166015625 0.033203125
0 0.16015625 0.2548828125 0.017578125 0.04296875
0 0.0537109375 0.267578125 0.037109375 0.015625
0 0.0390625 0.15478515625 0.017578125 0.0380859375
0 0.0654296875 0.15234375 0.01953125 0.041015625
0 0.087890625 0.15576171875 0.021484375 0.0478515625
0 0.11181640625 0.1533203125 0.0185546875 0.0390625
0 0.1591796875 0.14794921875 0.01953125 0.0361328125
0 0.18212890625 0.154296875 0.0166015625 0.029296875
