0 0.07470703125 0.162109375 0.0400390625 0.029296875
0 0.0947265625 0.23779296875 0.037109375 0.0283203125
0 0.10498046875 0.216796875 0.0419921875 0.029296875
0 0.11279296875 0.1953125 0.0419921875 0.029296875
0 0.1376953125 0.1357421875 0.044921875 0.03125
2 0.4052734375 0.7197265625 0.1171875 0.099609375
2 0.17236328125 0.56689453125 0.0849609375 0.0888671875
2 0.20654296875 0.6298828125 0.0791015625 0.09375
2 0.248046875 0.54052734375 0.091796875 0.1181640625
2 0.2138671875 0.47265625 0.07421875 0.09375
2 0.29150390625 0.45947265625 0.0966796875 0.1025390625
2 0.24267578125 0.38134765625 0.0771484375 0.0927734375
2 0.314453125 0.35791015625 0.08203125 0.0947265625
2 0.35302734375 0.26611328125 0.0908203125 0.1103515625
2 0.3251953125 0.201171875 0.11328125 0.123046875
2 0.390625 0.1787109375 0.083984375 0.091796875
2 0.3505859375 0.10888671875 0.078125 0.0810546875
2 0.42431640625 0.0869140625 0.0947265625 0.11328125
2 0.39013671875 0.0322265625 0.0771484375 0.0625
0 0.02392578125 0.1416015625 0.0302734375 0.03515625
0 0.09228515625 0.119140625 0.0400390625 0.03125
0 0.06689453125 0.60302734375 0.0322265625 0.0439453125
0 0.12939453125 0.1533203125 0.0380859375 0.025390625
0 0.81982421875 0.97607421875 0.0341796875 0.0458984375
0 0.79833984375 0.9677734375 0.0341796875 0.052734375
0 0.7294921875 0.93994140625 0.033203125 0.0439453125
0 0.70947265625 0.982421875 0.0341796875 0.033203125
0 0.66357421875 0.96728515625 0.0439453125 0.0400390625
0 0.03955078125 0.87353515625 0.0302734375 0.0400390625
0 0.0810546875 0.27734375 0.04296875 0.033203125
0 0.12451171875 0.17236328125 0.0458984375 0.0322265625
0 0.08935546875 0.138671875 0.0400390625 0.029296875
0 0.01806640625 0.80517578125 0.0283203125 0.0380859375
1 0.55419921875 0.0205078125 0.0263671875 0.0390625
0 0.06640625 0.19189453125 0.037109375 0.0283203125
0 0.9384765625 0.93310546875 0.029296875 0.0419921875
0 0.6884765625 0.91748046875 0.03125 0.0419921875
0 0.4326171875 0.802734375 0.033203125 0.04296875
0 0.02099609375 0.85107421875 0.0302734375 0.0400390625
0 0.05810546875 0.8330078125 0.0361328125 0.044921875
0 0.04150390625 0.81591796875 0.0302734375 0.0361328125
