1 0.59814453125 0.7802734375 0.0478515625 0.076171875
0 0.39599609375 0.67431640625 0.0283203125 0.0361328125
2 0.70361328125 0.79052734375 0.1103515625 0.1025390625
2 0.80029296875 0.81640625 0.1044921875 0.087890625
2 0.59423828125 0.654296875 0.0751953125 0.080078125
2 0.7939453125 0.66455078125 0.07421875 0.0908203125
2 0.8349609375 0.55517578125 0.078125 0.0927734375
0 0.373046875 0.66552734375 0.0234375 0.0380859375
0 0.63232421875 0.76904296875 0.0302734375 0.0439453125
0 0.4130859375 0.69140625 0.03125 0.041015625
0 0.56494140625 0.77001953125 0.0263671875 0.0380859375
0 0.4306640625 0.69677734375 0.029296875 0.0361328125
