2 0.5615234375 0.0537109375 0.091796875 0.06640625
2 0.4599609375 0.04541015625 0.08203125 0.0615234375
2 0.25634765625 0.0341796875 0.0830078125 0.056640625
2 0.3583984375 0.03759765625 0.091796875 0.0673828125
2 0.1640625 0.04736328125 0.09375 0.0927734375
2 0.1943359375 0.11962890625 0.09375 0.0986328125
2 0.10693359375 0.12646484375 0.0927734375 0.0966796875
2 0.05615234375 0.21044921875 0.0986328125 0.1005859375
2 0.14404296875 0.20703125 0.1318359375 0.134765625
2 0.95947265625 0.0751953125 0.0810546875 0.06640625
0 0.64697265625 0.4140625 0.0205078125 0.0390625
0 0.75927734375 0.11328125 0.0400390625 0.03515625
0 0.8076171875 0.1318359375 0.033203125 0.03515625
0 0.76953125 0.13232421875 0.037109375 0.0341796875
0 0.77392578125 0.18359375 0.0341796875 0.033203125
0 0.77294921875 0.28369140625 0.0361328125 0.0361328125
0 0.87548828125 0.283203125 0.0400390625 0.0390625
0 0.806640625 0.2578125 0.03125 0.029296875
0 0.7080078125 0.2607421875 0.0234375 0.0390625
0 0.8603515625 0.43603515625 0.0234375 0.0419921875
0 0.72265625 0.5185546875 0.01953125 0.041015625
0 0.6708984375 0.4130859375 0.01953125 0.046875
0 0.83740234375 0.43603515625 0.0166015625 0.0380859375
0 0.89501953125 0.09619140625 0.0400390625 0.0361328125
0 0.8525390625 0.53515625 0.017578125 0.0390625
0 0.81103515625 0.529296875 0.0205078125 0.046875
0 0.2294921875 0.3857421875 0.04296875 0.021484375
0 0.52099609375 0.50244140625 0.0205078125 0.0341796875
0 0.5302734375 0.41796875 0.01953125 0.033203125
0 0.55224609375 0.41796875 0.0166015625 0.03125
0 0.5771484375 0.416015625 0.017578125 0.033203125
0 0.5068359375 0.41845703125 0.01953125 0.0322265625
0 0.48095703125 0.48486328125 0.0458984375 0.0244140625
0 0.8857421875 0.2158203125 0.0390625 0.041015625
0 0.9111328125 0.07861328125 0.03125 0.0361328125
0 0.771484375 0.1591796875 0.0390625 0.037109375
0 0.77294921875 0.2109375 0.0341796875 0.037109375
0 0.806640625 0.1796875 0.03515625 0.03515625
0 0.7734375 0.23486328125 0.037109375 0.0380859375
0 0.78955078125 0.5263671875 0.0185546875 0.037109375
0 0.7666015625 0.52880859375 0.01953125 0.0380859375
0 0.7451171875 0.52734375 0.01953125 0.03515625
0 0.30078125 0.59765625 0.021484375 0.04296875
0 0.623046875 0.41845703125 0.01953125 0.0341796875
0 0.6015625 0.42041015625 0.021484375 0.0361328125
