1 0.8623046875 0.9755859375 0.029296875 0.048828125
1 0.85986328125 0.85205078125 0.0205078125 0.0439453125
2 0.43212890625 0.41162109375 0.1455078125 0.1357421875
2 0.46142578125 0.51611328125 0.1533203125 0.1611328125
2 0.74267578125 0.3173828125 0.1025390625 0.125
2 0.88720703125 0.20068359375 0.0947265625 0.1103515625
2 0.955078125 0.84912109375 0.08984375 0.1533203125
2 0.72900390625 0.90625 0.1376953125 0.130859375
2 0.46533203125 0.91455078125 0.1396484375 0.1318359375
2 0.3212890625 0.91162109375 0.15234375 0.1474609375
2 0.47705078125 0.75537109375 0.1474609375 0.1435546875
1 0.81787109375 0.78955078125 0.0185546875 0.0458984375
1 0.87158203125 0.791015625 0.0185546875 0.044921875
1 0.87158203125 0.8359375 0.0185546875 0.044921875
1 0.85888671875 0.80224609375 0.0166015625 0.0478515625
2 0.419921875 0.29052734375 0.158203125 0.1630859375
