2 0.962890625 0.65087890625 0.07421875 0.0888671875
2 0.8642578125 0.4677734375 0.08203125 0.08984375
2 0.81005859375 0.55224609375 0.0888671875 0.0966796875
2 0.75927734375 0.63671875 0.0869140625 0.099609375
2 0.68603515625 0.64990234375 0.0751953125 0.0830078125
2 0.46240234375 0.56884765625 0.0771484375 0.0849609375
2 0.52001953125 0.48876953125 0.0908203125 0.0986328125
2 0.64013671875 0.3837890625 0.1259765625 0.13671875
2 0.8583984375 0.05126953125 0.08203125 0.0849609375
2 0.73388671875 0.15185546875 0.0927734375 0.1044921875
2 0.5869140625 0.044921875 0.09375 0.087890625
2 0.4296875 0.29150390625 0.064453125 0.0712890625
2 0.3203125 0.4580078125 0.095703125 0.103515625
2 0.2666015625 0.541015625 0.095703125 0.1015625
2 0.83984375 0.39697265625 0.115234375 0.1201171875
2 0.2158203125 0.625 0.08203125 0.09765625
