2 0.0205078125 0.1015625 0.0390625 0.146484375
2 0.12548828125 0.09228515625 0.1318359375 0.1494140625
2 0.49072265625 0.0927734375 0.1337890625 0.140625
2 0.66552734375 0.08935546875 0.1337890625 0.1494140625
2 0.83740234375 0.07763671875 0.1318359375 0.1259765625
2 0.68603515625 0.51513671875 0.1787109375 0.1826171875
2 0.80419921875 0.6005859375 0.1787109375 0.1953125
2 0.4853515625 0.71337890625 0.185546875 0.1708984375
2 0.51611328125 0.4775390625 0.1552734375 0.181640625
2 0.33935546875 0.47314453125 0.1533203125 0.1630859375
