2 0.9609375 0.0703125 0.078125 0.091796875
2 0.97607421875 0.142578125 0.0478515625 0.09765625
2 0.91162109375 0.14892578125 0.0927734375 0.0966796875
2 0.86083984375 0.23291015625 0.0986328125 0.1005859375
2 0.94140625 0.2294921875 0.1171875 0.134765625
2 0.59814453125 0.14599609375 0.0947265625 0.0986328125
2 0.34326171875 0.0478515625 0.0966796875 0.09375
2 0.2548828125 0.05078125 0.08203125 0.0859375
2 0.2861328125 0.1337890625 0.08203125 0.087890625
2 0.1962890625 0.13427734375 0.080078125 0.0849609375
2 0.22900390625 0.21923828125 0.0966796875 0.1005859375
2 0.1435546875 0.22314453125 0.0859375 0.0908203125
0 0.02978515625 0.44921875 0.0185546875 0.03515625
0 0.10791015625 0.4453125 0.0205078125 0.041015625
0 0.1552734375 0.4501953125 0.017578125 0.033203125
0 0.21875 0.447265625 0.01953125 0.03515625
0 0.1943359375 0.44775390625 0.017578125 0.0302734375
0 0.1748046875 0.4462890625 0.021484375 0.041015625
0 0.13330078125 0.45068359375 0.0166015625 0.0322265625
0 0.013671875 0.720703125 0.025390625 0.05078125
0 0.03955078125 0.72509765625 0.0185546875 0.0302734375
0 0.08251953125 0.72412109375 0.0185546875 0.0341796875
0 0.12255859375 0.71923828125 0.0419921875 0.0419921875
0 0.61669921875 0.75439453125 0.0185546875 0.0322265625
0 0.64111328125 0.74951171875 0.0185546875 0.0419921875
0 0.6904296875 0.75341796875 0.01953125 0.0400390625
0 0.71484375 0.7568359375 0.01953125 0.033203125
0 0.76904296875 0.7587890625 0.0205078125 0.0390625
0 0.66796875 0.751953125 0.021484375 0.03515625
