0 0.41650390625 0.50341796875 0.0205078125 0.0361328125
0 0.57763671875 0.5244140625 0.0400390625 0.041015625
0 0.8974609375 0.53857421875 0.017578125 0.0322265625
0 0.87646484375 0.5390625 0.0263671875 0.033203125
0 0.818359375 0.53369140625 0.0390625 0.0400390625
0 0.0458984375 0.36279296875 0.017578125 0.0283203125
0 0.05859375 0.15185546875 0.01953125 0.0439453125
0 0.27587890625 0.09375 0.0205078125 0.04296875
0 0.45458984375 0.2646484375 0.0185546875 0.037109375
0 0.310546875 0.267578125 0.037109375 0.015625
0 0.61083984375 0.52490234375 0.0439453125 0.0361328125
0 0.2958984375 0.5078125 0.033203125 0.044921875
0 0.34716796875 0.50341796875 0.0322265625 0.0458984375
2 0.318359375 0.064453125 0.109375 0.115234375
2 0.3876953125 0.4716796875 0.115234375 0.1015625
2 0.31494140625 0.22509765625 0.0927734375 0.0947265625
0 0.08154296875 0.7783203125 0.0205078125 0.041015625
0 0.0625 0.02880859375 0.015625 0.0341796875
