1 0.86181640625 0.66943359375 0.0302734375 0.0517578125
1 0.85986328125 0.54443359375 0.0205078125 0.0439453125
2 0.43212890625 0.10400390625 0.1455078125 0.1357421875
2 0.46142578125 0.20849609375 0.1533203125 0.1611328125
2 0.74267578125 0.03662109375 0.1025390625 0.0712890625
2 0.955078125 0.54150390625 0.08984375 0.1533203125
2 0.72900390625 0.5986328125 0.1376953125 0.130859375
2 0.46533203125 0.60693359375 0.1396484375 0.1318359375
2 0.3212890625 0.60400390625 0.15234375 0.1474609375
2 0.47705078125 0.44775390625 0.1474609375 0.1435546875
1 0.81787109375 0.48193359375 0.0185546875 0.0458984375
1 0.87158203125 0.4833984375 0.0185546875 0.044921875
1 0.87158203125 0.5283203125 0.0185546875 0.044921875
1 0.85888671875 0.49462890625 0.0166015625 0.0478515625
