2 0.0205078125 0.4091796875 0.0390625 0.146484375
2 0.12548828125 0.39990234375 0.1318359375 0.1494140625
2 0.01904296875 0.08056640625 0.0361328125 0.1572265625
2 0.49072265625 0.400390625 0.1337890625 0.140625
2 0.66552734375 0.39697265625 0.1337890625 0.1494140625
2 0.83740234375 0.38525390625 0.1318359375 0.1259765625
2 0.68603515625 0.82275390625 0.1787109375 0.1826171875
2 0.80419921875 0.9052734375 0.1787109375 0.189453125
2 0.4931640625 0.9677734375 0.169921875 0.064453125
2 0.51611328125 0.78515625 0.1552734375 0.181640625
2 0.33935546875 0.78076171875 0.1533203125 0.1630859375
