0 0.4765625 0.39208984375 0.0390625 0.0263671875
0 0.11962890625 0.74951171875 0.0419921875 0.0400390625
0 0.123046875 0.72607421875 0.037109375 0.0361328125
0 0.05859375 0.978515625 0.01953125 0.04296875
0 0.27587890625 0.9208984375 0.0205078125 0.04296875
2 0.17333984375 0.4990234375 0.0732421875 0.1015625
2 0.93408203125 0.50830078125 0.0654296875 0.0830078125
2 0.84521484375 0.50341796875 0.0849609375 0.0927734375
2 0.5712890625 0.49462890625 0.255859375 0.2412109375
2 0.03173828125 0.57568359375 0.0576171875 0.0791015625
2 0.0341796875 0.47900390625 0.06640625 0.0927734375
2 0.34765625 0.50830078125 0.0625 0.0849609375
2 0.318359375 0.8916015625 0.109375 0.115234375
0 0.0625 0.85595703125 0.015625 0.0341796875
