0 0.41650390625 0.52587890625 0.0205078125 0.0361328125
0 0.57763671875 0.546875 0.0400390625 0.041015625
0 0.8974609375 0.56103515625 0.017578125 0.0322265625
0 0.87646484375 0.5615234375 0.0263671875 0.033203125
0 0.818359375 0.55615234375 0.0390625 0.0400390625
0 0.0458984375 0.38525390625 0.017578125 0.0283203125
0 0.05859375 0.17431640625 0.01953125 0.0439453125
0 0.27587890625 0.1162109375 0.0205078125 0.04296875
0 0.45458984375 0.287109375 0.0185546875 0.037109375
0 0.310546875 0.2900390625 0.037109375 0.015625
0 0.61083984375 0.54736328125 0.0439453125 0.0361328125
0 0.2958984375 0.5302734375 0.033203125 0.044921875
0 0.34716796875 0.52587890625 0.0322265625 0.0458984375
2 0.318359375 0.0869140625 0.109375 0.115234375
2 0.3876953125 0.494140625 0.115234375 0.1015625
2 0.31494140625 0.24755859375 0.0927734375 0.0947265625
0 0.08154296875 0.80078125 0.0205078125 0.041015625
0 0.0625 0.05126953125 0.015625 0.0341796875
