1 0.05712890625 0.66943359375 0.0302734375 0.0517578125
1 0.05517578125 0.54443359375 0.0205078125 0.0439453125
2 0.4013671875 0.1259765625 0.130859375 0.1484375
2 0.587890625 0.1015625 0.138671875 0.146484375
2 0.74267578125 0.09228515625 0.1318359375 0.1494140625
2 0.45361328125 0.50341796875 0.1376953125 0.1376953125
2 0.29638671875 0.533203125 0.1103515625 0.125
2 0.1796875 0.54345703125 0.1484375 0.1572265625
2 0.93994140625 0.478515625 0.1201171875 0.15234375
1 0.01318359375 0.48193359375 0.0185546875 0.0458984375
1 0.06689453125 0.4833984375 0.0185546875 0.044921875
1 0.06689453125 0.5283203125 0.0185546875 0.044921875
1 0.05419921875 0.49462890625 0.0166015625 0.0478515625
