2 0.97607421875 0.1201171875 0.0478515625 0.09765625
2 0.91162109375 0.12646484375 0.0927734375 0.0966796875
2 0.86083984375 0.21044921875 0.0986328125 0.1005859375
2 0.94140625 0.20703125 0.1171875 0.134765625
2 0.59814453125 0.12353515625 0.0947265625 0.0986328125
2 0.34033203125 0.03662109375 0.0908203125 0.0712890625
2 0.24951171875 0.0361328125 0.0712890625 0.0703125
2 0.2861328125 0.111328125 0.08203125 0.087890625
2 0.1962890625 0.11181640625 0.080078125 0.0849609375
2 0.22900390625 0.19677734375 0.0966796875 0.1005859375
2 0.1435546875 0.20068359375 0.0859375 0.0908203125
2 0.03271484375 0.02978515625 0.0634765625 0.0576171875
0 0.02978515625 0.4267578125 0.0185546875 0.03515625
0 0.10791015625 0.4228515625 0.0205078125 0.041015625
0 0.1552734375 0.427734375 0.017578125 0.033203125
0 0.21875 0.4248046875 0.01953125 0.03515625
0 0.1943359375 0.42529296875 0.017578125 0.0302734375
0 0.1748046875 0.423828125 0.021484375 0.041015625
0 0.13330078125 0.42822265625 0.0166015625 0.0322265625
0 0.013671875 0.6982421875 0.025390625 0.05078125
0 0.03955078125 0.70263671875 0.0185546875 0.0302734375
0 0.08251953125 0.70166015625 0.0185546875 0.0341796875
0 0.12255859375 0.69677734375 0.0419921875 0.0419921875
0 0.61669921875 0.73193359375 0.0185546875 0.0322265625
0 0.64111328125 0.72705078125 0.0185546875 0.0419921875
0 0.6904296875 0.73095703125 0.01953125 0.0400390625
0 0.71484375 0.734375 0.01953125 0.033203125
0 0.76904296875 0.736328125 0.0205078125 0.0390625
0 0.66796875 0.7294921875 0.021484375 0.03515625
