2 0.60205078125 0.19921875 0.0751953125 0.08203125
2 0.9541015625 0.21630859375 0.076171875 0.0830078125
2 0.87744140625 0.2763671875 0.1201171875 0.125
2 0.52490234375 0.1962890625 0.0771484375 0.08984375
2 0.47998046875 0.23681640625 0.0791015625 0.1142578125
2 0.41943359375 0.2060546875 0.0908203125 0.10546875
2 0.5634765625 0.51171875 0.111328125 0.115234375
2 0.46875 0.51123046875 0.064453125 0.0751953125
2 0.41162109375 0.49658203125 0.0771484375 0.0849609375
2 0.2626953125 0.4892578125 0.1171875 0.126953125
2 0.08203125 0.583984375 0.109375 0.125
2 0.23779296875 0.185546875 0.0556640625 0.044921875
2 0.826171875 0.220703125 0.060546875 0.0625
