0 0.14111328125 0.68115234375 0.0498046875 0.0361328125
1 0.55419921875 0.16552734375 0.0263671875 0.0576171875
1 0.0283203125 0.171875 0.0546875 0.078125
0 0.1181640625 0.2978515625 0.048828125 0.02734375
0 0.04736328125 0.5654296875 0.0224609375 0.046875
0 0.1357421875 0.73974609375 0.041015625 0.0361328125
0 0.15087890625 0.80810546875 0.0498046875 0.0419921875
0 0.13916015625 0.76806640625 0.0419921875 0.0361328125
0 0.181640625 0.04248046875 0.029296875 0.0400390625
0 0.2900390625 0.0439453125 0.025390625 0.04296875
0 0.3271484375 0.0400390625 0.021484375 0.046875
0 0.3505859375 0.0439453125 0.017578125 0.0390625
0 0.37109375 0.04052734375 0.01953125 0.0419921875
0 0.4072265625 0.044921875 0.02734375 0.041015625
0 0.43115234375 0.03955078125 0.0205078125 0.0439453125
0 0.45361328125 0.0400390625 0.0205078125 0.04296875
1 0.2724609375 0.4189453125 0.072265625 0.0234375
1 0.26220703125 0.3642578125 0.0791015625 0.02734375
1 0.5283203125 0.16796875 0.025390625 0.0625
1 0.5009765625 0.16943359375 0.025390625 0.0576171875
1 0.09423828125 0.35595703125 0.0751953125 0.0419921875
1 0.1025390625 0.42236328125 0.072265625 0.0478515625
1 0.111328125 0.4609375 0.072265625 0.0390625
1 0.11328125 0.490234375 0.072265625 0.04296875
1 0.12451171875 0.5576171875 0.0751953125 0.044921875
1 0.12548828125 0.58935546875 0.0751953125 0.0478515625
1 0.13134765625 0.6201171875 0.0693359375 0.044921875
1 0.14794921875 0.71630859375 0.0673828125 0.0498046875
1 0.16455078125 0.84326171875 0.0751953125 0.0458984375
1 0.1728515625 0.90771484375 0.06640625 0.0439453125
1 0.27734375 0.50927734375 0.07421875 0.0283203125
1 0.28759765625 0.70361328125 0.0751953125 0.0341796875
1 0.302734375 0.77978515625 0.078125 0.0341796875
1 0.27490234375 0.48095703125 0.0830078125 0.0322265625
1 0.265625 0.4521484375 0.080078125 0.033203125
1 0.294921875 0.73779296875 0.08203125 0.0322265625
1 0.369140625 0.216796875 0.03125 0.060546875
1 0.39697265625 0.22802734375 0.0263671875 0.0791015625
1 0.4208984375 0.20458984375 0.021484375 0.0576171875
1 0.44677734375 0.17626953125 0.0224609375 0.0615234375
1 0.47509765625 0.17919921875 0.0263671875 0.0595703125
0 0.47265625 0.04150390625 0.01953125 0.0517578125
0 0.49365234375 0.0419921875 0.0185546875 0.056640625
0 0.5126953125 0.04248046875 0.0234375 0.0537109375
0 0.302734375 0.80322265625 0.0546875 0.0244140625
0 0.47265625 0.8359375 0.068359375 0.056640625
0 0.47607421875 0.880859375 0.0458984375 0.041015625
0 0.720703125 0.697265625 0.05078125 0.033203125
0 0.724609375 0.7373046875 0.05078125 0.0234375
0 0.81396484375 0.6728515625 0.0478515625 0.021484375
0 0.82958984375 0.744140625 0.0458984375 0.02734375
0 0.7373046875 0.7919921875 0.05078125 0.03125
0 0.7421875 0.8203125 0.048828125 0.029296875
0 0.84814453125 0.8017578125 0.0458984375 0.021484375
0 0.849609375 0.84326171875 0.052734375 0.0283203125
0 0.6640625 0.994140625 0.017578125 0.01171875
0 0.68505859375 0.99658203125 0.0244140625 0.0068359375
0 0.7109375 0.9970703125 0.029296875 0.005859375
0 0.46533203125 0.80517578125 0.0537109375 0.0537109375
1 0.416015625 0.72314453125 0.05859375 0.0283203125
0 0.5361328125 0.037109375 0.021484375 0.048828125
0 0.27099609375 0.63330078125 0.0517578125 0.0283203125
0 0.55419921875 0.04248046875 0.0224609375 0.0517578125
0 0.5751953125 0.03515625 0.0234375 0.048828125
0 0.59521484375 0.04150390625 0.0205078125 0.0498046875
0 0.61279296875 0.041015625 0.0263671875 0.04296875
0 0.63671875 0.0400390625 0.0234375 0.048828125
0 0.65625 0.041015625 0.0234375 0.044921875
0 0.68017578125 0.0400390625 0.0224609375 0.0546875
0 0.69873046875 0.03857421875 0.0185546875 0.0458984375
0 0.740234375 0.0380859375 0.02734375 0.044921875
0 0.76318359375 0.0341796875 0.0263671875 0.041015625
1 0.74072265625 0.1708984375 0.0693359375 0.05859375
1 0.74609375 0.20263671875 0.068359375 0.0576171875
0 0.7705078125 0.21826171875 0.052734375 0.0439453125
0 0.68798828125 0.41064453125 0.0498046875 0.0224609375
0 0.78759765625 0.4404296875 0.0498046875 0.029296875
0 0.697265625 0.5224609375 0.03515625 0.0234375
0 0.7001953125 0.544921875 0.041015625 0.0234375
0 0.70068359375 0.56591796875 0.0439453125 0.0224609375
0 0.70947265625 0.642578125 0.0439453125 0.01953125
0 0.81298828125 0.611328125 0.0517578125 0.03125
0 0.28466796875 0.599609375 0.0576171875 0.029296875
1 0.08837890625 0.32470703125 0.0751953125 0.0439453125
