0 0.8017578125 0.93310546875 0.046875 0.0263671875
2 0.85107421875 0.96728515625 0.1025390625 0.0634765625
2 0.8623046875 0.5556640625 0.10546875 0.103515625
2 0.87890625 0.63720703125 0.09765625 0.0927734375
2 0.52734375 0.6884765625 0.091796875 0.08984375
2 0.19189453125 0.048828125 0.0947265625 0.095703125
2 0.67822265625 0.47705078125 0.1025390625 0.1005859375
2 0.27587890625 0.0537109375 0.0986328125 0.091796875
2 0.291015625 0.1337890625 0.09765625 0.095703125
2 0.375 0.1376953125 0.1015625 0.09765625
2 0.38623046875 0.22021484375 0.0927734375 0.0947265625
2 0.48486328125 0.306640625 0.1005859375 0.09375
2 0.58642578125 0.28076171875 0.0966796875 0.1025390625
2 0.6640625 0.39111328125 0.1015625 0.0986328125
0 0.4580078125 0.61669921875 0.03515625 0.0380859375
0 0.05322265625 0.515625 0.0380859375 0.041015625
0 0.0712890625 0.52978515625 0.033203125 0.0380859375
0 0.103515625 0.564453125 0.03125 0.03515625
2 0.623046875 0.0556640625 0.0859375 0.072265625
2 0.755859375 0.16943359375 0.05859375 0.0556640625
