0 0.3046875 0.18505859375 0.017578125 0.0302734375
0 0.32470703125 0.18798828125 0.0166015625 0.0322265625
0 0.376953125 0.05029296875 0.015625 0.0302734375
0 0.3369140625 0.04931640625 0.015625 0.0341796875
0 0.2421875 0.04736328125 0.017578125 0.0341796875
0 0.181640625 0.046875 0.01953125 0.033203125
0 0.0185546875 0.00830078125 0.03515625 0.0146484375
8 0.64990234375 0.18994140625 0.0791015625 0.1669921875
8 0.77587890625 0.193359375 0.0830078125 0.16796875
8 0.51708984375 0.4716796875 0.0810546875 0.166015625
8 0.642578125 0.474609375 0.08203125 0.16796875
8 0.7705078125 0.47705078125 0.078125 0.1669921875
9 0.1142578125 0.85595703125 0.2265625 0.2568359375
0 0.4560546875 0.0595703125 0.017578125 0.03515625
0 0.34619140625 0.18603515625 0.0166015625 0.0322265625
0 0.39697265625 0.31396484375 0.0419921875 0.0146484375
0 0.28466796875 0.189453125 0.0166015625 0.03515625
0 0.162109375 0.27294921875 0.017578125 0.0380859375
0 0.10888671875 0.02197265625 0.0361328125 0.0146484375
0 0.017578125 0.02734375 0.033203125 0.015625
0 0.39404296875 0.35791015625 0.0361328125 0.0185546875
0 0.2802734375 0.31591796875 0.033203125 0.0185546875
0 0.2822265625 0.3359375 0.033203125 0.017578125
0 0.28369140625 0.376953125 0.0341796875 0.017578125
0 0.2822265625 0.357421875 0.0390625 0.01953125
0 0.140625 0.27392578125 0.017578125 0.0361328125
0 0.11181640625 0.2431640625 0.0380859375 0.017578125
0 0.11376953125 0.22265625 0.0361328125 0.017578125
0 0.111328125 0.20458984375 0.03515625 0.0185546875
0 0.1123046875 0.18359375 0.0390625 0.01953125
0 0.2275390625 0.1826171875 0.01953125 0.037109375
0 0.2470703125 0.1845703125 0.017578125 0.03515625
