1 0.34423828125 0.95166015625 0.0673828125 0.0810546875
0 0.14111328125 0.51123046875 0.0498046875 0.0361328125
1 0.5556640625 0.0126953125 0.0234375 0.0234375
1 0.02099609375 0.02294921875 0.0400390625 0.0439453125
0 0.1181640625 0.1279296875 0.048828125 0.02734375
0 0.04736328125 0.3955078125 0.0224609375 0.046875
0 0.1357421875 0.56982421875 0.041015625 0.0361328125
1 0.4208984375 0.9423828125 0.060546875 0.078125
0 0.15087890625 0.63818359375 0.0498046875 0.0419921875
0 0.13916015625 0.59814453125 0.0419921875 0.0361328125
1 0.2724609375 0.2490234375 0.072265625 0.0234375
1 0.26220703125 0.1943359375 0.0791015625 0.02734375
1 0.52978515625 0.01513671875 0.0224609375 0.0283203125
1 0.50146484375 0.0146484375 0.0244140625 0.02734375
1 0.09423828125 0.18603515625 0.0751953125 0.0419921875
1 0.1025390625 0.25244140625 0.072265625 0.0478515625
1 0.111328125 0.291015625 0.072265625 0.0390625
1 0.11328125 0.3203125 0.072265625 0.04296875
1 0.12451171875 0.3876953125 0.0751953125 0.044921875
1 0.12548828125 0.41943359375 0.0751953125 0.0478515625
1 0.13134765625 0.4501953125 0.0693359375 0.044921875
1 0.14794921875 0.54638671875 0.0673828125 0.0498046875
1 0.16455078125 0.67333984375 0.0751953125 0.0458984375
1 0.1728515625 0.73779296875 0.06640625 0.0439453125
1 0.27734375 0.33935546875 0.07421875 0.0283203125
1 0.28759765625 0.53369140625 0.0751953125 0.0341796875
1 0.302734375 0.60986328125 0.078125 0.0341796875
1 0.27490234375 0.31103515625 0.0830078125 0.0322265625
1 0.265625 0.2822265625 0.080078125 0.033203125
1 0.294921875 0.56787109375 0.08203125 0.0322265625
1 0.369140625 0.046875 0.03125 0.060546875
1 0.39697265625 0.05810546875 0.0263671875 0.0791015625
1 0.4208984375 0.03466796875 0.021484375 0.0576171875
1 0.44677734375 0.01904296875 0.0205078125 0.0361328125
1 0.47509765625 0.02001953125 0.0263671875 0.0380859375
0 0.302734375 0.63330078125 0.0546875 0.0244140625
0 0.47265625 0.666015625 0.068359375 0.056640625
0 0.47607421875 0.7109375 0.0458984375 0.041015625
0 0.720703125 0.52734375 0.05078125 0.033203125
0 0.724609375 0.5673828125 0.05078125 0.0234375
0 0.81396484375 0.5029296875 0.0478515625 0.021484375
0 0.82958984375 0.57421875 0.0458984375 0.02734375
0 0.7373046875 0.6220703125 0.05078125 0.03125
0 0.7421875 0.650390625 0.048828125 0.029296875
0 0.84814453125 0.6318359375 0.0458984375 0.021484375
0 0.849609375 0.67333984375 0.052734375 0.0283203125
0 0.56689453125 0.86181640625 0.0283203125 0.0419921875
0 0.587890625 0.85693359375 0.0234375 0.0400390625
0 0.615234375 0.84619140625 0.0234375 0.0361328125
0 0.6328125 0.84423828125 0.0234375 0.0361328125
0 0.66552734375 0.8408203125 0.0205078125 0.044921875
0 0.6875 0.845703125 0.029296875 0.044921875
0 0.71240234375 0.8486328125 0.0322265625 0.048828125
0 0.46533203125 0.63525390625 0.0537109375 0.0537109375
1 0.416015625 0.55322265625 0.05859375 0.0283203125
0 0.27099609375 0.46337890625 0.0517578125 0.0283203125
1 0.73974609375 0.015625 0.0673828125 0.029296875
1 0.74609375 0.03271484375 0.068359375 0.0576171875
0 0.7705078125 0.04833984375 0.052734375 0.0439453125
0 0.68798828125 0.24072265625 0.0498046875 0.0224609375
0 0.78759765625 0.2705078125 0.0498046875 0.029296875
0 0.697265625 0.3525390625 0.03515625 0.0234375
0 0.7001953125 0.375 0.041015625 0.0234375
0 0.70068359375 0.39599609375 0.0439453125 0.0224609375
0 0.70947265625 0.47265625 0.0439453125 0.01953125
0 0.81298828125 0.44140625 0.0517578125 0.03125
0 0.28466796875 0.4296875 0.0576171875 0.029296875
1 0.08837890625 0.15478515625 0.0751953125 0.0439453125
