2 0.79736328125 0.24853515625 0.1396484375 0.1572265625
2 0.978515625 0.3515625 0.04296875 0.068359375
2 0.9765625 0.263671875 0.046875 0.09375
2 0.2001953125 0.77685546875 0.095703125 0.0654296875
2 0.64990234375 0.7509765625 0.0927734375 0.072265625
2 0.5673828125 0.61767578125 0.12109375 0.1123046875
2 0.70947265625 0.62646484375 0.1064453125 0.0908203125
2 0.79736328125 0.70361328125 0.0947265625 0.0673828125
2 0.85546875 0.638671875 0.08984375 0.07421875
2 0.96533203125 0.640625 0.0693359375 0.06640625
2 0.6650390625 0.31884765625 0.173828125 0.1787109375
