8 0.8330078125 0.53515625 0.166015625 0.19921875
8 0.44580078125 0.8095703125 0.1650390625 0.203125
8 0.53955078125 0.75341796875 0.1650390625 0.2021484375
8 0.482421875 0.35595703125 0.16015625 0.2001953125
8 0.65234375 0.25244140625 0.1640625 0.2001953125
8 0.73828125 0.5908203125 0.166015625 0.201171875
8 0.9228515625 0.47802734375 0.154296875 0.2001953125
8 0.935546875 0.82470703125 0.12890625 0.1884765625
8 0.8544921875 0.88916015625 0.166015625 0.2001953125
8 0.75439453125 0.92431640625 0.1611328125 0.1513671875
8 0.6376953125 0.953125 0.126953125 0.09375
0 0.9892578125 0.6689453125 0.021484375 0.04296875
8 0.3515625 0.86669921875 0.1640625 0.1982421875
