2 0.986328125 0.9892578125 0.02734375 0.021484375
2 0.95068359375 0.98876953125 0.0361328125 0.0224609375
2 0.04052734375 0.8447265625 0.0302734375 0.03515625
2 0.041015625 0.8115234375 0.03515625 0.033203125
2 0.037109375 0.7802734375 0.046875 0.0390625
2 0.44287109375 0.4130859375 0.0439453125 0.044921875
2 0.50048828125 0.4775390625 0.0478515625 0.048828125
2 0.55859375 0.5439453125 0.05078125 0.052734375
2 0.43896484375 0.72265625 0.0361328125 0.046875
2 0.61083984375 0.8486328125 0.0439453125 0.044921875
2 0.5361328125 0.98388671875 0.044921875 0.0322265625
2 0.48828125 0.98388671875 0.041015625 0.0322265625
2 0.44287109375 0.98779296875 0.0439453125 0.0244140625
2 0.75146484375 0.9365234375 0.0439453125 0.044921875
2 0.82666015625 0.81982421875 0.0458984375 0.0458984375
2 0.86083984375 0.85498046875 0.0439453125 0.0458984375
2 0.89208984375 0.89208984375 0.0458984375 0.0478515625
2 0.92626953125 0.9267578125 0.0458984375 0.048828125
2 0.9208984375 0.9658203125 0.044921875 0.044921875
2 0.1162109375 0.791015625 0.048828125 0.046875
2 0.06640625 0.80126953125 0.044921875 0.0400390625
2 0.7119140625 0.361328125 0.048828125 0.052734375
2 0.66650390625 0.318359375 0.0595703125 0.068359375
2 0.61767578125 0.26513671875 0.0595703125 0.0654296875
2 0.77978515625 0.66064453125 0.0341796875 0.0341796875
2 0.9052734375 0.74609375 0.056640625 0.05859375
2 0.9404296875 0.78173828125 0.044921875 0.0478515625
2 0.97021484375 0.8232421875 0.0595703125 0.068359375
2 0.85546875 0.52001953125 0.056640625 0.0634765625
2 0.677734375 0.67529296875 0.041015625 0.0439453125
2 0.63232421875 0.69140625 0.0400390625 0.044921875
2 0.447265625 0.14892578125 0.05078125 0.0537109375
