8 0.67578125 0.16552734375 0.0546875 0.0986328125
8 0.60888671875 0.48681640625 0.0556640625 0.0986328125
8 0.2099609375 0.2587890625 0.0546875 0.099609375
8 0.2822265625 0.2509765625 0.0546875 0.099609375
8 0.146484375 0.43359375 0.0546875 0.09765625
8 0.21923828125 0.4267578125 0.0537109375 0.099609375
8 0.31396484375 0.41748046875 0.0537109375 0.0986328125
8 0.1123046875 0.84033203125 0.056640625 0.0302734375
8 0.52392578125 0.4951171875 0.0537109375 0.099609375
8 0.60546875 0.1728515625 0.052734375 0.099609375
8 0.45263671875 0.5029296875 0.0537109375 0.09765625
8 0.4384765625 0.35888671875 0.0546875 0.0986328125
8 0.509765625 0.35107421875 0.0546875 0.0986328125
8 0.5947265625 0.34228515625 0.052734375 0.0986328125
8 0.44921875 0.18798828125 0.0546875 0.1005859375
8 0.5205078125 0.18115234375 0.052734375 0.0986328125
9 0.23486328125 0.04736328125 0.0517578125 0.0322265625
