2 0.6591796875 0.779296875 0.037109375 0.046875
2 0.6240234375 0.1982421875 0.046875 0.048828125
2 0.61865234375 0.23388671875 0.0419921875 0.0458984375
2 0.51318359375 0.28076171875 0.0400390625 0.0400390625
2 0.5458984375 0.3154296875 0.048828125 0.048828125
2 0.580078125 0.35400390625 0.046875 0.0458984375
2 0.6484375 0.427734375 0.05078125 0.05078125
2 0.52392578125 0.6455078125 0.0439453125 0.037109375
2 0.48779296875 0.642578125 0.0380859375 0.033203125
2 0.4912109375 0.76220703125 0.046875 0.0400390625
2 0.43701171875 0.77880859375 0.0458984375 0.0400390625
2 0.66943359375 0.818359375 0.0302734375 0.033203125
2 0.6826171875 0.857421875 0.03125 0.041015625
2 0.697265625 0.896484375 0.037109375 0.04296875
2 0.55517578125 0.9365234375 0.0380859375 0.046875
2 0.44091796875 0.91650390625 0.0400390625 0.0498046875
2 0.455078125 0.9599609375 0.04296875 0.05078125
2 0.46533203125 0.98974609375 0.0302734375 0.0205078125
2 0.58349609375 0.1962890625 0.0439453125 0.046875
2 0.23974609375 0.0439453125 0.0439453125 0.044921875
2 0.1650390625 0.181640625 0.044921875 0.037109375
2 0.119140625 0.1806640625 0.044921875 0.03515625
2 0.07275390625 0.19091796875 0.0458984375 0.0400390625
2 0.0302734375 0.20751953125 0.046875 0.0419921875
2 0.00732421875 0.2138671875 0.0126953125 0.037109375
2 0.4462890625 0.20751953125 0.046875 0.0478515625
2 0.38037109375 0.1318359375 0.0439453125 0.044921875
2 0.4580078125 0.01953125 0.041015625 0.037109375
2 0.48974609375 0.05029296875 0.0439453125 0.0458984375
2 0.52099609375 0.08740234375 0.0458984375 0.0478515625
2 0.55517578125 0.1220703125 0.0458984375 0.048828125
2 0.5498046875 0.1611328125 0.044921875 0.044921875
2 0.4794921875 0.24267578125 0.044921875 0.0458984375
2 0.38037109375 0.99267578125 0.0302734375 0.0146484375
2 0.37158203125 0.9658203125 0.0341796875 0.041015625
2 0.3525390625 0.57177734375 0.046875 0.0400390625
2 0.60205078125 0.02685546875 0.0556640625 0.0517578125
2 0.63330078125 0.05078125 0.0341796875 0.03515625
2 0.705078125 0.12255859375 0.046875 0.0498046875
2 0.7373046875 0.1591796875 0.037109375 0.041015625
2 0.77099609375 0.197265625 0.0439453125 0.046875
2 0.65625 0.23486328125 0.04296875 0.0458984375
2 0.69287109375 0.26953125 0.0439453125 0.046875
2 0.72021484375 0.34326171875 0.0458984375 0.0498046875
2 0.75732421875 0.34521484375 0.0458984375 0.0498046875
2 0.89990234375 0.1630859375 0.0478515625 0.05078125
2 0.86181640625 0.125 0.0478515625 0.05078125
2 0.82666015625 0.0859375 0.0498046875 0.048828125
2 0.78955078125 0.0478515625 0.0419921875 0.044921875
2 0.75341796875 0.01953125 0.0478515625 0.037109375
2 0.30810546875 0.58349609375 0.0498046875 0.0419921875
2 0.3583984375 0.92431640625 0.03515625 0.0458984375
2 0.3291015625 0.83740234375 0.0390625 0.0517578125
2 0.287109375 0.7255859375 0.037109375 0.03515625
2 0.30859375 0.693359375 0.046875 0.04296875
2 0.22802734375 0.7470703125 0.0322265625 0.03125
2 0.1875 0.7197265625 0.04296875 0.037109375
2 0.169921875 0.7646484375 0.044921875 0.0390625
2 0.1279296875 0.73583984375 0.03515625 0.0341796875
2 0.1103515625 0.7841796875 0.03125 0.029296875
2 0.130859375 0.94189453125 0.04296875 0.0517578125
2 0.14453125 0.98046875 0.037109375 0.0390625
2 0.04052734375 0.9970703125 0.0263671875 0.005859375
2 0.0380859375 0.9306640625 0.04296875 0.048828125
