0 0.04345703125 0.97314453125 0.0283203125 0.0400390625
8 0.8330078125 0.16015625 0.166015625 0.19921875
0 0.93798828125 0.9599609375 0.0400390625 0.029296875
0 0.10693359375 0.96044921875 0.0244140625 0.0400390625
8 0.44580078125 0.4345703125 0.1650390625 0.203125
8 0.53955078125 0.37841796875 0.1650390625 0.2021484375
8 0.50341796875 0.041015625 0.1181640625 0.080078125
8 0.73828125 0.2158203125 0.166015625 0.201171875
8 0.9228515625 0.10302734375 0.154296875 0.2001953125
8 0.935546875 0.44970703125 0.12890625 0.1884765625
8 0.8544921875 0.51416015625 0.166015625 0.2001953125
8 0.75537109375 0.5732421875 0.1630859375 0.19921875
8 0.65673828125 0.63232421875 0.1650390625 0.2021484375
8 0.55322265625 0.693359375 0.1669921875 0.201171875
8 0.447265625 0.75732421875 0.1640625 0.1982421875
0 0.9892578125 0.2939453125 0.021484375 0.04296875
8 0.3515625 0.49169921875 0.1640625 0.1982421875
