2 0.33154296875 0.62255859375 0.0478515625 0.0439453125
2 0.44189453125 0.59912109375 0.0498046875 0.0419921875
2 0.46044921875 0.55615234375 0.0498046875 0.0439453125
2 0.40478515625 0.56884765625 0.0498046875 0.0400390625
2 0.3505859375 0.58203125 0.048828125 0.044921875
2 0.29638671875 0.5927734375 0.0517578125 0.04296875
2 0.2568359375 0.4365234375 0.052734375 0.044921875
2 0.29296875 0.46435546875 0.048828125 0.0419921875
2 0.46240234375 0.4267578125 0.0498046875 0.041015625
2 0.3701171875 0.40869140625 0.044921875 0.0380859375
2 0.4814453125 0.3818359375 0.048828125 0.04296875
2 0.4169921875 0.26953125 0.046875 0.041015625
2 0.3603515625 0.283203125 0.044921875 0.037109375
2 0.30517578125 0.29931640625 0.0439453125 0.0380859375
2 0.193359375 0.31982421875 0.05078125 0.0419921875
2 0.384765625 0.609375 0.05078125 0.044921875
2 0.5537109375 0.5703125 0.046875 0.04296875
2 0.60986328125 0.55908203125 0.0517578125 0.0439453125
2 0.22314453125 0.95751953125 0.0478515625 0.0380859375
2 0.42041015625 0.8994140625 0.0498046875 0.044921875
2 0.57568359375 0.3994140625 0.0498046875 0.041015625
2 0.685546875 0.37451171875 0.052734375 0.0458984375
2 0.6513671875 0.341796875 0.048828125 0.0390625
2 0.6962890625 0.2060546875 0.04296875 0.041015625
2 0.64013671875 0.21630859375 0.0517578125 0.0439453125
2 0.36376953125 0.779296875 0.0537109375 0.044921875
2 0.38671875 0.73779296875 0.05078125 0.0439453125
2 0.47802734375 0.75732421875 0.0498046875 0.0419921875
2 0.4970703125 0.71484375 0.05078125 0.044921875
2 0.5361328125 0.7421875 0.044921875 0.044921875
2 0.59130859375 0.732421875 0.0458984375 0.037109375
2 0.60888671875 0.689453125 0.0517578125 0.04296875
2 0.66845703125 0.67529296875 0.0517578125 0.0458984375
2 0.685546875 0.5048828125 0.052734375 0.044921875
2 0.6328125 0.517578125 0.056640625 0.044921875
