2 0.6591796875 0.439453125 0.037109375 0.046875
2 0.58251953125 0.01904296875 0.0419921875 0.0361328125
2 0.6484375 0.087890625 0.05078125 0.05078125
2 0.52392578125 0.3056640625 0.0439453125 0.037109375
2 0.48779296875 0.302734375 0.0380859375 0.033203125
2 0.4912109375 0.42236328125 0.046875 0.0400390625
2 0.43701171875 0.43896484375 0.0458984375 0.0400390625
2 0.66943359375 0.478515625 0.0302734375 0.033203125
2 0.6826171875 0.517578125 0.03125 0.041015625
2 0.697265625 0.556640625 0.037109375 0.04296875
2 0.55517578125 0.5966796875 0.0380859375 0.046875
2 0.44091796875 0.57666015625 0.0400390625 0.0498046875
2 0.455078125 0.6201171875 0.04296875 0.05078125
2 0.4677734375 0.662109375 0.03515625 0.044921875
2 0.4794921875 0.70654296875 0.03515625 0.0478515625
2 0.6494140625 0.7392578125 0.046875 0.04296875
2 0.6923828125 0.734375 0.041015625 0.05078125
2 0.4091796875 0.751953125 0.044921875 0.046875
2 0.39404296875 0.71044921875 0.0361328125 0.0478515625
2 0.3837890625 0.66796875 0.037109375 0.044921875
2 0.37158203125 0.6259765625 0.0341796875 0.041015625
2 0.3525390625 0.23193359375 0.046875 0.0400390625
2 0.72119140625 0.0146484375 0.0439453125 0.02734375
2 0.75732421875 0.015625 0.0458984375 0.029296875
2 0.30810546875 0.24365234375 0.0498046875 0.0419921875
2 0.3583984375 0.58447265625 0.03515625 0.0458984375
2 0.3291015625 0.49755859375 0.0390625 0.0517578125
2 0.287109375 0.3857421875 0.037109375 0.03515625
2 0.30859375 0.353515625 0.046875 0.04296875
2 0.22802734375 0.4072265625 0.0322265625 0.03125
2 0.1875 0.3798828125 0.04296875 0.037109375
2 0.169921875 0.4248046875 0.044921875 0.0390625
2 0.1279296875 0.39599609375 0.03515625 0.0341796875
2 0.1103515625 0.4443359375 0.03125 0.029296875
2 0.130859375 0.60205078125 0.04296875 0.0517578125
2 0.14501953125 0.64501953125 0.0380859375 0.0478515625
2 0.15576171875 0.68896484375 0.0380859375 0.0478515625
2 0.08984375 0.732421875 0.0390625 0.048828125
2 0.1025390625 0.775390625 0.037109375 0.048828125
2 0.07763671875 0.69140625 0.0380859375 0.046875
2 0.04345703125 0.67578125 0.0322265625 0.04296875
2 0.19482421875 0.8134765625 0.0380859375 0.046875
2 0.12744140625 0.86083984375 0.0380859375 0.0478515625
2 0.0380859375 0.5908203125 0.04296875 0.048828125
2 0.67578125 0.79248046875 0.02734375 0.0400390625
2 0.720703125 0.78076171875 0.03515625 0.0439453125
