8 0.68896484375 0.72509765625 0.0751953125 0.1083984375
8 0.5625 0.77001953125 0.076171875 0.1083984375
8 0.4951171875 0.79296875 0.076171875 0.109375
8 0.42919921875 0.8154296875 0.0751953125 0.107421875
8 0.3642578125 0.83837890625 0.076171875 0.1083984375
8 0.62451171875 0.748046875 0.0732421875 0.107421875
9 0.8017578125 0.56640625 0.060546875 0.07421875
8 0.70166015625 0.43603515625 0.0791015625 0.1083984375
8 0.37158203125 0.25830078125 0.0751953125 0.1083984375
8 0.30029296875 0.28173828125 0.0751953125 0.1083984375
8 0.21728515625 0.3095703125 0.0751953125 0.107421875
8 0.1494140625 0.33251953125 0.07421875 0.1083984375
8 0.08251953125 0.3564453125 0.0751953125 0.109375
8 0.166015625 0.5048828125 0.076171875 0.107421875
8 0.22998046875 0.4833984375 0.0751953125 0.109375
8 0.31298828125 0.4541015625 0.0732421875 0.107421875
8 0.38427734375 0.43017578125 0.0751953125 0.1083984375
8 0.267578125 0.671875 0.080078125 0.109375
8 0.33544921875 0.64208984375 0.0810546875 0.1083984375
8 0.41552734375 0.6064453125 0.0810546875 0.109375
8 0.47900390625 0.578125 0.0810546875 0.107421875
8 0.5439453125 0.55029296875 0.080078125 0.1083984375
8 0.6328125 0.46337890625 0.078125 0.1083984375
