1 0.69775390625 0.89453125 0.0517578125 0.068359375
1 0.86669921875 0.70263671875 0.0556640625 0.0732421875
1 0.34228515625 0.57373046875 0.0576171875 0.0673828125
1 0.45947265625 0.736328125 0.0693359375 0.078125
1 0.61279296875 0.84033203125 0.0595703125 0.0712890625
1 0.56591796875 0.80126953125 0.0576171875 0.0732421875
1 0.6533203125 0.865234375 0.05859375 0.072265625
1 0.81494140625 0.78173828125 0.0341796875 0.0791015625
1 0.298828125 0.33203125 0.052734375 0.0625
1 0.39697265625 0.392578125 0.0498046875 0.060546875
1 0.5185546875 0.474609375 0.0546875 0.06640625
0 0.22802734375 0.05810546875 0.0517578125 0.0380859375
0 0.19287109375 0.6689453125 0.0400390625 0.033203125
0 0.23828125 0.69287109375 0.0390625 0.0380859375
0 0.318359375 0.74658203125 0.044921875 0.0400390625
0 0.36279296875 0.77392578125 0.0400390625 0.0400390625
0 0.400390625 0.79833984375 0.04296875 0.0380859375
1 0.890625 0.7197265625 0.056640625 0.068359375
1 0.83984375 0.68505859375 0.05859375 0.0693359375
0 0.9755859375 0.802734375 0.048828125 0.03515625
1 0.81298828125 0.66845703125 0.0556640625 0.0712890625
1 0.30029296875 0.38525390625 0.1005859375 0.1337890625
1 0.328125 0.39599609375 0.09765625 0.1298828125
1 0.35302734375 0.412109375 0.0947265625 0.125
1 0.396484375 0.44775390625 0.107421875 0.1435546875
1 0.4677734375 0.44384765625 0.060546875 0.0751953125
1 0.4951171875 0.458984375 0.056640625 0.068359375
1 0.5791015625 0.50244140625 0.041015625 0.0478515625
1 0.60107421875 0.5322265625 0.0556640625 0.072265625
1 0.6279296875 0.54736328125 0.0546875 0.0712890625
1 0.65625 0.5595703125 0.05078125 0.06640625
1 0.6796875 0.580078125 0.05859375 0.076171875
1 0.70751953125 0.59814453125 0.0537109375 0.0712890625
1 0.7333984375 0.61376953125 0.0546875 0.0712890625
1 0.7587890625 0.63232421875 0.056640625 0.0712890625
1 0.7861328125 0.64599609375 0.0546875 0.0673828125
0 0.3544921875 0.87548828125 0.037109375 0.0458984375
0 0.298828125 0.84423828125 0.03515625 0.0419921875
0 0.28076171875 0.8330078125 0.0322265625 0.0390625
0 0.26611328125 0.81884765625 0.0361328125 0.0439453125
0 0.888671875 0.97900390625 0.037109375 0.0419921875
0 0.9267578125 0.99267578125 0.025390625 0.0146484375
0 0.95751953125 0.837890625 0.0341796875 0.029296875
0 0.97216796875 0.82080078125 0.0419921875 0.0322265625
0 0.86962890625 0.97216796875 0.0341796875 0.0419921875
0 0.81640625 0.93701171875 0.0390625 0.0458984375
0 0.78271484375 0.91748046875 0.0341796875 0.0361328125
0 0.54833984375 0.9912109375 0.0283203125 0.017578125
0 0.21435546875 0.7841796875 0.0322265625 0.041015625
0 0.55908203125 0.9072265625 0.0439453125 0.037109375
0 0.47705078125 0.9609375 0.0361328125 0.041015625
0 0.4951171875 0.970703125 0.03515625 0.0390625
0 0.51171875 0.97998046875 0.03515625 0.0400390625
0 0.765625 0.90576171875 0.041015625 0.0419921875
0 0.6845703125 0.98583984375 0.052734375 0.0283203125
0 0.640625 0.96142578125 0.04296875 0.0400390625
0 0.91796875 0.72705078125 0.037109375 0.0380859375
0 0.74755859375 0.8984375 0.0419921875 0.041015625
1 0.2529296875 0.35009765625 0.103515625 0.1396484375
