0 0.5 0.37255859375 0.025390625 0.0380859375
0 0.490234375 0.27587890625 0.0234375 0.0419921875
0 0.17626953125 0.28857421875 0.0224609375 0.0400390625
0 0.0849609375 0.3095703125 0.01953125 0.0390625
0 0.162109375 0.33740234375 0.0234375 0.0439453125
0 0.24560546875 0.27490234375 0.0244140625 0.0458984375
0 0.34521484375 0.3017578125 0.0244140625 0.041015625
0 0.2763671875 0.318359375 0.025390625 0.044921875
0 0.28125 0.17333984375 0.0234375 0.0439453125
0 0.25732421875 0.17431640625 0.0244140625 0.0478515625
0 0.2119140625 0.1796875 0.0234375 0.0390625
0 0.1865234375 0.18408203125 0.0234375 0.0439453125
8 0.494140625 0.56494140625 0.1328125 0.2158203125
8 0.3720703125 0.5888671875 0.134765625 0.21875
8 0.61328125 0.5400390625 0.130859375 0.216796875
8 0.7333984375 0.51513671875 0.1328125 0.2158203125
8 0.853515625 0.48974609375 0.1328125 0.2177734375
0 0.1845703125 0.32861328125 0.0234375 0.0380859375
0 0.5166015625 0.2734375 0.02734375 0.04296875
0 0.41162109375 0.39501953125 0.0263671875 0.0419921875
0 0.3369140625 0.26025390625 0.025390625 0.0361328125
0 0.38525390625 0.39501953125 0.0224609375 0.0380859375
0 0.1845703125 0.43603515625 0.0234375 0.0439453125
0 0.11376953125 0.44775390625 0.0205078125 0.0380859375
0 0.06591796875 0.44677734375 0.0224609375 0.0380859375
0 0.2529296875 0.31689453125 0.0234375 0.0419921875
0 0.4384765625 0.2900390625 0.025390625 0.041015625
0 0.23193359375 0.32177734375 0.0283203125 0.0419921875
0 0.22265625 0.27587890625 0.02734375 0.0478515625
0 0.6572265625 0.3349609375 0.029296875 0.044921875
0 0.60986328125 0.3427734375 0.0302734375 0.052734375
0 0.45654296875 0.38232421875 0.0263671875 0.0400390625
0 0.43505859375 0.3857421875 0.0263671875 0.041015625
0 0.3642578125 0.40087890625 0.0234375 0.0419921875
0 0.34228515625 0.40478515625 0.0263671875 0.0439453125
0 0.318359375 0.4091796875 0.02734375 0.044921875
0 0.29443359375 0.41357421875 0.0302734375 0.0439453125
0 0.25048828125 0.42041015625 0.0302734375 0.0498046875
0 0.2265625 0.42236328125 0.02734375 0.0458984375
0 0.2060546875 0.4345703125 0.025390625 0.04296875
0 0.16162109375 0.4375 0.0224609375 0.041015625
0 0.1376953125 0.4453125 0.025390625 0.044921875
0 0.08984375 0.44580078125 0.025390625 0.0439453125
0 0.291015625 0.26904296875 0.02734375 0.0478515625
8 0.2509765625 0.61474609375 0.130859375 0.2197265625
