8 0.40869140625 0.2744140625 0.0439453125 0.08984375
9 0.484375 0.5576171875 0.12109375 0.1796875
9 0.67041015625 0.6044921875 0.0966796875 0.142578125
8 0.8115234375 0.701171875 0.0625 0.09765625
8 0.86181640625 0.712890625 0.0615234375 0.09765625
12 0.8583984375 0.248046875 0.0625 0.11328125
8 0.763671875 0.255859375 0.04296875 0.08984375
8 0.70849609375 0.25537109375 0.0458984375 0.0908203125
8 0.57568359375 0.27734375 0.0517578125 0.09375
8 0.521484375 0.2724609375 0.05078125 0.09375
8 0.353515625 0.27490234375 0.044921875 0.0908203125
8 0.5859375 0.0693359375 0.05078125 0.09375
8 0.72265625 0.04638671875 0.04296875 0.0908203125
8 0.77099609375 0.04296875 0.0517578125 0.083984375
8 0.890625 0.0390625 0.048828125 0.076171875
8 0.94580078125 0.03564453125 0.0498046875 0.0693359375
8 0.9892578125 0.03173828125 0.021484375 0.0615234375
9 0.45458984375 0.69384765625 0.1064453125 0.0732421875
