1 0.55615234375 0.89453125 0.0517578125 0.068359375
1 0.72509765625 0.70263671875 0.0556640625 0.0732421875
1 0.20068359375 0.57373046875 0.0576171875 0.0673828125
1 0.31787109375 0.736328125 0.0693359375 0.078125
1 0.47119140625 0.84033203125 0.0595703125 0.0712890625
1 0.42431640625 0.80126953125 0.0576171875 0.0732421875
1 0.51171875 0.865234375 0.05859375 0.072265625
1 0.67333984375 0.78173828125 0.0341796875 0.0791015625
1 0.1572265625 0.33203125 0.052734375 0.0625
1 0.25537109375 0.392578125 0.0498046875 0.060546875
1 0.376953125 0.474609375 0.0546875 0.06640625
0 0.08642578125 0.05810546875 0.0517578125 0.0380859375
0 0.05126953125 0.6689453125 0.0400390625 0.033203125
0 0.0966796875 0.69287109375 0.0390625 0.0380859375
0 0.1767578125 0.74658203125 0.044921875 0.0400390625
0 0.22119140625 0.77392578125 0.0400390625 0.0400390625
0 0.2587890625 0.79833984375 0.04296875 0.0380859375
1 0.7490234375 0.7197265625 0.056640625 0.068359375
1 0.6982421875 0.68505859375 0.05859375 0.0693359375
0 0.833984375 0.802734375 0.048828125 0.03515625
1 0.67138671875 0.66845703125 0.0556640625 0.0712890625
1 0.15869140625 0.38525390625 0.1005859375 0.1337890625
1 0.1865234375 0.39599609375 0.09765625 0.1298828125
1 0.21142578125 0.412109375 0.0947265625 0.125
1 0.2548828125 0.44775390625 0.107421875 0.1435546875
1 0.326171875 0.44384765625 0.060546875 0.0751953125
1 0.353515625 0.458984375 0.056640625 0.068359375
1 0.4375 0.50244140625 0.041015625 0.0478515625
1 0.45947265625 0.5322265625 0.0556640625 0.072265625
1 0.486328125 0.54736328125 0.0546875 0.0712890625
1 0.5146484375 0.5595703125 0.05078125 0.06640625
1 0.5380859375 0.580078125 0.05859375 0.076171875
1 0.56591796875 0.59814453125 0.0537109375 0.0712890625
1 0.591796875 0.61376953125 0.0546875 0.0712890625
1 0.6171875 0.63232421875 0.056640625 0.0712890625
1 0.64453125 0.64599609375 0.0546875 0.0673828125
0 0.212890625 0.87548828125 0.037109375 0.0458984375
0 0.1572265625 0.84423828125 0.03515625 0.0419921875
0 0.13916015625 0.8330078125 0.0322265625 0.0390625
0 0.12451171875 0.81884765625 0.0361328125 0.0439453125
0 0.7470703125 0.97900390625 0.037109375 0.0419921875
0 0.78515625 0.99267578125 0.025390625 0.0146484375
0 0.96435546875 0.9697265625 0.0400390625 0.033203125
0 0.88232421875 0.91650390625 0.0576171875 0.0400390625
0 0.8896484375 0.89404296875 0.04296875 0.0380859375
0 0.9033203125 0.8779296875 0.04296875 0.037109375
0 0.9248046875 0.84716796875 0.052734375 0.0419921875
0 0.9384765625 0.8271484375 0.046875 0.0390625
0 0.96923828125 0.7744140625 0.0419921875 0.037109375
0 0.81591796875 0.837890625 0.0341796875 0.029296875
0 0.83056640625 0.82080078125 0.0419921875 0.0322265625
0 0.72802734375 0.97216796875 0.0341796875 0.0419921875
0 0.6748046875 0.93701171875 0.0390625 0.0458984375
0 0.64111328125 0.91748046875 0.0341796875 0.0361328125
0 0.40673828125 0.9912109375 0.0283203125 0.017578125
0 0.07275390625 0.7841796875 0.0322265625 0.041015625
0 0.41748046875 0.9072265625 0.0439453125 0.037109375
0 0.33544921875 0.9609375 0.0361328125 0.041015625
0 0.353515625 0.970703125 0.03515625 0.0390625
0 0.3701171875 0.97998046875 0.03515625 0.0400390625
0 0.6240234375 0.90576171875 0.041015625 0.0419921875
0 0.54296875 0.98583984375 0.052734375 0.0283203125
0 0.4990234375 0.96142578125 0.04296875 0.0400390625
0 0.7763671875 0.72705078125 0.037109375 0.0380859375
0 0.60595703125 0.8984375 0.0419921875 0.041015625
1 0.111328125 0.35009765625 0.103515625 0.1396484375
