0 0.69140625 0.92041015625 0.03125 0.0380859375
0 0.67236328125 0.93212890625 0.0322265625 0.0380859375
8 0.39208984375 0.6083984375 0.1005859375 0.1875
8 0.525390625 0.59326171875 0.10546875 0.1845703125
8 0.66162109375 0.5791015625 0.1005859375 0.18359375
8 0.62841796875 0.2919921875 0.1005859375 0.185546875
8 0.4931640625 0.30615234375 0.1015625 0.1845703125
8 0.3583984375 0.3212890625 0.1015625 0.185546875
8 0.6005859375 0.04736328125 0.091796875 0.0927734375
8 0.46484375 0.0556640625 0.09765625 0.109375
8 0.3291015625 0.0634765625 0.09765625 0.125
