1 0.5087890625 0.1669921875 0.091796875 0.04296875
1 0.474609375 0.662109375 0.0703125 0.037109375
1 0.75634765625 0.4990234375 0.1494140625 0.05078125
1 0.814453125 0.55078125 0.0625 0.03515625
1 0.47998046875 0.71337890625 0.0771484375 0.0400390625
1 0.2431640625 0.67138671875 0.041015625 0.0732421875
1 0.4873046875 0.74755859375 0.068359375 0.0302734375
1 0.40185546875 0.27685546875 0.0615234375 0.0263671875
1 0.08837890625 0.84130859375 0.1552734375 0.0517578125
1 0.6630859375 0.70556640625 0.03515625 0.0810546875
0 0.51513671875 0.3203125 0.0556640625 0.033203125
1 0.73291015625 0.3623046875 0.1474609375 0.052734375
0 0.5546875 0.56982421875 0.056640625 0.0361328125
0 0.56787109375 0.61181640625 0.0712890625 0.0361328125
0 0.69140625 0.69970703125 0.0390625 0.0654296875
0 0.71826171875 0.6923828125 0.0341796875 0.060546875
0 0.74365234375 0.68505859375 0.0380859375 0.0595703125
0 0.2099609375 0.65185546875 0.0390625 0.0712890625
0 0.6484375 0.134765625 0.05078125 0.05859375
0 0.31640625 0.4091796875 0.041015625 0.021484375
0 0.318359375 0.42919921875 0.048828125 0.0283203125
1 0.70361328125 0.234375 0.1455078125 0.05078125
