2 0.44873046875 0.4697265625 0.0791015625 0.087890625
2 0.3935546875 0.55419921875 0.078125 0.0869140625
2 0.35546875 0.64501953125 0.078125 0.0869140625
2 0.5048828125 0.8095703125 0.08984375 0.103515625
2 0.703125 0.9638671875 0.091796875 0.072265625
2 0.857421875 0.681640625 0.09375 0.103515625
2 0.61669921875 0.68798828125 0.0849609375 0.0927734375
2 0.59375 0.62158203125 0.083984375 0.0927734375
2 0.64453125 0.53955078125 0.09375 0.1044921875
2 0.7109375 0.5126953125 0.10546875 0.115234375
2 0.751953125 0.34765625 0.162109375 0.158203125
2 0.90380859375 0.58154296875 0.0888671875 0.1005859375
2 0.48974609375 0.376953125 0.0927734375 0.10546875
