2 0.68408203125 0.1591796875 0.0458984375 0.044921875
2 0.57421875 0.3642578125 0.046875 0.04296875
2 0.326171875 0.89013671875 0.046875 0.0498046875
2 0.31005859375 0.93212890625 0.0458984375 0.0517578125
2 0.2177734375 0.94482421875 0.044921875 0.0498046875
2 0.42626953125 0.693359375 0.0478515625 0.046875
2 0.486328125 0.5908203125 0.052734375 0.052734375
2 0.369140625 0.59912109375 0.044921875 0.0458984375
2 0.3359375 0.57275390625 0.044921875 0.0439453125
2 0.2587890625 0.52734375 0.048828125 0.048828125
2 0.3623046875 0.44091796875 0.044921875 0.0439453125
2 0.41845703125 0.3759765625 0.0458984375 0.04296875
2 0.4501953125 0.40576171875 0.048828125 0.0458984375
2 0.5087890625 0.3076171875 0.046875 0.046875
2 0.52099609375 0.42529296875 0.0517578125 0.0478515625
2 0.625 0.103515625 0.046875 0.04296875
2 0.55078125 0.4541015625 0.04296875 0.041015625
2 0.517578125 0.4580078125 0.037109375 0.03515625
2 0.609375 0.3544921875 0.05078125 0.05078125
2 0.57763671875 0.3251953125 0.0478515625 0.044921875
2 0.54541015625 0.2978515625 0.0498046875 0.044921875
2 0.51513671875 0.2685546875 0.0419921875 0.041015625
2 0.53173828125 0.17333984375 0.0419921875 0.0400390625
2 0.62451171875 0.26171875 0.0380859375 0.03515625
2 0.63427734375 0.22412109375 0.0439453125 0.0419921875
2 0.60205078125 0.19482421875 0.0478515625 0.0458984375
2 0.57080078125 0.1650390625 0.0478515625 0.044921875
2 0.541015625 0.13916015625 0.048828125 0.0439453125
2 0.2734375 0.84765625 0.04296875 0.046875
