2 0.92578125 0.34619140625 0.146484375 0.1572265625
2 0.34130859375 0.4697265625 0.0791015625 0.087890625
2 0.2861328125 0.55419921875 0.078125 0.0869140625
2 0.248046875 0.64501953125 0.078125 0.0869140625
2 0.3974609375 0.8095703125 0.08984375 0.103515625
2 0.595703125 0.9638671875 0.091796875 0.072265625
2 0.75 0.681640625 0.09375 0.103515625
2 0.50927734375 0.68798828125 0.0849609375 0.0927734375
2 0.486328125 0.62158203125 0.083984375 0.0927734375
2 0.537109375 0.53955078125 0.09375 0.1044921875
2 0.603515625 0.5126953125 0.10546875 0.115234375
2 0.64453125 0.34765625 0.162109375 0.158203125
2 0.79638671875 0.58154296875 0.0888671875 0.1005859375
2 0.38232421875 0.376953125 0.0927734375 0.10546875
