2 0.60400390625 0.4580078125 0.0576171875 0.05859375
2 0.52734375 0.5146484375 0.05859375 0.056640625
2 0.546875 0.5517578125 0.05078125 0.046875
2 0.59228515625 0.56494140625 0.0595703125 0.0576171875
2 0.52490234375 0.67578125 0.0673828125 0.068359375
2 0.515625 0.64306640625 0.05078125 0.0458984375
2 0.4755859375 0.6396484375 0.064453125 0.0625
2 0.4365234375 0.751953125 0.05078125 0.048828125
2 0.4765625 0.7802734375 0.05078125 0.048828125
2 0.56787109375 0.42041015625 0.0576171875 0.0556640625
2 0.640625 0.48681640625 0.0390625 0.0380859375
2 0.7197265625 0.40673828125 0.08203125 0.0810546875
2 0.96435546875 0.1748046875 0.0712890625 0.087890625
2 0.91455078125 0.11572265625 0.0966796875 0.0947265625
2 0.85302734375 0.275390625 0.0517578125 0.044921875
2 0.96484375 0.357421875 0.0703125 0.078125
2 0.98828125 0.48974609375 0.0234375 0.0615234375
2 0.96923828125 0.4384765625 0.0615234375 0.119140625
2 0.97021484375 0.5517578125 0.0595703125 0.060546875
2 0.9423828125 0.58447265625 0.08984375 0.0908203125
2 0.896484375 0.5751953125 0.068359375 0.05859375
2 0.908203125 0.5009765625 0.091796875 0.08984375
2 0.84814453125 0.537109375 0.0673828125 0.064453125
2 0.8154296875 0.48583984375 0.12109375 0.1083984375
2 0.31494140625 0.8056640625 0.0732421875 0.0703125
2 0.265625 0.775390625 0.07421875 0.076171875
2 0.2607421875 0.72998046875 0.072265625 0.0693359375
2 0.2197265625 0.7451171875 0.05859375 0.05859375
