2 0.09033203125 0.2666015625 0.0458984375 0.041015625
2 0.12158203125 0.26953125 0.0478515625 0.04296875
2 0.17626953125 0.2919921875 0.0458984375 0.0390625
2 0.19775390625 0.3154296875 0.0419921875 0.037109375
2 0.0693359375 0.2470703125 0.046875 0.0390625
2 0.037109375 0.2451171875 0.044921875 0.0390625
2 0.02001953125 0.22216796875 0.0380859375 0.0380859375
2 0.01708984375 0.32470703125 0.0322265625 0.0361328125
2 0.08740234375 0.357421875 0.0478515625 0.041015625
2 0.2060546875 0.41259765625 0.04296875 0.0419921875
2 0.0126953125 0.92236328125 0.0234375 0.0380859375
2 0.0244140625 0.80810546875 0.046875 0.0439453125
2 0.16455078125 0.39111328125 0.0458984375 0.0419921875
2 0.076171875 0.70849609375 0.05078125 0.0419921875
2 0.0126953125 0.67138671875 0.0234375 0.0380859375
2 0.02294921875 0.5859375 0.0419921875 0.0390625
2 0.07421875 0.45703125 0.046875 0.046875
2 0.11328125 0.5126953125 0.048828125 0.041015625
2 0.1513671875 0.49951171875 0.048828125 0.0458984375
2 0.1875 0.52001953125 0.044921875 0.0419921875
2 0.4267578125 0.02099609375 0.044921875 0.0400390625
2 0.42919921875 0.0537109375 0.0400390625 0.037109375
2 0.28857421875 0.34619140625 0.0517578125 0.0498046875
2 0.2529296875 0.337890625 0.044921875 0.037109375
2 0.23095703125 0.3154296875 0.0458984375 0.037109375
2 0.38720703125 0.01171875 0.0439453125 0.021484375
2 0.349609375 0.0185546875 0.041015625 0.03515625
2 0.22412109375 0.158203125 0.0458984375 0.0390625
2 0.0078125 0.10107421875 0.013671875 0.0283203125
2 0.06787109375 0.13720703125 0.0458984375 0.0400390625
2 0.1064453125 0.15673828125 0.04296875 0.0400390625
2 0.1455078125 0.17431640625 0.046875 0.0400390625
2 0.1845703125 0.189453125 0.041015625 0.0390625
2 0.22265625 0.20654296875 0.04296875 0.0419921875
2 0.2607421875 0.1796875 0.046875 0.04296875
2 0.39013671875 0.037109375 0.0458984375 0.04296875
2 0.30029296875 0.20556640625 0.0419921875 0.0419921875
2 0.2958984375 0.111328125 0.048828125 0.044921875
2 0.3359375 0.13037109375 0.041015625 0.0400390625
2 0.37255859375 0.15234375 0.0458984375 0.04296875
2 0.294921875 0.07177734375 0.044921875 0.0439453125
2 0.37451171875 0.07470703125 0.0341796875 0.0380859375
2 0.37060546875 0.11669921875 0.0458984375 0.0439453125
2 0.40966796875 0.138671875 0.0458984375 0.04296875
