2 0.1689453125 0.86865234375 0.052734375 0.0458984375
2 0.24072265625 0.98974609375 0.0498046875 0.0205078125
2 0.2021484375 0.9716796875 0.060546875 0.056640625
2 0.0517578125 0.81103515625 0.05078125 0.0439453125
2 0.08740234375 0.83203125 0.0458984375 0.044921875
2 0.10791015625 0.82763671875 0.0439453125 0.0361328125
2 0.1220703125 0.84521484375 0.046875 0.0419921875
14 0.47314453125 0.455078125 0.0634765625 0.06640625
2 0.14794921875 0.849609375 0.0439453125 0.03515625
2 0.201171875 0.88330078125 0.046875 0.0419921875
2 0.2265625 0.88232421875 0.04296875 0.0458984375
2 0.7890625 0.75048828125 0.04296875 0.0380859375
2 0.697265625 0.82568359375 0.044921875 0.0400390625
2 0.69970703125 0.8583984375 0.0400390625 0.037109375
2 0.77001953125 0.61328125 0.0458984375 0.0390625
2 0.84326171875 0.65673828125 0.0517578125 0.0458984375
2 0.8642578125 0.572265625 0.041015625 0.0390625
2 0.900390625 0.56103515625 0.046875 0.0419921875
2 0.8603515625 0.5400390625 0.046875 0.04296875
2 0.919921875 0.478515625 0.05078125 0.046875
2 0.87841796875 0.42333984375 0.0361328125 0.0341796875
2 0.861328125 0.31787109375 0.04296875 0.0380859375
2 0.89892578125 0.30322265625 0.0478515625 0.0439453125
2 0.99169921875 0.10791015625 0.0166015625 0.0322265625
2 0.716796875 0.744140625 0.044921875 0.0390625
2 0.658203125 0.80615234375 0.044921875 0.0419921875
2 0.6240234375 0.81689453125 0.048828125 0.0478515625
2 0.49462890625 0.962890625 0.0458984375 0.0390625
2 0.244140625 0.89306640625 0.044921875 0.0400390625
2 0.2666015625 0.9033203125 0.037109375 0.033203125
2 0.177734375 0.91796875 0.0546875 0.0625
2 0.33837890625 0.94189453125 0.0458984375 0.0400390625
2 0.376953125 0.96142578125 0.04296875 0.0400390625
2 0.416015625 0.97900390625 0.046875 0.0400390625
2 0.45556640625 0.9873046875 0.0400390625 0.025390625
2 0.53125 0.9814453125 0.046875 0.037109375
2 0.66064453125 0.841796875 0.0458984375 0.04296875
2 0.56640625 0.916015625 0.048828125 0.044921875
2 0.6064453125 0.93505859375 0.041015625 0.0400390625
2 0.64306640625 0.95703125 0.0458984375 0.04296875
2 0.5654296875 0.87646484375 0.044921875 0.0439453125
2 0.64501953125 0.87939453125 0.0341796875 0.0380859375
2 0.64111328125 0.92138671875 0.0458984375 0.0439453125
2 0.68017578125 0.943359375 0.0458984375 0.04296875
14 0.552734375 0.52734375 0.0546875 0.0625
