4 0.00927734375 0.85986328125 0.0166015625 0.0185546875
4 0.01171875 0.32763671875 0.021484375 0.0107421875
4 0.0263671875 0.65185546875 0.05078125 0.0224609375
4 0.04150390625 0.609375 0.0361328125 0.015625
4 0.041015625 0.5732421875 0.033203125 0.013671875
4 0.0361328125 0.55126953125 0.0390625 0.0146484375
4 0.0361328125 0.5341796875 0.03515625 0.013671875
4 0.03271484375 0.4931640625 0.0478515625 0.01953125
4 0.02978515625 0.474609375 0.0380859375 0.015625
4 0.02587890625 0.4140625 0.0380859375 0.015625
5 0.1611328125 0.46044921875 0.123046875 0.3369140625
5 0.142578125 0.8857421875 0.15234375 0.228515625
5 0.328125 0.869140625 0.185546875 0.26171875
5 0.5244140625 0.84814453125 0.18359375 0.2880859375
5 0.34033203125 0.43798828125 0.1357421875 0.3330078125
5 0.53515625 0.42919921875 0.134765625 0.3017578125
5 0.71337890625 0.5029296875 0.1357421875 0.48046875
5 0.03173828125 0.4765625 0.0615234375 0.33984375
9 0.94287109375 0.7646484375 0.0224609375 0.0390625
4 0.0244140625 0.392578125 0.037109375 0.017578125
4 0.162109375 0.3017578125 0.02734375 0.013671875
4 0.17236328125 0.3193359375 0.0458984375 0.01953125
4 0.5107421875 0.4755859375 0.052734375 0.025390625
4 0.5048828125 0.41064453125 0.05078125 0.0205078125
4 0.56396484375 0.388671875 0.0439453125 0.01953125
4 0.556640625 0.3193359375 0.04296875 0.017578125
4 0.49560546875 0.33935546875 0.0302734375 0.0126953125
4 0.49072265625 0.2744140625 0.0556640625 0.021484375
4 0.69482421875 0.39306640625 0.0478515625 0.0263671875
4 0.71533203125 0.52783203125 0.0439453125 0.0205078125
4 0.71728515625 0.5458984375 0.0458984375 0.021484375
4 0.71728515625 0.5947265625 0.0517578125 0.0234375
4 0.71435546875 0.62158203125 0.0615234375 0.0283203125
4 0.73095703125 0.6728515625 0.0634765625 0.02734375
4 0.72998046875 0.6962890625 0.0576171875 0.02734375
4 0.732421875 0.7216796875 0.064453125 0.029296875
4 0.529296875 0.97802734375 0.044921875 0.0302734375
4 0.50439453125 0.87841796875 0.0322265625 0.0185546875
4 0.27978515625 0.74755859375 0.0654296875 0.0341796875
4 0.34423828125 0.84521484375 0.0439453125 0.0263671875
4 0.306640625 0.91455078125 0.04296875 0.0263671875
4 0.15576171875 0.8515625 0.0458984375 0.02734375
4 0.14501953125 0.81494140625 0.0458984375 0.0263671875
4 0.10400390625 0.7734375 0.0830078125 0.046875
4 0.57080078125 0.49365234375 0.0478515625 0.0146484375
4 0.56689453125 0.51806640625 0.0322265625 0.0126953125
4 0.515625 0.541015625 0.037109375 0.017578125
4 0.3779296875 0.58154296875 0.044921875 0.0185546875
4 0.17724609375 0.36328125 0.0341796875 0.017578125
4 0.18017578125 0.455078125 0.0439453125 0.01953125
4 0.18505859375 0.52001953125 0.0361328125 0.0146484375
4 0.1328125 0.5185546875 0.037109375 0.017578125
4 0.19140625 0.54052734375 0.0390625 0.0166015625
4 0.19140625 0.564453125 0.05078125 0.021484375
4 0.13525390625 0.556640625 0.0341796875 0.017578125
4 0.1396484375 0.5947265625 0.03515625 0.015625
4 0.19677734375 0.607421875 0.0419921875 0.01953125
4 0.1689453125 0.63232421875 0.06640625 0.0224609375
4 0.37451171875 0.61181640625 0.0478515625 0.0322265625
4 0.375 0.51611328125 0.0390625 0.0146484375
4 0.30322265625 0.35302734375 0.0400390625 0.0205078125
4 0.37255859375 0.49560546875 0.0361328125 0.0146484375
4 0.31396484375 0.5048828125 0.0458984375 0.021484375
4 0.37109375 0.47509765625 0.05078125 0.0205078125
4 0.3681640625 0.4482421875 0.044921875 0.017578125
4 0.36572265625 0.4287109375 0.0400390625 0.017578125
4 0.31005859375 0.4609375 0.0439453125 0.017578125
4 0.3671875 0.3994140625 0.041015625 0.015625
4 0.36376953125 0.38037109375 0.0498046875 0.0185546875
4 0.3623046875 0.35107421875 0.03125 0.0126953125
4 0.361328125 0.3291015625 0.05078125 0.01953125
4 0.29296875 0.3115234375 0.03515625 0.013671875
