4 0.0048828125 0.32763671875 0.0078125 0.0107421875
4 0.01953125 0.6513671875 0.037109375 0.021484375
4 0.02783203125 0.609375 0.0361328125 0.015625
4 0.02734375 0.5732421875 0.033203125 0.013671875
4 0.0224609375 0.55126953125 0.0390625 0.0146484375
4 0.0224609375 0.5341796875 0.03515625 0.013671875
4 0.02197265625 0.49267578125 0.0419921875 0.0185546875
4 0.01806640625 0.47412109375 0.0341796875 0.0146484375
4 0.01611328125 0.41357421875 0.0302734375 0.0146484375
5 0.1474609375 0.46044921875 0.123046875 0.3369140625
5 0.12890625 0.8857421875 0.15234375 0.228515625
5 0.314453125 0.869140625 0.185546875 0.26171875
5 0.5107421875 0.84814453125 0.18359375 0.2880859375
5 0.32666015625 0.43798828125 0.1357421875 0.3330078125
5 0.521484375 0.42919921875 0.134765625 0.3017578125
5 0.69970703125 0.5029296875 0.1357421875 0.48046875
5 0.02490234375 0.47607421875 0.0478515625 0.3388671875
9 0.92919921875 0.7646484375 0.0224609375 0.0390625
4 0.01513671875 0.39208984375 0.0283203125 0.0166015625
4 0.1484375 0.3017578125 0.02734375 0.013671875
4 0.15869140625 0.3193359375 0.0458984375 0.01953125
4 0.4970703125 0.4755859375 0.052734375 0.025390625
4 0.4912109375 0.41064453125 0.05078125 0.0205078125
4 0.55029296875 0.388671875 0.0439453125 0.01953125
4 0.54296875 0.3193359375 0.04296875 0.017578125
4 0.48193359375 0.33935546875 0.0302734375 0.0126953125
4 0.47705078125 0.2744140625 0.0556640625 0.021484375
4 0.68115234375 0.39306640625 0.0478515625 0.0263671875
4 0.70166015625 0.52783203125 0.0439453125 0.0205078125
4 0.70361328125 0.5458984375 0.0458984375 0.021484375
4 0.70361328125 0.5947265625 0.0517578125 0.0234375
4 0.70068359375 0.62158203125 0.0615234375 0.0283203125
4 0.71728515625 0.6728515625 0.0634765625 0.02734375
4 0.71630859375 0.6962890625 0.0576171875 0.02734375
4 0.71875 0.7216796875 0.064453125 0.029296875
4 0.515625 0.97802734375 0.044921875 0.0302734375
4 0.49072265625 0.87841796875 0.0322265625 0.0185546875
4 0.26611328125 0.74755859375 0.0654296875 0.0341796875
4 0.33056640625 0.84521484375 0.0439453125 0.0263671875
4 0.29296875 0.91455078125 0.04296875 0.0263671875
4 0.14208984375 0.8515625 0.0458984375 0.02734375
4 0.13134765625 0.81494140625 0.0458984375 0.0263671875
4 0.09033203125 0.7734375 0.0830078125 0.046875
4 0.55712890625 0.49365234375 0.0478515625 0.0146484375
4 0.55322265625 0.51806640625 0.0322265625 0.0126953125
4 0.501953125 0.541015625 0.037109375 0.017578125
4 0.3642578125 0.58154296875 0.044921875 0.0185546875
4 0.16357421875 0.36328125 0.0341796875 0.017578125
4 0.16650390625 0.455078125 0.0439453125 0.01953125
4 0.17138671875 0.52001953125 0.0361328125 0.0146484375
4 0.119140625 0.5185546875 0.037109375 0.017578125
4 0.177734375 0.54052734375 0.0390625 0.0166015625
4 0.177734375 0.564453125 0.05078125 0.021484375
4 0.12158203125 0.556640625 0.0341796875 0.017578125
4 0.1259765625 0.5947265625 0.03515625 0.015625
4 0.18310546875 0.607421875 0.0419921875 0.01953125
4 0.1552734375 0.63232421875 0.06640625 0.0224609375
4 0.36083984375 0.61181640625 0.0478515625 0.0322265625
4 0.361328125 0.51611328125 0.0390625 0.0146484375
4 0.28955078125 0.35302734375 0.0400390625 0.0205078125
4 0.35888671875 0.49560546875 0.0361328125 0.0146484375
4 0.30029296875 0.5048828125 0.0458984375 0.021484375
4 0.357421875 0.47509765625 0.05078125 0.0205078125
4 0.3544921875 0.4482421875 0.044921875 0.017578125
4 0.35205078125 0.4287109375 0.0400390625 0.017578125
4 0.29638671875 0.4609375 0.0439453125 0.017578125
4 0.353515625 0.3994140625 0.041015625 0.015625
4 0.35009765625 0.38037109375 0.0498046875 0.0185546875
4 0.3486328125 0.35107421875 0.03125 0.0126953125
4 0.34765625 0.3291015625 0.05078125 0.01953125
4 0.279296875 0.3115234375 0.03515625 0.013671875
