0 0.9560546875 0.9150390625 0.041015625 0.044921875
1 0.34619140625 0.87548828125 0.0888671875 0.0693359375
0 0.0986328125 0.69580078125 0.033203125 0.0400390625
0 0.0166015625 0.57568359375 0.03125 0.0400390625
1 0.44482421875 0.365234375 0.1318359375 0.09765625
1 0.61474609375 0.2890625 0.0712890625 0.08203125
1 0.75146484375 0.4814453125 0.0615234375 0.072265625
1 0.70556640625 0.416015625 0.0595703125 0.07421875
1 0.5693359375 0.4287109375 0.072265625 0.087890625
1 0.58642578125 0.60546875 0.0751953125 0.05859375
1 0.56982421875 0.58154296875 0.0712890625 0.0576171875
1 0.681640625 0.70751953125 0.130859375 0.0986328125
1 0.70751953125 0.8349609375 0.0693359375 0.0546875
1 0.77685546875 0.94970703125 0.1455078125 0.1005859375
1 0.40673828125 0.9375 0.0771484375 0.0625
1 0.37451171875 0.89111328125 0.0966796875 0.0751953125
1 0.33935546875 0.84814453125 0.0927734375 0.0830078125
0 0.943359375 0.9345703125 0.03515625 0.0390625
1 0.326171875 0.82421875 0.072265625 0.060546875
1 0.29443359375 0.81103515625 0.0908203125 0.0732421875
1 0.29345703125 0.7763671875 0.0908203125 0.0703125
1 0.26708984375 0.759765625 0.0908203125 0.072265625
1 0.2509765625 0.73583984375 0.09765625 0.0810546875
1 0.234375 0.71533203125 0.09765625 0.0771484375
1 0.17431640625 0.58984375 0.0810546875 0.064453125
1 0.1572265625 0.5654296875 0.080078125 0.0625
1 0.12890625 0.51708984375 0.076171875 0.0595703125
1 0.11181640625 0.494140625 0.0732421875 0.0625
1 0.07861328125 0.44970703125 0.0732421875 0.0615234375
1 0.06103515625 0.4287109375 0.0732421875 0.064453125
1 0.04443359375 0.40478515625 0.0771484375 0.0595703125
1 0.03515625 0.38037109375 0.068359375 0.0595703125
0 0.01171875 0.7421875 0.021484375 0.03125
0 0.77099609375 0.84228515625 0.0380859375 0.0478515625
0 0.80517578125 0.81787109375 0.0341796875 0.0439453125
0 0.828125 0.8076171875 0.041015625 0.046875
0 0.7548828125 0.41162109375 0.04296875 0.0400390625
0 0.5478515625 0.11767578125 0.04296875 0.0380859375
0 0.02490234375 0.77734375 0.0419921875 0.03515625
1 0.02685546875 0.35205078125 0.0517578125 0.0556640625
