1 0.88916015625 0.33740234375 0.0693359375 0.0517578125
1 0.86181640625 0.37548828125 0.0693359375 0.0537109375
1 0.8544921875 0.39697265625 0.0703125 0.0556640625
1 0.83251953125 0.46044921875 0.0869140625 0.0400390625
1 0.85791015625 0.4931640625 0.0595703125 0.033203125
1 0.79541015625 0.58056640625 0.0361328125 0.0615234375
1 0.74169921875 0.56494140625 0.0341796875 0.0634765625
1 0.71484375 0.556640625 0.029296875 0.0625
1 0.6689453125 0.5556640625 0.033203125 0.068359375
1 0.64501953125 0.560546875 0.0400390625 0.0859375
1 0.62158203125 0.5576171875 0.0361328125 0.080078125
1 0.59765625 0.55419921875 0.041015625 0.0810546875
1 0.54638671875 0.54736328125 0.0380859375 0.0810546875
1 0.5234375 0.54248046875 0.0390625 0.0849609375
1 0.498046875 0.544921875 0.037109375 0.08203125
1 0.47509765625 0.53466796875 0.0302734375 0.0830078125
1 0.45166015625 0.533203125 0.0380859375 0.08203125
1 0.42822265625 0.52880859375 0.0361328125 0.0869140625
1 0.865234375 0.35205078125 0.0703125 0.0556640625
1 0.8857421875 0.283203125 0.068359375 0.060546875
1 0.71826171875 0.70068359375 0.0869140625 0.0341796875
1 0.8935546875 0.2587890625 0.0703125 0.052734375
1 0.99560546875 0.4208984375 0.0087890625 0.021484375
1 0.9951171875 0.44580078125 0.009765625 0.0185546875
1 0.98974609375 0.4677734375 0.0205078125 0.017578125
1 0.9912109375 0.4921875 0.017578125 0.0234375
1 0.99658203125 0.513671875 0.0068359375 0.015625
1 0.99267578125 0.5419921875 0.0146484375 0.01953125
1 0.9892578125 0.580078125 0.021484375 0.01953125
1 0.98876953125 0.607421875 0.0224609375 0.01953125
1 0.9873046875 0.6318359375 0.025390625 0.0234375
1 0.9189453125 0.1904296875 0.07421875 0.05859375
1 0.908203125 0.21044921875 0.0703125 0.0537109375
1 0.896484375 0.23291015625 0.072265625 0.0537109375
1 0.29296875 0.50439453125 0.052734375 0.0830078125
1 0.95947265625 0.65478515625 0.0654296875 0.0322265625
0 0.7841796875 0.8994140625 0.03125 0.048828125
0 0.99365234375 0.94384765625 0.0126953125 0.0341796875
0 0.830078125 0.99560546875 0.021484375 0.0087890625
0 0.80908203125 0.9931640625 0.0185546875 0.013671875
0 0.7841796875 0.98876953125 0.0234375 0.0224609375
0 0.759765625 0.98583984375 0.0234375 0.0283203125
0 0.97412109375 0.94921875 0.0283203125 0.044921875
0 0.806640625 0.91357421875 0.029296875 0.0458984375
1 0.92919921875 0.7158203125 0.0849609375 0.05859375
0 0.9462890625 0.8251953125 0.05078125 0.029296875
1 0.359375 0.50830078125 0.037109375 0.0888671875
1 0.25830078125 0.7333984375 0.0361328125 0.0859375
1 0.28369140625 0.73291015625 0.0263671875 0.0556640625
1 0.306640625 0.73828125 0.029296875 0.080078125
1 0.3349609375 0.74072265625 0.02734375 0.0771484375
1 0.35888671875 0.74267578125 0.0361328125 0.0810546875
1 0.40673828125 0.74951171875 0.0380859375 0.0810546875
1 0.43017578125 0.7548828125 0.0400390625 0.0859375
1 0.525390625 0.76953125 0.0390625 0.083984375
1 0.546875 0.771484375 0.037109375 0.08203125
1 0.572265625 0.7763671875 0.0390625 0.08203125
1 0.61962890625 0.783203125 0.0341796875 0.080078125
1 0.64599609375 0.787109375 0.0322265625 0.078125
1 0.693359375 0.79541015625 0.037109375 0.0615234375
1 0.38134765625 0.52099609375 0.0302734375 0.0849609375
1 0.2783203125 0.591796875 0.06640625 0.033203125
1 0.75634765625 0.48779296875 0.0908203125 0.0322265625
