0 0.630859375 0.9755859375 0.044921875 0.03125
1 0.74853515625 0.16748046875 0.0693359375 0.0517578125
1 0.72119140625 0.20556640625 0.0693359375 0.0537109375
1 0.7138671875 0.22705078125 0.0703125 0.0556640625
1 0.69189453125 0.29052734375 0.0869140625 0.0400390625
1 0.71728515625 0.3232421875 0.0595703125 0.033203125
1 0.65478515625 0.41064453125 0.0361328125 0.0615234375
1 0.60107421875 0.39501953125 0.0341796875 0.0634765625
1 0.57421875 0.38671875 0.029296875 0.0625
1 0.5283203125 0.3857421875 0.033203125 0.068359375
1 0.50439453125 0.390625 0.0400390625 0.0859375
1 0.48095703125 0.3876953125 0.0361328125 0.080078125
1 0.45703125 0.38427734375 0.041015625 0.0810546875
1 0.40576171875 0.37744140625 0.0380859375 0.0810546875
1 0.3828125 0.37255859375 0.0390625 0.0849609375
1 0.357421875 0.375 0.037109375 0.08203125
1 0.33447265625 0.36474609375 0.0302734375 0.0830078125
1 0.31103515625 0.36328125 0.0380859375 0.08203125
1 0.28759765625 0.35888671875 0.0361328125 0.0869140625
1 0.724609375 0.18212890625 0.0703125 0.0556640625
1 0.7451171875 0.11328125 0.068359375 0.060546875
1 0.57763671875 0.53076171875 0.0869140625 0.0341796875
1 0.7529296875 0.0888671875 0.0703125 0.052734375
1 0.92236328125 0.04150390625 0.0908203125 0.0322265625
1 0.9208984375 0.06494140625 0.087890625 0.0302734375
1 0.9169921875 0.09326171875 0.08984375 0.0302734375
1 0.908203125 0.13525390625 0.087890625 0.0263671875
1 0.9013671875 0.18212890625 0.087890625 0.0283203125
1 0.89453125 0.25 0.087890625 0.0234375
1 0.892578125 0.27392578125 0.0859375 0.0224609375
1 0.88232421875 0.294921875 0.0869140625 0.0234375
1 0.8857421875 0.32177734375 0.087890625 0.0244140625
1 0.89501953125 0.3427734375 0.0849609375 0.017578125
1 0.88818359375 0.3701171875 0.0869140625 0.0234375
1 0.88330078125 0.41357421875 0.0908203125 0.0263671875
1 0.88037109375 0.43994140625 0.0869140625 0.0244140625
1 0.8798828125 0.46484375 0.091796875 0.029296875
1 0.779296875 0.025390625 0.072265625 0.048828125
1 0.767578125 0.04052734375 0.0703125 0.0537109375
1 0.755859375 0.06298828125 0.072265625 0.0537109375
1 0.15234375 0.33447265625 0.052734375 0.0830078125
1 0.81884765625 0.48486328125 0.0654296875 0.0322265625
0 0.58740234375 0.96240234375 0.0478515625 0.0283203125
0 0.6435546875 0.7294921875 0.03125 0.048828125
0 0.85791015625 0.7744140625 0.0224609375 0.03515625
0 0.8134765625 0.8857421875 0.02734375 0.041015625
0 0.78515625 0.87353515625 0.03515625 0.0400390625
0 0.7119140625 0.85546875 0.02734375 0.04296875
0 0.6865234375 0.841796875 0.02734375 0.041015625
0 0.66650390625 0.8359375 0.0224609375 0.0390625
0 0.642578125 0.82861328125 0.025390625 0.0419921875
0 0.619140625 0.822265625 0.0234375 0.041015625
0 0.61376953125 0.8583984375 0.0400390625 0.025390625
0 0.6611328125 0.8720703125 0.044921875 0.02734375
0 0.65478515625 0.892578125 0.0419921875 0.02734375
0 0.609375 0.87646484375 0.046875 0.0263671875
0 0.60693359375 0.89892578125 0.0439453125 0.0302734375
0 0.64794921875 0.91357421875 0.0419921875 0.0283203125
0 0.6005859375 0.92041015625 0.04296875 0.0302734375
0 0.591796875 0.94091796875 0.04296875 0.0263671875
0 0.638671875 0.9521484375 0.04296875 0.033203125
0 0.83349609375 0.779296875 0.0283203125 0.044921875
0 0.666015625 0.74365234375 0.029296875 0.0458984375
1 0.78857421875 0.5458984375 0.0849609375 0.05859375
0 0.8056640625 0.6552734375 0.05078125 0.029296875
1 0.21875 0.33837890625 0.037109375 0.0888671875
1 0.11767578125 0.5634765625 0.0361328125 0.0859375
1 0.14306640625 0.56298828125 0.0263671875 0.0556640625
1 0.166015625 0.568359375 0.029296875 0.080078125
1 0.1943359375 0.57080078125 0.02734375 0.0771484375
1 0.21826171875 0.57275390625 0.0361328125 0.0810546875
1 0.26611328125 0.57958984375 0.0380859375 0.0810546875
1 0.28955078125 0.5849609375 0.0400390625 0.0859375
1 0.384765625 0.599609375 0.0390625 0.083984375
1 0.40625 0.6015625 0.037109375 0.08203125
1 0.431640625 0.6064453125 0.0390625 0.08203125
1 0.47900390625 0.61328125 0.0341796875 0.080078125
1 0.50537109375 0.6171875 0.0322265625 0.078125
1 0.552734375 0.62548828125 0.037109375 0.0615234375
1 0.24072265625 0.35107421875 0.0302734375 0.0849609375
1 0.1376953125 0.421875 0.06640625 0.033203125
1 0.61572265625 0.31787109375 0.0908203125 0.0322265625
1 0.92724609375 0.01513671875 0.0869140625 0.0283203125
