1 0.484375 0.6552734375 0.060546875 0.06640625
1 0.4501953125 0.62109375 0.060546875 0.0703125
0 0.15966796875 0.662109375 0.0380859375 0.041015625
0 0.056640625 0.57421875 0.0390625 0.04296875
0 0.05908203125 0.71728515625 0.0458984375 0.0478515625
1 0.19775390625 0.5859375 0.0615234375 0.060546875
1 0.50732421875 0.71728515625 0.0556640625 0.0537109375
1 0.5078125 0.6787109375 0.05078125 0.0546875
1 0.392578125 0.65869140625 0.044921875 0.0400390625
1 0.25341796875 0.44921875 0.0537109375 0.0625
1 0.12890625 0.35498046875 0.025390625 0.0869140625
1 0.10400390625 0.32958984375 0.0263671875 0.0771484375
1 0.07666015625 0.318359375 0.0244140625 0.09765625
1 0.0498046875 0.2958984375 0.021484375 0.091796875
1 0.02685546875 0.39404296875 0.0517578125 0.0595703125
1 0.12939453125 0.525390625 0.0791015625 0.06640625
1 0.16064453125 0.47509765625 0.0810546875 0.0712890625
1 0.27685546875 0.56005859375 0.0830078125 0.0712890625
1 0.736328125 0.849609375 0.0625 0.056640625
1 0.791015625 0.80224609375 0.064453125 0.0654296875
1 0.8125 0.72119140625 0.076171875 0.0810546875
1 0.4833984375 0.83837890625 0.0625 0.0576171875
1 0.4228515625 0.77880859375 0.08984375 0.0771484375
1 0.345703125 0.71728515625 0.076171875 0.0732421875
0 0.19873046875 0.69287109375 0.0380859375 0.0419921875
0 0.216796875 0.70654296875 0.0390625 0.0380859375
0 0.26708984375 0.75146484375 0.0380859375 0.0419921875
0 0.80078125 0.58642578125 0.041015625 0.0361328125
1 0.42822265625 0.599609375 0.0556640625 0.064453125
1 0.36865234375 0.54736328125 0.0478515625 0.0537109375
1 0.39111328125 0.56298828125 0.0419921875 0.0498046875
1 0.396484375 0.60009765625 0.052734375 0.0634765625
1 0.3349609375 0.54052734375 0.0625 0.0673828125
0 0.59912109375 0.8203125 0.0380859375 0.037109375
0 0.58203125 0.83447265625 0.0390625 0.0361328125
0 0.71240234375 0.6904296875 0.0380859375 0.037109375
0 0.7294921875 0.67626953125 0.041015625 0.0361328125
0 0.73876953125 0.65771484375 0.0400390625 0.0380859375
0 0.82421875 0.54345703125 0.037109375 0.0361328125
0 0.81298828125 0.5693359375 0.0419921875 0.0390625
0 0.3583984375 0.14208984375 0.017578125 0.0380859375
0 0.34619140625 0.62060546875 0.0439453125 0.0439453125
0 0.37841796875 0.15283203125 0.0205078125 0.0400390625
0 0.482421875 0.24755859375 0.0234375 0.0439453125
0 0.60498046875 0.3125 0.0419921875 0.04296875
0 0.79296875 0.404296875 0.0546875 0.0390625
0 0.7939453125 0.38037109375 0.05078125 0.0380859375
0 0.67578125 0.74072265625 0.0390625 0.0361328125
0 0.697265625 0.7041015625 0.048828125 0.04296875
0 0.66357421875 0.75439453125 0.0380859375 0.0361328125
0 0.64990234375 0.77197265625 0.0419921875 0.0439453125
0 0.63037109375 0.78271484375 0.0419921875 0.0439453125
0 0.6123046875 0.80224609375 0.05078125 0.0498046875
0 0.5751953125 0.73876953125 0.052734375 0.0556640625
1 0.2802734375 0.658203125 0.078125 0.07421875
