0 0.9560546875 0.5 0.041015625 0.044921875
1 0.34619140625 0.46044921875 0.0888671875 0.0693359375
0 0.0986328125 0.28076171875 0.033203125 0.0400390625
0 0.0166015625 0.16064453125 0.03125 0.0400390625
1 0.75146484375 0.06640625 0.0615234375 0.072265625
1 0.71240234375 0.01953125 0.0458984375 0.037109375
1 0.57568359375 0.029296875 0.0595703125 0.056640625
1 0.58642578125 0.1904296875 0.0751953125 0.05859375
1 0.56982421875 0.16650390625 0.0712890625 0.0576171875
1 0.681640625 0.29248046875 0.130859375 0.0986328125
1 0.70751953125 0.419921875 0.0693359375 0.0546875
1 0.77490234375 0.53857421875 0.1494140625 0.1083984375
1 0.40673828125 0.5224609375 0.0771484375 0.0625
1 0.37451171875 0.47607421875 0.0966796875 0.0751953125
1 0.33935546875 0.43310546875 0.0927734375 0.0830078125
0 0.943359375 0.51953125 0.03515625 0.0390625
1 0.326171875 0.4091796875 0.072265625 0.060546875
1 0.29443359375 0.39599609375 0.0908203125 0.0732421875
1 0.29345703125 0.361328125 0.0908203125 0.0703125
1 0.26708984375 0.3447265625 0.0908203125 0.072265625
1 0.2509765625 0.32080078125 0.09765625 0.0810546875
1 0.234375 0.30029296875 0.09765625 0.0771484375
1 0.17431640625 0.1748046875 0.0810546875 0.064453125
1 0.1572265625 0.150390625 0.080078125 0.0625
1 0.12890625 0.10205078125 0.076171875 0.0595703125
1 0.11181640625 0.0791015625 0.0732421875 0.0625
1 0.07861328125 0.03466796875 0.0732421875 0.0615234375
1 0.05908203125 0.0234375 0.0693359375 0.044921875
1 0.0244140625 0.01025390625 0.037109375 0.0185546875
0 0.01171875 0.3271484375 0.021484375 0.03125
0 0.77099609375 0.42724609375 0.0380859375 0.0478515625
0 0.80517578125 0.40283203125 0.0341796875 0.0439453125
0 0.828125 0.392578125 0.041015625 0.046875
0 0.56005859375 0.7900390625 0.0556640625 0.041015625
0 0.60595703125 0.76025390625 0.0419921875 0.0341796875
0 0.58984375 0.7451171875 0.04296875 0.037109375
0 0.75146484375 0.0087890625 0.0361328125 0.015625
0 0.365234375 0.705078125 0.037109375 0.04296875
0 0.25 0.7822265625 0.04296875 0.048828125
0 0.18408203125 0.8310546875 0.0400390625 0.044921875
0 0.07080078125 0.89990234375 0.0341796875 0.0458984375
0 0.09033203125 0.68212890625 0.0400390625 0.0341796875
0 0.06982421875 0.72265625 0.0380859375 0.03515625
0 0.0107421875 0.6220703125 0.01953125 0.029296875
0 0.01806640625 0.56591796875 0.0341796875 0.0380859375
0 0.02490234375 0.3623046875 0.0419921875 0.03515625
