0 0.365234375 0.03271484375 0.01953125 0.0439453125
1 0.22216796875 0.369140625 0.0849609375 0.048828125
1 0.193359375 0.666015625 0.087890625 0.048828125
1 0.19580078125 0.6044921875 0.0849609375 0.052734375
1 0.19189453125 0.6298828125 0.0869140625 0.05078125
1 0.20556640625 0.49853515625 0.0888671875 0.0498046875
1 0.20361328125 0.44384765625 0.0869140625 0.0556640625
1 0.20263671875 0.41796875 0.0849609375 0.052734375
1 0.212890625 0.39453125 0.0859375 0.0546875
1 0.4208984375 0.11279296875 0.078125 0.0595703125
0 0.31640625 0.02197265625 0.01953125 0.0439453125
1 0.416015625 0.14306640625 0.08203125 0.0556640625
1 0.41943359375 0.17041015625 0.0791015625 0.0537109375
1 0.42431640625 0.197265625 0.0830078125 0.0546875
1 0.41748046875 0.2578125 0.0849609375 0.056640625
1 0.4208984375 0.28857421875 0.080078125 0.0556640625
1 0.42724609375 0.34228515625 0.0869140625 0.0556640625
1 0.4150390625 0.376953125 0.083984375 0.056640625
1 0.1015625 0.16064453125 0.06640625 0.0419921875
1 0.11279296875 0.25244140625 0.0751953125 0.0224609375
1 0.10107421875 0.4873046875 0.0751953125 0.01953125
1 0.09326171875 0.51171875 0.0751953125 0.0234375
1 0.08984375 0.64794921875 0.076171875 0.0224609375
1 0.08349609375 0.61865234375 0.0751953125 0.0205078125
1 0.41748046875 0.4306640625 0.0830078125 0.056640625
1 0.4169921875 0.46142578125 0.080078125 0.0537109375
1 0.42041015625 0.48876953125 0.0830078125 0.0537109375
1 0.5439453125 0.1923828125 0.080078125 0.0546875
1 0.5224609375 0.1171875 0.083984375 0.0546875
1 0.7197265625 0.61962890625 0.080078125 0.0498046875
1 0.72900390625 0.5625 0.0849609375 0.0546875
1 0.7392578125 0.50439453125 0.083984375 0.0498046875
1 0.744140625 0.474609375 0.083984375 0.048828125
1 0.72802734375 0.43896484375 0.0830078125 0.0498046875
1 0.73046875 0.4091796875 0.083984375 0.05078125
1 0.7314453125 0.3837890625 0.0859375 0.046875
1 0.7373046875 0.35693359375 0.0859375 0.0537109375
1 0.74365234375 0.2666015625 0.0830078125 0.044921875
1 0.744140625 0.2412109375 0.0859375 0.044921875
1 0.75048828125 0.21240234375 0.0830078125 0.0556640625
1 0.75927734375 0.18408203125 0.0810546875 0.0478515625
1 0.7626953125 0.1552734375 0.083984375 0.046875
1 0.74755859375 0.08935546875 0.0869140625 0.0498046875
1 0.54248046875 0.1669921875 0.0810546875 0.0546875
1 0.53466796875 0.25537109375 0.0849609375 0.0537109375
1 0.412109375 0.5498046875 0.0859375 0.052734375
1 0.5380859375 0.28369140625 0.080078125 0.0517578125
1 0.4091796875 0.58056640625 0.080078125 0.0498046875
1 0.4072265625 0.640625 0.083984375 0.052734375
1 0.4013671875 0.67041015625 0.080078125 0.0478515625
1 0.4501953125 0.71240234375 0.083984375 0.0224609375
1 0.5322265625 0.66064453125 0.08203125 0.0537109375
1 0.5263671875 0.6376953125 0.083984375 0.05859375
1 0.52392578125 0.6083984375 0.0830078125 0.052734375
1 0.52099609375 0.55322265625 0.0849609375 0.0556640625
1 0.5263671875 0.4931640625 0.083984375 0.052734375
1 0.52294921875 0.4658203125 0.0849609375 0.052734375
1 0.525390625 0.43505859375 0.080078125 0.0537109375
1 0.53076171875 0.4052734375 0.0869140625 0.0546875
1 0.5361328125 0.37158203125 0.083984375 0.0537109375
1 0.54345703125 0.33837890625 0.0869140625 0.0556640625
1 0.54052734375 0.31103515625 0.0810546875 0.0478515625
1 0.11279296875 0.2802734375 0.0712890625 0.0234375
0 0.013671875 0.80224609375 0.017578125 0.0400390625
0 0.04736328125 0.3046875 0.0224609375 0.048828125
0 0.04052734375 0.80517578125 0.0166015625 0.0400390625
0 0.068359375 0.80029296875 0.01953125 0.0439453125
0 0.11328125 0.935546875 0.01953125 0.04296875
0 0.08740234375 0.9365234375 0.0205078125 0.046875
0 0.06005859375 0.9384765625 0.0244140625 0.041015625
0 0.03369140625 0.9365234375 0.0185546875 0.04296875
0 0.0087890625 0.93505859375 0.015625 0.0400390625
0 0.01123046875 0.84716796875 0.0224609375 0.0400390625
0 0.03759765625 0.84765625 0.0205078125 0.041015625
0 0.119140625 0.84423828125 0.015625 0.0400390625
0 0.09326171875 0.84765625 0.0166015625 0.037109375
0 0.125 0.80029296875 0.01953125 0.0439453125
0 0.0947265625 0.80517578125 0.017578125 0.0400390625
1 0.640625 0.8662109375 0.052734375 0.09375
1 0.1083984375 0.3046875 0.072265625 0.01953125
0 0.28857421875 0.0986328125 0.0341796875 0.048828125
0 0.39013671875 0.02392578125 0.0185546875 0.0400390625
0 0.12353515625 0.07568359375 0.0205078125 0.0458984375
1 0.7041015625 0.67236328125 0.08203125 0.0537109375
1 0.71923828125 0.65185546875 0.0810546875 0.0556640625
1 0.728515625 0.59130859375 0.08203125 0.0498046875
1 0.7353515625 0.29638671875 0.083984375 0.0498046875
1 0.43896484375 0.21875 0.0791015625 0.0546875
1 0.24267578125 0.24853515625 0.0810546875 0.0224609375
1 0.23388671875 0.19189453125 0.0595703125 0.0205078125
1 0.1005859375 0.4345703125 0.072265625 0.01953125
1 0.10546875 0.35791015625 0.072265625 0.0205078125
1 0.107421875 0.3310546875 0.0703125 0.01953125
0 0.2421875 0.34716796875 0.0390625 0.0302734375
1 0.75927734375 0.0634765625 0.0888671875 0.05078125
