0 0.376953125 0.42724609375 0.041015625 0.0263671875
0 0.52099609375 0.734375 0.0185546875 0.044921875
1 0.13427734375 0.25341796875 0.0576171875 0.1005859375
1 0.1630859375 0.23876953125 0.060546875 0.1083984375
1 0.21923828125 0.216796875 0.0615234375 0.111328125
1 0.33251953125 0.18212890625 0.0478515625 0.0966796875
1 0.3798828125 0.171875 0.05859375 0.109375
1 0.81201171875 0.42431640625 0.0927734375 0.0888671875
1 0.8359375 0.404296875 0.09765625 0.091796875
1 0.86474609375 0.3798828125 0.1005859375 0.103515625
0 0.06201171875 0.171875 0.0498046875 0.03515625
0 0.08056640625 0.3115234375 0.0361328125 0.015625
0 0.09228515625 0.337890625 0.0380859375 0.021484375
0 0.09130859375 0.3623046875 0.0439453125 0.0234375
0 0.10302734375 0.4052734375 0.0478515625 0.03515625
0 0.13330078125 0.45947265625 0.0458984375 0.0263671875
0 0.13525390625 0.47607421875 0.0478515625 0.0244140625
0 0.14208984375 0.4951171875 0.0478515625 0.029296875
0 0.14501953125 0.5205078125 0.0458984375 0.03125
0 0.15234375 0.5419921875 0.052734375 0.03515625
0 0.39404296875 0.443359375 0.0400390625 0.029296875
0 0.3984375 0.46630859375 0.046875 0.0322265625
0 0.42431640625 0.484375 0.0439453125 0.029296875
0 0.43017578125 0.5087890625 0.0400390625 0.025390625
0 0.4296875 0.53076171875 0.048828125 0.0283203125
0 0.4404296875 0.55029296875 0.044921875 0.0263671875
0 0.15625 0.56201171875 0.048828125 0.0302734375
0 0.78076171875 0.1328125 0.0283203125 0.05078125
0 0.87841796875 0.67431640625 0.0361328125 0.0361328125
1 0.10693359375 0.27099609375 0.0595703125 0.1123046875
