2 0.76123046875 0.44677734375 0.1005859375 0.0927734375
2 0.40673828125 0.6953125 0.0927734375 0.091796875
1 0.5498046875 0.234375 0.060546875 0.072265625
2 0.19482421875 0.85107421875 0.1083984375 0.0966796875
1 0.4755859375 0.29150390625 0.078125 0.0908203125
0 0.5849609375 0.18896484375 0.041015625 0.0478515625
1 0.66015625 0.13623046875 0.0625 0.0693359375
2 0.33251953125 0.74169921875 0.1083984375 0.0966796875
2 0.33984375 0.81982421875 0.103515625 0.1005859375
2 0.8408203125 0.478515625 0.109375 0.1015625
2 0.40966796875 0.77490234375 0.1064453125 0.1025390625
2 0.4853515625 0.7265625 0.107421875 0.1015625
2 0.55322265625 0.67822265625 0.1103515625 0.1025390625
2 0.54931640625 0.599609375 0.1064453125 0.09765625
2 0.6953125 0.5791015625 0.115234375 0.11328125
2 0.7685546875 0.52880859375 0.1015625 0.0947265625
1 0.35107421875 0.375 0.0751953125 0.08984375
