0 0.98828125 0.0869140625 0.0234375 0.02734375
1 0.724609375 0.29296875 0.037109375 0.080078125
1 0.97216796875 0.44873046875 0.0400390625 0.0751953125
1 0.9462890625 0.453125 0.041015625 0.080078125
1 0.80029296875 0.55908203125 0.0380859375 0.0908203125
1 0.771484375 0.56103515625 0.0390625 0.0927734375
1 0.5458984375 0.58837890625 0.041015625 0.0849609375
1 0.513671875 0.583984375 0.044921875 0.07421875
1 0.29638671875 0.5849609375 0.1767578125 0.064453125
1 0.76416015625 0.31591796875 0.0595703125 0.1455078125
1 0.69091796875 0.302734375 0.0400390625 0.083984375
1 0.62744140625 0.31787109375 0.0380859375 0.0810546875
1 0.59375 0.3251953125 0.037109375 0.080078125
1 0.5634765625 0.33447265625 0.037109375 0.0830078125
1 0.462890625 0.353515625 0.03515625 0.072265625
1 0.4306640625 0.36181640625 0.037109375 0.0732421875
1 0.3671875 0.38427734375 0.0390625 0.0810546875
1 0.333984375 0.38671875 0.037109375 0.0703125
1 0.302734375 0.40087890625 0.0390625 0.0791015625
1 0.98974609375 0.443359375 0.0205078125 0.0703125
0 0.904296875 0.09375 0.044921875 0.029296875
0 0.89990234375 0.28466796875 0.0439453125 0.0263671875
0 0.9111328125 0.1318359375 0.0390625 0.02734375
0 0.9970703125 0.158203125 0.005859375 0.021484375
0 0.92578125 0.19873046875 0.044921875 0.0263671875
0 0.93115234375 0.22021484375 0.0458984375 0.0283203125
0 0.94775390625 0.28466796875 0.0380859375 0.0224609375
0 0.9443359375 0.26318359375 0.04296875 0.0224609375
0 0.939453125 0.24072265625 0.041015625 0.0244140625
0 0.8916015625 0.25634765625 0.04296875 0.0244140625
0 0.08349609375 0.78857421875 0.0419921875 0.0302734375
1 0.6611328125 0.31201171875 0.041015625 0.0849609375
0 0.07275390625 0.7431640625 0.0419921875 0.029296875
0 0.07080078125 0.7197265625 0.0478515625 0.025390625
0 0.06201171875 0.7021484375 0.0458984375 0.025390625
0 0.15087890625 0.455078125 0.0263671875 0.04296875
0 0.1787109375 0.47216796875 0.025390625 0.0419921875
1 0.828125 0.54931640625 0.04296875 0.0849609375
1 0.244140625 0.40966796875 0.037109375 0.0693359375
