5 0.5185546875 0.08154296875 0.69140625 0.0966796875
4 0.36376953125 0.3046875 0.3837890625 0.146484375
4 0.396484375 0.46240234375 0.384765625 0.1357421875
5 0.38134765625 0.384765625 0.4716796875 0.078125
0 0.009765625 0.28466796875 0.017578125 0.0107421875
0 0.01318359375 0.2177734375 0.0244140625 0.01171875
0 0.0595703125 0.23046875 0.021484375 0.009765625
0 0.083984375 0.236328125 0.01171875 0.01953125
0 0.0576171875 0.24462890625 0.021484375 0.0146484375
0 0.01123046875 0.22900390625 0.0185546875 0.0126953125
0 0.01025390625 0.2392578125 0.0185546875 0.013671875
0 0.009765625 0.24951171875 0.01953125 0.0126953125
0 0.0556640625 0.25634765625 0.01953125 0.0126953125
0 0.05419921875 0.26611328125 0.0205078125 0.0107421875
0 0.009765625 0.27197265625 0.017578125 0.0107421875
0 0.015625 0.19384765625 0.021484375 0.0126953125
0 0.05322265625 0.2880859375 0.0205078125 0.013671875
0 0.05322265625 0.27734375 0.0185546875 0.01171875
0 0.001953125 0.20361328125 0.001953125 0.0126953125
0 0.013671875 0.2060546875 0.017578125 0.01171875
0 0.00244140625 0.181640625 0.0029296875 0.013671875
0 0.0244140625 0.09423828125 0.021484375 0.0107421875
0 0.02294921875 0.13916015625 0.0205078125 0.0146484375
0 0.02001953125 0.162109375 0.0185546875 0.01171875
0 0.01806640625 0.18115234375 0.0244140625 0.0126953125
0 0.06201171875 0.1787109375 0.0185546875 0.01171875
0 0.0048828125 0.1484375 0.0078125 0.013671875
0 0.00439453125 0.16064453125 0.0068359375 0.0107421875
