5 0.5185546875 0.02978515625 0.69140625 0.0576171875
4 0.36376953125 0.2333984375 0.3837890625 0.146484375
4 0.396484375 0.39111328125 0.384765625 0.1357421875
5 0.38134765625 0.3134765625 0.4716796875 0.078125
0 0.009765625 0.21337890625 0.017578125 0.0107421875
0 0.01318359375 0.146484375 0.0244140625 0.01171875
0 0.0595703125 0.1591796875 0.021484375 0.009765625
0 0.083984375 0.1650390625 0.01171875 0.01953125
0 0.0576171875 0.17333984375 0.021484375 0.0146484375
0 0.01123046875 0.15771484375 0.0185546875 0.0126953125
0 0.01025390625 0.16796875 0.0185546875 0.013671875
0 0.009765625 0.17822265625 0.01953125 0.0126953125
0 0.0556640625 0.18505859375 0.01953125 0.0126953125
0 0.05419921875 0.19482421875 0.0205078125 0.0107421875
0 0.009765625 0.20068359375 0.017578125 0.0107421875
0 0.015625 0.12255859375 0.021484375 0.0126953125
0 0.05322265625 0.216796875 0.0205078125 0.013671875
0 0.05322265625 0.2060546875 0.0185546875 0.01171875
0 0.001953125 0.13232421875 0.001953125 0.0126953125
0 0.013671875 0.134765625 0.017578125 0.01171875
0 0.00244140625 0.1103515625 0.0029296875 0.013671875
0 0.0244140625 0.02294921875 0.021484375 0.0107421875
0 0.02294921875 0.06787109375 0.0205078125 0.0146484375
0 0.02001953125 0.0908203125 0.0185546875 0.01171875
0 0.01806640625 0.10986328125 0.0244140625 0.0126953125
0 0.06201171875 0.107421875 0.0185546875 0.01171875
0 0.0048828125 0.0771484375 0.0078125 0.013671875
0 0.00439453125 0.08935546875 0.0068359375 0.0107421875
