0 0.47412109375 0.27587890625 0.0244140625 0.0185546875
0 0.4580078125 0.30029296875 0.0234375 0.0205078125
0 0.447265625 0.31640625 0.025390625 0.0234375
0 0.431640625 0.29541015625 0.021484375 0.0166015625
0 0.37841796875 0.30322265625 0.0224609375 0.0185546875
0 0.3837890625 0.2939453125 0.021484375 0.017578125
0 0.3515625 0.3564453125 0.025390625 0.01953125
0 0.3291015625 0.35498046875 0.021484375 0.0166015625
0 0.03857421875 0.1337890625 0.0205078125 0.0234375
0 0.35888671875 0.50146484375 0.0146484375 0.0224609375
0 0.330078125 0.4931640625 0.017578125 0.02734375
0 0.2119140625 0.62841796875 0.02734375 0.0244140625
0 0.4345703125 0.34619140625 0.02734375 0.0185546875
0 0.4638671875 0.384765625 0.0234375 0.01953125
0 0.42626953125 0.3515625 0.0224609375 0.01953125
0 0.474609375 0.3642578125 0.025390625 0.0234375
0 0.49072265625 0.375 0.0224609375 0.01953125
0 0.51416015625 0.33203125 0.0244140625 0.01953125
0 0.51953125 0.322265625 0.0234375 0.01953125
0 0.52587890625 0.3125 0.0244140625 0.01953125
0 0.53125 0.30029296875 0.0234375 0.0205078125
0 0.3876953125 0.2861328125 0.0234375 0.017578125
0 0.22509765625 0.31201171875 0.0283203125 0.0205078125
0 0.20068359375 0.31005859375 0.0263671875 0.0205078125
5 0.9404296875 0.0576171875 0.119140625 0.048828125
4 0.93994140625 0.2919921875 0.1201171875 0.12109375
4 0.9560546875 0.45166015625 0.087890625 0.1142578125
5 0.9267578125 0.3701171875 0.146484375 0.048828125
4 0.3671875 0.671875 0.1171875 0.0859375
0 0.09130859375 0.365234375 0.0361328125 0.021484375
0 0.62353515625 0.0068359375 0.0166015625 0.01171875
0 0.18017578125 0.1943359375 0.0224609375 0.021484375
0 0.18798828125 0.1865234375 0.0224609375 0.01953125
0 0.22509765625 0.16064453125 0.0224609375 0.0185546875
0 0.0927734375 0.298828125 0.025390625 0.01953125
0 0.013671875 0.2578125 0.025390625 0.021484375
0 0.0185546875 0.248046875 0.0234375 0.0234375
0 0.033203125 0.22314453125 0.025390625 0.0205078125
0 0.7158203125 0.28466796875 0.021484375 0.0107421875
0 0.72119140625 0.2177734375 0.0244140625 0.01171875
0 0.767578125 0.23046875 0.021484375 0.009765625
0 0.7919921875 0.236328125 0.01171875 0.01953125
0 0.765625 0.24462890625 0.021484375 0.0146484375
0 0.69873046875 0.22509765625 0.0185546875 0.0126953125
0 0.69775390625 0.23583984375 0.0224609375 0.0126953125
0 0.71923828125 0.22900390625 0.0185546875 0.0126953125
0 0.716796875 0.2392578125 0.021484375 0.013671875
0 0.7177734375 0.24951171875 0.01953125 0.0126953125
0 0.69677734375 0.248046875 0.0185546875 0.009765625
0 0.763671875 0.25634765625 0.01953125 0.0126953125
0 0.76220703125 0.26611328125 0.0205078125 0.0107421875
0 0.6962890625 0.2939453125 0.021484375 0.01171875
0 0.71630859375 0.27197265625 0.0205078125 0.0107421875
0 0.7236328125 0.19384765625 0.021484375 0.0126953125
0 0.76123046875 0.2880859375 0.0205078125 0.013671875
0 0.76123046875 0.27734375 0.0185546875 0.01171875
0 0.6953125 0.2822265625 0.01953125 0.01171875
0 0.70068359375 0.203125 0.0205078125 0.013671875
0 0.7216796875 0.2060546875 0.017578125 0.01171875
0 0.70263671875 0.181640625 0.0185546875 0.013671875
0 0.732421875 0.09423828125 0.021484375 0.0107421875
0 0.73095703125 0.13916015625 0.0205078125 0.0146484375
0 0.72802734375 0.162109375 0.0185546875 0.01171875
0 0.72607421875 0.18115234375 0.0244140625 0.0126953125
0 0.77001953125 0.1787109375 0.0185546875 0.01171875
0 0.70703125 0.1484375 0.01953125 0.013671875
0 0.70556640625 0.16064453125 0.0205078125 0.0107421875
