0 0.88330078125 0.53076171875 0.0400390625 0.0595703125
0 0.849609375 0.3828125 0.03515625 0.044921875
5 0.07470703125 0.74755859375 0.1474609375 0.5048828125
5 0.6962890625 0.83203125 0.1640625 0.3359375
4 0.13623046875 0.86328125 0.1748046875 0.2734375
0 0.083984375 0.181640625 0.029296875 0.048828125
0 0.02880859375 0.21484375 0.0322265625 0.052734375
0 0.56982421875 0.4501953125 0.0322265625 0.046875
0 0.341796875 0.29541015625 0.03125 0.0478515625
0 0.375 0.25732421875 0.033203125 0.0439453125
0 0.365234375 0.30078125 0.02734375 0.04296875
0 0.31640625 0.39013671875 0.029296875 0.0419921875
0 0.34033203125 0.3935546875 0.0283203125 0.0390625
0 0.36572265625 0.39697265625 0.0322265625 0.0517578125
0 0.41015625 0.40966796875 0.03515625 0.0458984375
0 0.453125 0.41943359375 0.03125 0.0419921875
0 0.5244140625 0.4423828125 0.02734375 0.046875
0 0.59228515625 0.4560546875 0.0302734375 0.046875
0 0.0966796875 0.23291015625 0.029296875 0.0419921875
0 0.65869140625 0.47412109375 0.0302734375 0.0439453125
0 0.7060546875 0.38623046875 0.033203125 0.0537109375
0 0.72705078125 0.39404296875 0.0302734375 0.0478515625
0 0.69384765625 0.33984375 0.0302734375 0.046875
0 0.53955078125 0.3251953125 0.0283203125 0.04296875
0 0.5205078125 0.318359375 0.025390625 0.037109375
0 0.7421875 0.25927734375 0.03515625 0.0498046875
0 0.453125 0.2412109375 0.033203125 0.046875
0 0.94287109375 0.3095703125 0.0322265625 0.052734375
0 0.3203125 0.29345703125 0.029296875 0.0458984375
0 0.29833984375 0.28466796875 0.0302734375 0.0517578125
0 0.2734375 0.2841796875 0.033203125 0.052734375
0 0.2841796875 0.23876953125 0.033203125 0.0439453125
0 0.0498046875 0.224609375 0.03125 0.048828125
0 0.11767578125 0.24072265625 0.0302734375 0.0478515625
0 0.12646484375 0.1923828125 0.0302734375 0.048828125
0 0.150390625 0.201171875 0.02734375 0.041015625
0 0.1728515625 0.20361328125 0.03125 0.0537109375
0 0.19677734375 0.2109375 0.0263671875 0.046875
0 0.21826171875 0.22021484375 0.0244140625 0.0380859375
0 0.23974609375 0.22705078125 0.0244140625 0.0478515625
0 0.1396484375 0.244140625 0.02734375 0.044921875
0 0.16259765625 0.2548828125 0.0263671875 0.03515625
0 0.208984375 0.265625 0.029296875 0.041015625
0 0.23046875 0.27197265625 0.02734375 0.0400390625
0 0.13671875 0.34765625 0.02734375 0.046875
0 0.1806640625 0.35302734375 0.033203125 0.0537109375
0 0.20654296875 0.36279296875 0.0283203125 0.0419921875
0 0.25341796875 0.37158203125 0.0322265625 0.0517578125
0 0.330078125 0.1533203125 0.02734375 0.05078125
0 0.376953125 0.15869140625 0.03125 0.0458984375
0 0.32958984375 0.25 0.0302734375 0.04296875
