0 0.1044921875 0.27294921875 0.015625 0.0283203125
0 0.07177734375 0.26611328125 0.0126953125 0.0244140625
0 0.078125 0.08056640625 0.021484375 0.0126953125
0 0.07861328125 0.07080078125 0.0205078125 0.0107421875
0 0.08056640625 0.0615234375 0.0224609375 0.009765625
0 0.08203125 0.05224609375 0.021484375 0.0107421875
5 0.5458984375 0.57763671875 0.6953125 0.0986328125
5 0.5185546875 0.88623046875 0.69140625 0.0966796875
4 0.5693359375 0.0751953125 0.58984375 0.134765625
0 0.08349609375 0.03173828125 0.0205078125 0.0107421875
0 0.10498046875 0.0126953125 0.0244140625 0.013671875
0 0.10546875 0.02392578125 0.021484375 0.0107421875
0 0.01513671875 0.99609375 0.0205078125 0.0078125
0 0.0029296875 0.18212890625 0.00390625 0.0224609375
0 0.01220703125 0.18359375 0.0126953125 0.02734375
0 0.021484375 0.185546875 0.01171875 0.021484375
0 0.00537109375 0.2587890625 0.0087890625 0.029296875
0 0.0166015625 0.259765625 0.01171875 0.0234375
0 0.10400390625 0.03369140625 0.0185546875 0.0107421875
0 0.0771484375 0.123046875 0.017578125 0.009765625
0 0.10498046875 0.05419921875 0.0205078125 0.0126953125
0 0.1015625 0.0654296875 0.017578125 0.009765625
0 0.1005859375 0.07470703125 0.017578125 0.0107421875
0 0.1416015625 0.09814453125 0.01953125 0.0126953125
0 0.14501953125 0.08642578125 0.0224609375 0.0126953125
0 0.14453125 0.06787109375 0.025390625 0.0146484375
0 0.076171875 0.1123046875 0.021484375 0.01171875
0 0.0947265625 0.11376953125 0.017578125 0.0126953125
0 0.13818359375 0.1279296875 0.0224609375 0.015625
0 0.07763671875 0.09033203125 0.0224609375 0.0126953125
0 0.09375 0.1240234375 0.017578125 0.009765625
0 0.09423828125 0.13330078125 0.0185546875 0.0107421875
0 0.0712890625 0.13037109375 0.01953125 0.0087890625
0 0.07763671875 0.30859375 0.0263671875 0.013671875
0 0.00244140625 0.986328125 0.0029296875 0.013671875
0 0.048828125 0.37353515625 0.0234375 0.0146484375
0 0.05078125 0.36181640625 0.01953125 0.0126953125
0 0.07177734375 0.38525390625 0.0205078125 0.0126953125
0 0.068359375 0.40771484375 0.0234375 0.0146484375
0 0.06494140625 0.4296875 0.0263671875 0.017578125
0 0.03173828125 0.59619140625 0.0224609375 0.0146484375
0 0.0244140625 0.89892578125 0.021484375 0.0107421875
0 0.02294921875 0.94384765625 0.0205078125 0.0146484375
0 0.02001953125 0.966796875 0.0185546875 0.01171875
0 0.01806640625 0.98583984375 0.0244140625 0.0126953125
0 0.06201171875 0.9833984375 0.0185546875 0.01171875
0 0.0048828125 0.953125 0.0078125 0.013671875
0 0.00439453125 0.96533203125 0.0068359375 0.0107421875
5 0.57470703125 0.26806640625 0.6923828125 0.0986328125
