4 0.07568359375 0.0771484375 0.0400390625 0.080078125
4 0.306640625 0.17333984375 0.060546875 0.0361328125
5 0.103515625 0.14404296875 0.091796875 0.2861328125
5 0.72607421875 0.1962890625 0.2275390625 0.3515625
5 0.34423828125 0.15380859375 0.1357421875 0.3056640625
9 0.044921875 0.5908203125 0.076171875 0.09375
9 0.3330078125 0.54296875 0.103515625 0.08203125
9 0.87841796875 0.75341796875 0.1025390625 0.0849609375
4 0.357421875 0.01953125 0.0546875 0.037109375
4 0.2939453125 0.060546875 0.05078125 0.083984375
