1 0.64794921875 0.0625 0.0458984375 0.0625
9 0.90087890625 0.3369140625 0.1142578125 0.08984375
9 0.50048828125 0.54833984375 0.1025390625 0.0908203125
9 0.30078125 0.689453125 0.095703125 0.078125
9 0.08935546875 0.8251953125 0.1142578125 0.109375
5 0.58642578125 0.7734375 0.0478515625 0.080078125
5 0.79638671875 0.640625 0.1083984375 0.140625
5 0.42236328125 0.88818359375 0.1455078125 0.1787109375
0 0.138671875 0.1103515625 0.0390625 0.044921875
0 0.66845703125 0.041015625 0.0302734375 0.041015625
0 0.6962890625 0.12109375 0.037109375 0.0546875
0 0.6650390625 0.115234375 0.03515625 0.044921875
0 0.67138671875 0.17041015625 0.0400390625 0.0498046875
0 0.650390625 0.18994140625 0.03515625 0.0458984375
0 0.16064453125 0.5283203125 0.0341796875 0.041015625
4 0.57470703125 0.79296875 0.0419921875 0.052734375
4 0.39501953125 0.93603515625 0.0712890625 0.0966796875
0 0.4677734375 0.37548828125 0.03515625 0.0419921875
0 0.0166015625 0.54931640625 0.03125 0.0439453125
