9 0.50048828125 0.18017578125 0.1025390625 0.0908203125
9 0.30078125 0.3212890625 0.095703125 0.078125
9 0.08935546875 0.45703125 0.1142578125 0.109375
5 0.58642578125 0.4052734375 0.0478515625 0.080078125
5 0.79638671875 0.2724609375 0.1083984375 0.140625
5 0.42236328125 0.52001953125 0.1455078125 0.1787109375
0 0.16064453125 0.16015625 0.0341796875 0.041015625
4 0.57470703125 0.4248046875 0.0419921875 0.052734375
4 0.39501953125 0.56787109375 0.0712890625 0.0966796875
4 0.2666015625 0.72900390625 0.060546875 0.0654296875
4 0.17431640625 0.78466796875 0.0537109375 0.0654296875
4 0.02392578125 0.8525390625 0.0458984375 0.05859375
0 0.46826171875 0.0146484375 0.0341796875 0.02734375
0 0.0166015625 0.18115234375 0.03125 0.0439453125
5 0.19921875 0.705078125 0.197265625 0.20703125
