4 0.49365234375 0.75634765625 0.1103515625 0.0634765625
4 0.443359375 0.62353515625 0.123046875 0.0654296875
4 0.40576171875 0.47216796875 0.0966796875 0.0615234375
4 0.37744140625 0.39697265625 0.1103515625 0.0673828125
4 0.513671875 0.439453125 0.087890625 0.048828125
4 0.51025390625 0.4013671875 0.1240234375 0.072265625
4 0.5556640625 0.5576171875 0.111328125 0.056640625
4 0.5400390625 0.515625 0.09765625 0.0625
4 0.82275390625 0.62158203125 0.1357421875 0.0751953125
4 0.8125 0.58203125 0.126953125 0.0703125
4 0.7900390625 0.49560546875 0.119140625 0.0595703125
4 0.77490234375 0.44677734375 0.1240234375 0.0654296875
4 0.76416015625 0.41259765625 0.1259765625 0.0654296875
0 0.80908203125 0.17724609375 0.0439453125 0.0302734375
0 0.80224609375 0.10498046875 0.0478515625 0.0302734375
0 0.79443359375 0.05908203125 0.0400390625 0.0263671875
0 0.61865234375 0.07373046875 0.0302734375 0.0458984375
0 0.482421875 0.21923828125 0.02734375 0.0439453125
4 0.4716796875 0.70556640625 0.099609375 0.0595703125
4 0.5908203125 0.7255859375 0.09765625 0.044921875
0 0.07666015625 0.22607421875 0.0322265625 0.0458984375
4 0.58447265625 0.6748046875 0.1083984375 0.0625
4 0.08740234375 0.60546875 0.1142578125 0.05859375
4 0.0849609375 0.5654296875 0.087890625 0.05078125
4 0.0712890625 0.52587890625 0.08984375 0.0576171875
4 0.05908203125 0.48583984375 0.1044921875 0.0654296875
4 0.16650390625 0.41064453125 0.1025390625 0.0537109375
4 0.1748046875 0.4580078125 0.10546875 0.056640625
4 0.1943359375 0.5302734375 0.109375 0.056640625
4 0.212890625 0.568359375 0.1171875 0.064453125
4 0.22265625 0.61083984375 0.095703125 0.0517578125
4 0.2353515625 0.6484375 0.125 0.06640625
4 0.2666015625 0.76708984375 0.11328125 0.0615234375
4 0.10693359375 0.64453125 0.0732421875 0.046875
4 0.4267578125 0.501953125 0.05859375 0.033203125
4 0.36865234375 0.3505859375 0.0654296875 0.03515625
4 0.47998046875 0.3662109375 0.0673828125 0.041015625
4 0.44580078125 0.32861328125 0.0302734375 0.0439453125
4 0.580078125 0.62939453125 0.12109375 0.0693359375
0 0.431640625 0.12890625 0.033203125 0.046875
0 0.03857421875 0.23974609375 0.0341796875 0.0439453125
4 0.12646484375 0.7646484375 0.1162109375 0.064453125
5 0.8046875 0.470703125 0.232421875 0.388671875
5 0.484375 0.52294921875 0.337890625 0.4814453125
5 0.16162109375 0.615234375 0.3212890625 0.470703125
0 0.05029296875 0.34228515625 0.0302734375 0.0458984375
0 0.02587890625 0.35302734375 0.0361328125 0.0498046875
4 0.1083984375 0.68798828125 0.1015625 0.0537109375
4 0.17822265625 0.85009765625 0.1318359375 0.0654296875
4 0.00537109375 0.87109375 0.0087890625 0.03125
