4 0.0390625 0.29150390625 0.0546875 0.0380859375
9 0.12451171875 0.48291015625 0.2001953125 0.1376953125
5 0.84521484375 0.72021484375 0.3095703125 0.4951171875
5 0.53125 0.78076171875 0.2890625 0.4384765625
5 0.1845703125 0.796875 0.3046875 0.40625
0 0.89599609375 0.3974609375 0.0283203125 0.046875
0 0.8720703125 0.40185546875 0.029296875 0.0458984375
0 0.85107421875 0.4072265625 0.0263671875 0.041015625
0 0.90478515625 0.28076171875 0.0341796875 0.0458984375
0 0.78369140625 0.31884765625 0.0283203125 0.0419921875
0 0.76220703125 0.32470703125 0.0302734375 0.0439453125
0 0.83349609375 0.41650390625 0.0263671875 0.0419921875
0 0.8076171875 0.41748046875 0.029296875 0.0380859375
0 0.75 0.44189453125 0.03125 0.0458984375
0 0.70703125 0.44970703125 0.029296875 0.0419921875
0 0.68701171875 0.458984375 0.0283203125 0.0390625
4 0.00537109375 0.93408203125 0.0087890625 0.0341796875
4 0.0751953125 0.66357421875 0.09375 0.0615234375
4 0.091796875 0.701171875 0.087890625 0.060546875
4 0.126953125 0.8193359375 0.087890625 0.05859375
4 0.1181640625 0.77880859375 0.0703125 0.0419921875
4 0.1494140625 0.8955078125 0.080078125 0.05078125
4 0.90673828125 0.95849609375 0.1396484375 0.0751953125
4 0.7265625 0.5517578125 0.115234375 0.064453125
4 0.8681640625 0.55615234375 0.1171875 0.0634765625
4 0.88525390625 0.59716796875 0.1220703125 0.0654296875
4 0.7666015625 0.62890625 0.119140625 0.0625
4 0.7705078125 0.67138671875 0.115234375 0.0693359375
4 0.888671875 0.63916015625 0.1015625 0.0634765625
4 0.90576171875 0.67919921875 0.1142578125 0.0615234375
4 0.7802734375 0.71630859375 0.12890625 0.0693359375
4 0.84619140625 0.92431640625 0.1005859375 0.0556640625
4 0.8408203125 0.8759765625 0.1015625 0.060546875
4 0.818359375 0.83447265625 0.1171875 0.0615234375
4 0.802734375 0.79443359375 0.111328125 0.0595703125
4 0.80810546875 0.75048828125 0.0927734375 0.0498046875
4 0.91015625 0.72119140625 0.10546875 0.0556640625
4 0.9248046875 0.76171875 0.119140625 0.0625
4 0.93994140625 0.80126953125 0.1201171875 0.0595703125
4 0.94482421875 0.8408203125 0.1005859375 0.048828125
4 0.95458984375 0.88671875 0.0908203125 0.056640625
4 0.85595703125 0.51123046875 0.1025390625 0.0615234375
4 0.74951171875 0.59033203125 0.1044921875 0.0615234375
4 0.58056640625 0.779296875 0.0830078125 0.0546875
4 0.2822265625 0.98193359375 0.080078125 0.0361328125
4 0.275390625 0.94921875 0.09765625 0.0625
4 0.26220703125 0.90869140625 0.0888671875 0.0517578125
4 0.26171875 0.8662109375 0.115234375 0.06640625
4 0.23193359375 0.830078125 0.0966796875 0.052734375
4 0.22802734375 0.79150390625 0.1064453125 0.0576171875
4 0.21484375 0.755859375 0.103515625 0.052734375
4 0.18701171875 0.634765625 0.1005859375 0.05859375
4 0.46875 0.7939453125 0.0859375 0.056640625
4 0.63720703125 0.9306640625 0.1162109375 0.064453125
4 0.61376953125 0.89208984375 0.1025390625 0.0517578125
