4 0.84375 0.29150390625 0.0546875 0.0380859375
0 0.44970703125 0.5625 0.0361328125 0.044921875
0 0.4775390625 0.46044921875 0.03125 0.0439453125
0 0.43603515625 0.47314453125 0.0322265625 0.0419921875
0 0.3291015625 0.3271484375 0.03515625 0.05078125
0 0.45458984375 0.03857421875 0.0458984375 0.0341796875
4 0.615234375 0.03857421875 0.0625 0.0439453125
4 0.27001953125 0.03515625 0.0771484375 0.060546875
4 0.19775390625 0.0537109375 0.0810546875 0.056640625
4 0.13037109375 0.06884765625 0.0830078125 0.0634765625
9 0.91455078125 0.48291015625 0.1708984375 0.1376953125
5 0.91845703125 0.80029296875 0.1630859375 0.3994140625
5 0.6689453125 0.80322265625 0.283203125 0.3935546875
5 0.36376953125 0.84716796875 0.2333984375 0.3056640625
0 0.5185546875 0.4453125 0.03515625 0.05078125
0 0.53515625 0.537109375 0.029296875 0.041015625
0 0.60205078125 0.5283203125 0.0322265625 0.05078125
0 0.6787109375 0.212890625 0.025390625 0.048828125
0 0.650390625 0.35205078125 0.029296875 0.0498046875
0 0.720703125 0.38330078125 0.029296875 0.0458984375
0 0.64208984375 0.5126953125 0.0263671875 0.04296875
0 0.62255859375 0.52001953125 0.0244140625 0.0400390625
4 0.65283203125 0.056640625 0.0751953125 0.041015625
4 0.587890625 0.7470703125 0.099609375 0.05859375
4 0.607421875 0.8232421875 0.0859375 0.0390625
4 0.6201171875 0.86474609375 0.080078125 0.0478515625
4 0.66259765625 0.97021484375 0.0810546875 0.0458984375
4 0.763671875 0.98486328125 0.06640625 0.0302734375
4 0.763671875 0.94482421875 0.1015625 0.0556640625
4 0.75341796875 0.904296875 0.0888671875 0.048828125
4 0.7470703125 0.86767578125 0.1171875 0.0576171875
4 0.72412109375 0.8349609375 0.0732421875 0.041015625
4 0.71923828125 0.7900390625 0.0986328125 0.0546875
4 0.705078125 0.75341796875 0.087890625 0.0498046875
4 0.68505859375 0.67919921875 0.0830078125 0.0498046875
4 0.8798828125 0.66357421875 0.09375 0.0615234375
4 0.896484375 0.701171875 0.087890625 0.060546875
4 0.603515625 0.7822265625 0.078125 0.048828125
4 0.56689453125 0.66162109375 0.0693359375 0.0341796875
4 0.931640625 0.8193359375 0.087890625 0.05859375
4 0.11669921875 0.958984375 0.0595703125 0.0390625
4 0.11083984375 0.833984375 0.1162109375 0.056640625
4 0.38720703125 0.724609375 0.0751953125 0.044921875
4 0.3857421875 0.77197265625 0.06640625 0.0400390625
4 0.41064453125 0.8447265625 0.0751953125 0.0390625
4 0.423828125 0.8798828125 0.087890625 0.05078125
4 0.43603515625 0.9169921875 0.0869140625 0.048828125
4 0.451171875 0.96240234375 0.095703125 0.0537109375
4 0.35302734375 0.98291015625 0.0693359375 0.0341796875
4 0.05029296875 0.9736328125 0.0537109375 0.052734375
4 0.9228515625 0.77880859375 0.0703125 0.0419921875
4 0.9541015625 0.8955078125 0.080078125 0.05078125
4 0.994140625 0.8388671875 0.01171875 0.03515625
4 0.98974609375 0.80078125 0.0205078125 0.0390625
4 0.98388671875 0.7626953125 0.0322265625 0.0390625
4 0.970703125 0.638671875 0.05859375 0.05078125
5 0.10107421875 0.88427734375 0.1728515625 0.2314453125
