4 0.32568359375 0.38134765625 0.0537109375 0.0341796875
5 0.63037109375 0.03515625 0.1298828125 0.068359375
5 0.27685546875 0.26806640625 0.3056640625 0.1845703125
5 0.20654296875 0.35595703125 0.3076171875 0.1103515625
5 0.0947265625 0.42041015625 0.181640625 0.0439453125
5 0.15625 0.60400390625 0.23046875 0.0576171875
5 0.13037109375 0.98291015625 0.2158203125 0.0341796875
5 0.14013671875 0.830078125 0.2294921875 0.142578125
4 0.17041015625 0.45849609375 0.0458984375 0.0263671875
4 0.220703125 0.880859375 0.05078125 0.0234375
4 0.24560546875 0.5810546875 0.0556640625 0.029296875
