0 0.82568359375 0.13623046875 0.0439453125 0.0458984375
0 0.9287109375 0.0263671875 0.044921875 0.046875
8 0.63525390625 0.72509765625 0.1083984375 0.1982421875
8 0.51513671875 0.734375 0.1044921875 0.19921875
8 0.400390625 0.74365234375 0.10546875 0.1982421875
8 0.28662109375 0.7509765625 0.1044921875 0.197265625
8 0.9091796875 0.384765625 0.115234375 0.19921875
8 0.79052734375 0.3955078125 0.1103515625 0.19921875
8 0.67138671875 0.40478515625 0.1064453125 0.2001953125
8 0.55517578125 0.4140625 0.1025390625 0.201171875
8 0.43701171875 0.423828125 0.1044921875 0.19921875
8 0.322265625 0.43115234375 0.10546875 0.1982421875
