0 0.064453125 0.0634765625 0.044921875 0.021484375
0 0.068359375 0.041015625 0.0390625 0.01953125
0 0.06396484375 0.0048828125 0.0458984375 0.0078125
8 0.86328125 0.43505859375 0.150390625 0.2060546875
8 0.763671875 0.3935546875 0.150390625 0.20703125
8 0.66455078125 0.3515625 0.1533203125 0.20703125
8 0.75341796875 0.6953125 0.1533203125 0.205078125
8 0.654296875 0.6533203125 0.150390625 0.205078125
8 0.5546875 0.611328125 0.150390625 0.205078125
8 0.4560546875 0.5703125 0.150390625 0.205078125
8 0.3564453125 0.5283203125 0.150390625 0.205078125
8 0.25634765625 0.486328125 0.1513671875 0.205078125
8 0.5654296875 0.31103515625 0.150390625 0.2041015625
8 0.4658203125 0.26806640625 0.15234375 0.2041015625
8 0.36669921875 0.22607421875 0.1494140625 0.2021484375
