0 0.01513671875 0.0634765625 0.0283203125 0.021484375
0 0.015625 0.04052734375 0.029296875 0.0185546875
0 0.01513671875 0.0048828125 0.0283203125 0.0078125
8 0.8056640625 0.43505859375 0.150390625 0.2060546875
8 0.7060546875 0.3935546875 0.150390625 0.20703125
8 0.60693359375 0.3515625 0.1533203125 0.20703125
8 0.69580078125 0.6953125 0.1533203125 0.205078125
8 0.5966796875 0.6533203125 0.150390625 0.205078125
8 0.4970703125 0.611328125 0.150390625 0.205078125
8 0.3984375 0.5703125 0.150390625 0.205078125
8 0.298828125 0.5283203125 0.150390625 0.205078125
8 0.19873046875 0.486328125 0.1513671875 0.205078125
8 0.5078125 0.31103515625 0.150390625 0.2041015625
8 0.408203125 0.26806640625 0.15234375 0.2041015625
8 0.30908203125 0.22607421875 0.1494140625 0.2021484375
