0 0.7939453125 0.2236328125 0.03515625 0.048828125
0 0.5283203125 0.037109375 0.0390625 0.03125
12 0.5048828125 0.44677734375 0.23046875 0.1962890625
8 0.35693359375 0.599609375 0.1572265625 0.197265625
8 0.46435546875 0.6572265625 0.1591796875 0.19921875
8 0.23046875 0.8330078125 0.16015625 0.201171875
8 0.33837890625 0.89111328125 0.1591796875 0.1982421875
0 0.482421875 0.02001953125 0.046875 0.0322265625
0 0.5361328125 0.01806640625 0.04296875 0.0322265625
0 0.5244140625 0.0556640625 0.04296875 0.03125
0 0.64697265625 0.02734375 0.0322265625 0.02734375
0 0.51708984375 0.07666015625 0.0458984375 0.0341796875
0 0.556640625 0.109375 0.01953125 0.03515625
0 0.607421875 0.12060546875 0.037109375 0.0283203125
0 0.61083984375 0.099609375 0.0419921875 0.033203125
0 0.62158203125 0.080078125 0.0400390625 0.03125
0 0.62890625 0.0625 0.041015625 0.03125
0 0.63525390625 0.04296875 0.0380859375 0.03125
12 0.5654296875 0.33447265625 0.23046875 0.1962890625
