0 0.53515625 0.8388671875 0.033203125 0.04296875
0 0.501953125 0.82177734375 0.03125 0.0419921875
8 0.345703125 0.3740234375 0.1640625 0.205078125
8 0.44482421875 0.427734375 0.1669921875 0.20703125
8 0.54443359375 0.48193359375 0.1650390625 0.2060546875
8 0.64453125 0.53759765625 0.1640625 0.2080078125
8 0.74560546875 0.59130859375 0.1650390625 0.2060546875
8 0.3251953125 0.6201171875 0.205078125 0.166015625
8 0.57568359375 0.75634765625 0.2060546875 0.1669921875
0 0.04931640625 0.5830078125 0.0361328125 0.04296875
0 0.0712890625 0.58984375 0.03125 0.0390625
0 0.087890625 0.6005859375 0.029296875 0.0390625
0 0.10546875 0.60986328125 0.029296875 0.0400390625
0 0.12109375 0.625 0.03515625 0.05078125
0 0.17529296875 0.65087890625 0.0380859375 0.0498046875
0 0.23486328125 0.67431640625 0.0322265625 0.0400390625
0 0.2724609375 0.69677734375 0.033203125 0.0458984375
0 0.3017578125 0.7138671875 0.033203125 0.044921875
0 0.48095703125 0.81201171875 0.0341796875 0.0458984375
8 0.24609375 0.3193359375 0.166015625 0.205078125
