1 0.435546875 0.65966796875 0.03125 0.0732421875
1 0.66796875 0.85400390625 0.0390625 0.0830078125
1 0.3564453125 0.6416015625 0.0234375 0.05859375
1 0.38330078125 0.64208984375 0.0263671875 0.0556640625
1 0.51025390625 0.6513671875 0.0263671875 0.08203125
1 0.580078125 0.69189453125 0.029296875 0.0810546875
1 0.63330078125 0.67822265625 0.0322265625 0.0830078125
1 0.33935546875 0.55224609375 0.0244140625 0.0595703125
1 0.23828125 0.728515625 0.0234375 0.080078125
1 0.263671875 0.748046875 0.02734375 0.0859375
1 0.287109375 0.75537109375 0.03125 0.0771484375
1 0.31689453125 0.7666015625 0.0322265625 0.080078125
1 0.33984375 0.7744140625 0.029296875 0.078125
1 0.548828125 0.8251953125 0.03515625 0.080078125
1 0.57373046875 0.8310546875 0.0341796875 0.08203125
1 0.29150390625 0.59521484375 0.0517578125 0.0302734375
1 0.36279296875 0.7841796875 0.0361328125 0.06640625
1 0.0419921875 0.232421875 0.03125 0.064453125
1 0.59130859375 0.6025390625 0.0302734375 0.07421875
1 0.61767578125 0.60693359375 0.0263671875 0.0615234375
1 0.66650390625 0.615234375 0.0283203125 0.08203125
1 0.6494140625 0.76220703125 0.087890625 0.0341796875
1 0.69189453125 0.609375 0.0302734375 0.072265625
1 0.5419921875 0.58837890625 0.03125 0.0771484375
1 0.39111328125 0.568359375 0.0263671875 0.056640625
1 0.564453125 0.599609375 0.03125 0.083984375
1 0.64794921875 0.3876953125 0.0361328125 0.0546875
1 0.6845703125 0.48486328125 0.03125 0.0498046875
1 0.66455078125 0.47119140625 0.0302734375 0.0458984375
1 0.4609375 0.66552734375 0.025390625 0.0615234375
1 0.3310546875 0.6318359375 0.03125 0.083984375
1 0.642578125 0.4677734375 0.03125 0.048828125
1 0.62255859375 0.45849609375 0.0419921875 0.0830078125
1 0.556640625 0.44287109375 0.0390625 0.0791015625
1 0.26513671875 0.19287109375 0.0908203125 0.0556640625
1 0.1875 0.234375 0.08203125 0.03125
1 0.18359375 0.25830078125 0.07421875 0.0283203125
1 0.18115234375 0.2861328125 0.0732421875 0.02734375
1 0.0654296875 0.60888671875 0.033203125 0.0830078125
1 0.11376953125 0.6220703125 0.0263671875 0.060546875
1 0.03076171875 0.673828125 0.0263671875 0.07421875
1 0.0390625 0.5908203125 0.03125 0.06640625
1 0.3271484375 0.3515625 0.08984375 0.03125
1 0.326171875 0.3251953125 0.083984375 0.029296875
1 0.31494140625 0.38134765625 0.0830078125 0.0361328125
1 0.576171875 0.216796875 0.048828125 0.09375
1 0.6220703125 0.23046875 0.041015625 0.0859375
1 0.70947265625 0.26318359375 0.0517578125 0.0869140625
1 0.7705078125 0.29345703125 0.048828125 0.0888671875
1 0.822265625 0.32275390625 0.044921875 0.0849609375
1 0.8720703125 0.3505859375 0.048828125 0.0859375
1 0.9208984375 0.36767578125 0.04296875 0.0791015625
1 0.9072265625 0.45703125 0.08203125 0.052734375
1 0.78857421875 0.46875 0.0478515625 0.083984375
1 0.4736328125 0.35693359375 0.0390625 0.0693359375
1 0.50537109375 0.357421875 0.0322265625 0.052734375
1 0.5771484375 0.37744140625 0.03125 0.0517578125
1 0.68505859375 0.41650390625 0.0341796875 0.0517578125
1 0.70556640625 0.42724609375 0.0341796875 0.0537109375
1 0.56298828125 0.50830078125 0.0849609375 0.0302734375
1 0.70947265625 0.546875 0.0634765625 0.048828125
1 0.15576171875 0.154296875 0.0576171875 0.0390625
1 0.73974609375 0.814453125 0.0810546875 0.041015625
1 0.6435546875 0.841796875 0.02734375 0.083984375
0 0.59326171875 0.3876953125 0.0322265625 0.046875
0 0.3759765625 0.4111328125 0.044921875 0.0234375
0 0.37939453125 0.431640625 0.0478515625 0.0234375
0 0.298828125 0.54931640625 0.048828125 0.0205078125
0 0.29736328125 0.5283203125 0.0400390625 0.01953125
0 0.2470703125 0.5498046875 0.037109375 0.015625
0 0.251953125 0.505859375 0.033203125 0.017578125
0 0.25146484375 0.5234375 0.0341796875 0.017578125
0 0.48388671875 0.49462890625 0.0478515625 0.0224609375
0 0.41064453125 0.7958984375 0.0361328125 0.0625
0 0.43408203125 0.80078125 0.0302734375 0.0546875
0 0.55224609375 0.7646484375 0.0498046875 0.03125
0 0.5283203125 0.67822265625 0.02734375 0.0615234375
0 0.2880859375 0.61669921875 0.041015625 0.0166015625
0 0.8896484375 0.50146484375 0.041015625 0.0400390625
0 0.79052734375 0.6748046875 0.0537109375 0.03515625
0 0.91357421875 0.42431640625 0.0458984375 0.0322265625
0 0.89892578125 0.33642578125 0.0341796875 0.0458984375
0 0.8828125 0.38134765625 0.03515625 0.0498046875
1 0.83349609375 0.58203125 0.0869140625 0.0390625
1 0.64208984375 0.599609375 0.0283203125 0.056640625
1 0.55419921875 0.68212890625 0.0322265625 0.0732421875
1 0.7041015625 0.68505859375 0.0390625 0.0830078125
1 0.84326171875 0.33935546875 0.0439453125 0.0751953125
0 0.57568359375 0.44775390625 0.0322265625 0.0458984375
0 0.5458984375 0.37890625 0.033203125 0.052734375
1 0.59765625 0.8349609375 0.03125 0.060546875
0 0.52587890625 0.36328125 0.0361328125 0.05859375
1 0.45556640625 0.81298828125 0.0302734375 0.0576171875
1 0.47998046875 0.8134765625 0.0263671875 0.056640625
1 0.6787109375 0.6923828125 0.03125 0.078125
1 0.44140625 0.5732421875 0.0234375 0.072265625
1 0.64697265625 0.5205078125 0.0556640625 0.033203125
1 0.7080078125 0.48876953125 0.03125 0.0517578125
1 0.69189453125 0.3544921875 0.0830078125 0.04296875
1 0.599609375 0.45654296875 0.033203125 0.0595703125
1 0.53173828125 0.20703125 0.0439453125 0.087890625
1 0.1845703125 0.31396484375 0.068359375 0.0224609375
1 0.0673828125 0.22509765625 0.025390625 0.0732421875
1 0.30859375 0.40673828125 0.083984375 0.0361328125
1 0.45654296875 0.443359375 0.0283203125 0.048828125
1 0.48193359375 0.4345703125 0.0361328125 0.078125
1 0.5302734375 0.44921875 0.02734375 0.05078125
1 0.41455078125 0.57421875 0.0224609375 0.080078125
1 0.47119140625 0.5771484375 0.0283203125 0.08203125
1 0.48779296875 0.65625 0.0283203125 0.0859375
1 0.38720703125 0.7890625 0.0380859375 0.08203125
1 0.3134765625 0.82666015625 0.06640625 0.0341796875
1 0.130859375 0.6923828125 0.029296875 0.08203125
0 0.1455078125 0.2060546875 0.048828125 0.0234375
0 0.3935546875 0.3291015625 0.0390625 0.01953125
0 0.38134765625 0.392578125 0.0419921875 0.021484375
0 0.39501953125 0.35107421875 0.0498046875 0.0244140625
1 0.052734375 0.0439453125 0.04296875 0.0859375
