0 0.6533203125 0.13818359375 0.041015625 0.0400390625
0 0.591796875 0.0732421875 0.041015625 0.041015625
8 0.31982421875 0.69140625 0.1943359375 0.21875
8 0.41748046875 0.619140625 0.1943359375 0.216796875
8 0.515625 0.54736328125 0.197265625 0.2177734375
8 0.64306640625 0.45458984375 0.1943359375 0.2197265625
8 0.74169921875 0.3818359375 0.1962890625 0.216796875
8 0.83837890625 0.30908203125 0.1962890625 0.2197265625
8 0.919921875 0.2294921875 0.16015625 0.201171875
0 0.1328125 0.24560546875 0.041015625 0.0419921875
0 0.6376953125 0.1220703125 0.044921875 0.04296875
0 0.607421875 0.0908203125 0.04296875 0.04296875
0 0.5234375 0.2275390625 0.041015625 0.025390625
0 0.60595703125 0.2421875 0.0380859375 0.044921875
0 0.62060546875 0.2236328125 0.0400390625 0.046875
0 0.58251953125 0.2578125 0.0361328125 0.041015625
0 0.54638671875 0.2822265625 0.0419921875 0.048828125
0 0.49072265625 0.3212890625 0.0419921875 0.046875
0 0.09521484375 0.2841796875 0.0458984375 0.044921875
8 0.22265625 0.76318359375 0.19140625 0.2158203125
