8 0.5068359375 0.7470703125 0.1953125 0.21484375
8 0.416015625 0.67724609375 0.1953125 0.2138671875
8 0.3251953125 0.6083984375 0.193359375 0.21484375
8 0.68994140625 0.509765625 0.1943359375 0.21484375
8 0.59716796875 0.43994140625 0.1923828125 0.2119140625
8 0.50732421875 0.37109375 0.1943359375 0.212890625
8 0.28125 0.35400390625 0.193359375 0.2119140625
8 0.1865234375 0.28125 0.193359375 0.212890625
8 0.09423828125 0.20751953125 0.1865234375 0.2138671875
8 0.0478515625 0.1171875 0.09375 0.1796875
