0 0.1416015625 0.3310546875 0.0234375 0.015625
0 0.1162109375 0.42138671875 0.021484375 0.0244140625
5 0.44970703125 0.2275390625 0.2216796875 0.0859375
5 0.4521484375 0.33251953125 0.201171875 0.0361328125
5 0.50390625 0.482421875 0.22265625 0.115234375
5 0.59619140625 0.75341796875 0.1708984375 0.0849609375
9 0.03369140625 0.2119140625 0.0400390625 0.052734375
9 0.2177734375 0.474609375 0.037109375 0.03515625
4 0.45703125 0.0244140625 0.041015625 0.01953125
4 0.5791015625 0.88232421875 0.01171875 0.0224609375
4 0.22900390625 0.85693359375 0.0244140625 0.0185546875
4 0.20166015625 0.85888671875 0.0283203125 0.0185546875
4 0.18896484375 0.8818359375 0.0283203125 0.01953125
4 0.16943359375 0.91162109375 0.0322265625 0.0166015625
4 0.1650390625 0.80078125 0.0390625 0.0234375
4 0.64453125 0.71728515625 0.03125 0.0244140625
4 0.34912109375 0.7119140625 0.0322265625 0.01953125
0 0.1005859375 0.90283203125 0.02734375 0.0185546875
0 0.1376953125 0.80615234375 0.015625 0.0224609375
0 0.1259765625 0.80859375 0.015625 0.021484375
0 0.08837890625 0.91943359375 0.0205078125 0.0126953125
0 0.1416015625 0.92041015625 0.0234375 0.0146484375
0 0.20263671875 0.59033203125 0.0166015625 0.0244140625
0 0.19091796875 0.591796875 0.0146484375 0.0234375
0 0.12548828125 0.453125 0.0146484375 0.025390625
5 0.41162109375 0.05126953125 0.1728515625 0.1005859375
