0 0.78173828125 0.0185546875 0.0419921875 0.037109375
0 0.7412109375 0.0361328125 0.0390625 0.046875
0 0.33056640625 0.16259765625 0.0400390625 0.0419921875
0 0.314453125 0.17626953125 0.0390625 0.0439453125
0 0.294921875 0.1904296875 0.04296875 0.04296875
0 0.2783203125 0.205078125 0.0390625 0.041015625
0 0.25830078125 0.21728515625 0.0380859375 0.0419921875
0 0.2451171875 0.2333984375 0.041015625 0.04296875
0 0.22900390625 0.24755859375 0.0380859375 0.0439453125
0 0.21435546875 0.26123046875 0.0380859375 0.0439453125
0 0.19287109375 0.27587890625 0.0400390625 0.0439453125
0 0.17626953125 0.29248046875 0.0400390625 0.0439453125
0 0.158203125 0.3037109375 0.03515625 0.0390625
0 0.02001953125 0.40673828125 0.0380859375 0.0439453125
1 0.08544921875 0.35498046875 0.1044921875 0.0888671875
8 0.83642578125 0.19921875 0.1806640625 0.208984375
8 0.73828125 0.26416015625 0.181640625 0.2119140625
8 0.59765625 0.35888671875 0.181640625 0.2099609375
8 0.505859375 0.42041015625 0.181640625 0.2099609375
8 0.4140625 0.48193359375 0.181640625 0.2099609375
8 0.322265625 0.54345703125 0.181640625 0.2099609375
0 0.34765625 0.150390625 0.041015625 0.04296875
0 0.36474609375 0.1376953125 0.0400390625 0.044921875
0 0.595703125 0.13916015625 0.037109375 0.0419921875
0 0.279296875 0.33056640625 0.044921875 0.0498046875
0 0.7236328125 0.05029296875 0.0390625 0.0458984375
0 0.7080078125 0.06787109375 0.033203125 0.0380859375
0 0.6875 0.07470703125 0.037109375 0.0439453125
0 0.66748046875 0.0869140625 0.0439453125 0.046875
0 0.1943359375 0.400390625 0.041015625 0.04296875
0 0.21728515625 0.3876953125 0.0419921875 0.048828125
0 0.23486328125 0.36865234375 0.0439453125 0.0478515625
0 0.2607421875 0.34765625 0.044921875 0.046875
0 0.35546875 0.27880859375 0.046875 0.0478515625
0 0.61328125 0.123046875 0.0390625 0.046875
0 0.3759765625 0.2587890625 0.048828125 0.046875
0 0.40380859375 0.24267578125 0.0458984375 0.0478515625
0 0.42578125 0.22509765625 0.044921875 0.0478515625
0 0.44677734375 0.20751953125 0.0419921875 0.0478515625
0 0.4658203125 0.1923828125 0.046875 0.05078125
0 0.48876953125 0.17431640625 0.0498046875 0.0537109375
0 0.515625 0.158203125 0.0390625 0.044921875
0 0.63427734375 0.11083984375 0.0361328125 0.0419921875
8 0.10546875 0.69873046875 0.181640625 0.2099609375
