0 0.8486328125 0.07080078125 0.01953125 0.0166015625
0 0.8671875 0.05615234375 0.017578125 0.0185546875
0 0.85791015625 0.0478515625 0.0205078125 0.01953125
4 0.734375 0.90478515625 0.044921875 0.0458984375
5 0.8564453125 0.90869140625 0.08203125 0.1005859375
5 0.77001953125 0.85205078125 0.1142578125 0.1123046875
5 0.59814453125 0.82421875 0.2236328125 0.251953125
5 0.451171875 0.72216796875 0.158203125 0.2314453125
5 0.298828125 0.6552734375 0.16015625 0.224609375
5 0.1015625 0.41357421875 0.201171875 0.2001953125
