0 0.9609375 0.07080078125 0.01953125 0.0166015625
0 0.9794921875 0.05615234375 0.017578125 0.0185546875
0 0.97021484375 0.0478515625 0.0205078125 0.01953125
4 0.8466796875 0.90478515625 0.044921875 0.0458984375
5 0.9638671875 0.91015625 0.072265625 0.09765625
5 0.88232421875 0.85205078125 0.1142578125 0.1123046875
5 0.71044921875 0.82421875 0.2236328125 0.251953125
5 0.5634765625 0.72216796875 0.158203125 0.2314453125
5 0.4111328125 0.6552734375 0.16015625 0.224609375
5 0.2119140625 0.41357421875 0.205078125 0.2001953125
