4 0.12646484375 0.1142578125 0.0185546875 0.0234375
0 0.033203125 0.07373046875 0.0234375 0.0107421875
5 0.19970703125 0.373046875 0.1259765625 0.16015625
5 0.376953125 0.37841796875 0.1171875 0.1708984375
5 0.8271484375 0.2099609375 0.12109375 0.029296875
5 0.6845703125 0.08544921875 0.033203125 0.0458984375
5 0.8037109375 0.48046875 0.12890625 0.033203125
5 0.7900390625 0.36279296875 0.1328125 0.0498046875
5 0.7958984375 0.650390625 0.169921875 0.060546875
0 0.03076171875 0.0859375 0.0283203125 0.015625
0 0.02880859375 0.11572265625 0.0224609375 0.0107421875
4 0.21875 0.099609375 0.017578125 0.02734375
0 0.2177734375 0.0693359375 0.01171875 0.01953125
0 0.18994140625 0.06103515625 0.0224609375 0.0126953125
0 0.333984375 0.1044921875 0.01953125 0.025390625
0 0.2080078125 0.1103515625 0.015625 0.025390625
4 0.921875 0.06640625 0.033203125 0.01953125
4 0.66796875 0.0810546875 0.0234375 0.03125
4 0.77978515625 0.2236328125 0.0283203125 0.015625
4 0.21875 0.4208984375 0.021484375 0.04296875
