4 0.51171875 0.13232421875 0.0234375 0.0185546875
4 0.10498046875 0.4404296875 0.0126953125 0.0234375
4 0.0283203125 0.5087890625 0.03515625 0.015625
0 0.0927734375 0.443359375 0.01171875 0.0234375
0 0.091796875 0.49169921875 0.033203125 0.0166015625
0 0.1728515625 0.2275390625 0.015625 0.021484375
5 0.154296875 0.94287109375 0.203125 0.1142578125
5 0.2919921875 0.6748046875 0.173828125 0.138671875
9 0.0810546875 0.6552734375 0.03125 0.056640625
5 0.40087890625 0.4775390625 0.1181640625 0.076171875
9 0.2333984375 0.41015625 0.025390625 0.04296875
5 0.482421875 0.263671875 0.125 0.04296875
5 0.49609375 0.15625 0.125 0.0546875
5 0.5263671875 0.0498046875 0.150390625 0.041015625
