4 0.43359375 0.69775390625 0.01171875 0.0185546875
5 0.7275390625 0.294921875 0.119140625 0.041015625
5 0.6875 0.36279296875 0.052734375 0.0283203125
5 0.4326171875 0.65966796875 0.03515625 0.0947265625
5 0.111328125 0.76708984375 0.060546875 0.0283203125
5 0.12939453125 0.71240234375 0.0732421875 0.0224609375
5 0.25830078125 0.60791015625 0.0244140625 0.0751953125
5 0.142578125 0.58349609375 0.01953125 0.0361328125
5 0.33935546875 0.44970703125 0.0185546875 0.0322265625
5 0.13037109375 0.49560546875 0.0107421875 0.0439453125
9 0.27294921875 0.38134765625 0.0263671875 0.0205078125
