5 0.7373046875 0.4169921875 0.03125 0.033203125
5 0.7509765625 0.173828125 0.052734375 0.08203125
5 0.5576171875 0.2138671875 0.046875 0.064453125
5 0.5048828125 0.22412109375 0.029296875 0.0673828125
5 0.41748046875 0.2001953125 0.0712890625 0.07421875
5 0.29248046875 0.2958984375 0.0439453125 0.0546875
5 0.19287109375 0.69384765625 0.0263671875 0.0693359375
5 0.42578125 0.62451171875 0.0234375 0.0224609375
5 0.333984375 0.51416015625 0.046875 0.0439453125
5 0.29248046875 0.38232421875 0.0458984375 0.0400390625
5 0.2041015625 0.5087890625 0.04296875 0.068359375
5 0.15576171875 0.07666015625 0.0419921875 0.0244140625
