4 0.20556640625 0.23095703125 0.0341796875 0.0205078125
5 0.9501953125 0.4814453125 0.05078125 0.109375
5 0.40478515625 0.3896484375 0.0478515625 0.0703125
5 0.4091796875 0.48779296875 0.15234375 0.0888671875
5 0.365234375 0.58154296875 0.103515625 0.0849609375
5 0.24462890625 0.76220703125 0.0576171875 0.0576171875
5 0.21533203125 0.85205078125 0.0810546875 0.0634765625
0 0.2392578125 0.34033203125 0.01953125 0.0166015625
4 0.3876953125 0.6015625 0.033203125 0.021484375
0 0.1748046875 0.3447265625 0.017578125 0.0234375
0 0.1015625 0.29345703125 0.013671875 0.0224609375
0 0.150390625 0.34033203125 0.017578125 0.0224609375
0 0.85498046875 0.61181640625 0.0244140625 0.0205078125
4 0.28369140625 0.97900390625 0.0263671875 0.0224609375
5 0.4609375 0.30126953125 0.1328125 0.0458984375
