9 0.2998046875 0.333984375 0.05078125 0.033203125
5 0.48291015625 0.333984375 0.1025390625 0.056640625
5 0.90625 0.18505859375 0.10546875 0.0439453125
5 0.8388671875 0.396484375 0.10546875 0.064453125
5 0.96630859375 0.56201171875 0.0673828125 0.0693359375
5 0.98779296875 0.80615234375 0.0244140625 0.0400390625
5 0.65234375 0.93798828125 0.05859375 0.0185546875
0 0.35546875 0.38427734375 0.017578125 0.0205078125
0 0.2001953125 0.37353515625 0.013671875 0.0185546875
0 0.1689453125 0.37548828125 0.01171875 0.0166015625
0 0.15966796875 0.37353515625 0.0107421875 0.0205078125
0 0.07275390625 0.4833984375 0.0185546875 0.021484375
0 0.34765625 0.99169921875 0.021484375 0.0126953125
4 0.99658203125 0.82666015625 0.0068359375 0.0146484375
