0 0.6708984375 0.05615234375 0.021484375 0.0166015625
5 0.158203125 0.5390625 0.1171875 0.14453125
5 0.24072265625 0.408203125 0.0966796875 0.1328125
5 0.5771484375 0.400390625 0.0703125 0.125
5 0.7646484375 0.38916015625 0.083984375 0.1240234375
5 0.8759765625 0.3017578125 0.056640625 0.08984375
0 0.5419921875 0.0859375 0.0234375 0.0234375
0 0.21484375 0.126953125 0.02734375 0.015625
0 0.212890625 0.0419921875 0.025390625 0.013671875
0 0.63232421875 0.0888671875 0.0126953125 0.025390625
0 0.693359375 0.0380859375 0.015625 0.0234375
