0 0.58154296875 0.41162109375 0.0205078125 0.0166015625
0 0.55126953125 0.421875 0.0224609375 0.025390625
9 0.0537109375 0.9248046875 0.05078125 0.033203125
5 0.23681640625 0.9248046875 0.1025390625 0.056640625
5 0.41015625 0.1572265625 0.158203125 0.0390625
5 0.28564453125 0.47021484375 0.1103515625 0.0693359375
5 0.66015625 0.77587890625 0.10546875 0.0439453125
5 0.58837890625 0.9775390625 0.0966796875 0.044921875
5 0.80126953125 0.59912109375 0.1044921875 0.0693359375
0 0.109375 0.97509765625 0.017578125 0.0205078125
4 0.39453125 0.1748046875 0.02734375 0.013671875
4 0.62646484375 0.3759765625 0.0302734375 0.021484375
0 0.59228515625 0.40087890625 0.0205078125 0.0166015625
5 0.0478515625 0.3193359375 0.083984375 0.0703125
