4 0.56103515625 0.79931640625 0.0244140625 0.0263671875
4 0.1357421875 0.5556640625 0.033203125 0.015625
4 0.3603515625 0.431640625 0.0234375 0.025390625
4 0.35205078125 0.4248046875 0.0263671875 0.02734375
5 0.56884765625 0.6513671875 0.1025390625 0.09765625
5 0.5986328125 0.77490234375 0.083984375 0.1025390625
5 0.63916015625 0.861328125 0.0693359375 0.037109375
5 0.2001953125 0.73681640625 0.080078125 0.0439453125
5 0.17041015625 0.65869140625 0.0791015625 0.0458984375
5 0.1279296875 0.537109375 0.052734375 0.021484375
5 0.4052734375 0.41845703125 0.10546875 0.1025390625
5 0.35546875 0.27392578125 0.068359375 0.0751953125
5 0.22314453125 0.275390625 0.0341796875 0.05859375
5 0.1328125 0.11962890625 0.05078125 0.1630859375
