4 0.34375 0.271484375 0.017578125 0.021484375
4 0.77099609375 0.35498046875 0.0166015625 0.0244140625
4 0.87060546875 0.18798828125 0.0205078125 0.0283203125
0 0.7177734375 0.1845703125 0.021484375 0.01171875
0 0.857421875 0.18115234375 0.021484375 0.0263671875
0 0.5283203125 0.1142578125 0.021484375 0.0234375
0 0.53857421875 0.11865234375 0.0185546875 0.0263671875
5 0.87939453125 0.70068359375 0.0927734375 0.0869140625
5 0.82177734375 0.49365234375 0.0615234375 0.0478515625
5 0.72705078125 0.41943359375 0.0751953125 0.1279296875
5 0.6064453125 0.4052734375 0.03125 0.05078125
5 0.35498046875 0.27099609375 0.0830078125 0.1064453125
5 0.275390625 0.2041015625 0.033203125 0.05859375
5 0.16259765625 0.20751953125 0.0458984375 0.0693359375
