4 0.56103515625 0.73876953125 0.0244140625 0.0263671875
4 0.1357421875 0.4951171875 0.033203125 0.015625
4 0.3603515625 0.37109375 0.0234375 0.025390625
4 0.35205078125 0.3642578125 0.0263671875 0.02734375
5 0.56884765625 0.5908203125 0.1025390625 0.09765625
5 0.5986328125 0.71435546875 0.083984375 0.1025390625
5 0.63916015625 0.80078125 0.0693359375 0.037109375
5 0.2001953125 0.67626953125 0.080078125 0.0439453125
5 0.17041015625 0.59814453125 0.0791015625 0.0458984375
5 0.1279296875 0.4765625 0.052734375 0.021484375
5 0.4052734375 0.35791015625 0.10546875 0.1025390625
5 0.35546875 0.21337890625 0.068359375 0.0751953125
5 0.22314453125 0.21484375 0.0341796875 0.05859375
5 0.130859375 0.07080078125 0.046875 0.1396484375
