0 0.89794921875 0.994140625 0.0185546875 0.01171875
5 0.76171875 0.2685546875 0.08984375 0.09375
5 0.52294921875 0.21240234375 0.2646484375 0.2490234375
5 0.39990234375 0.55859375 0.1064453125 0.12890625
5 0.36328125 0.7919921875 0.044921875 0.046875
9 0.5810546875 0.9697265625 0.056640625 0.056640625
5 0.27099609375 0.88134765625 0.0439453125 0.1005859375
5 0.18359375 0.8798828125 0.052734375 0.154296875
9 0.79833984375 0.9501953125 0.0478515625 0.041015625
4 0.15576171875 0.84521484375 0.0224609375 0.0302734375
5 0.8525390625 0.162109375 0.0859375 0.068359375
