0 0.6201171875 0.37109375 0.037109375 0.041015625
0 0.6064453125 0.49072265625 0.041015625 0.0380859375
8 0.26708984375 0.21923828125 0.1689453125 0.2041015625
8 0.35986328125 0.1650390625 0.1708984375 0.20703125
0 0.5810546875 0.12060546875 0.037109375 0.0185546875
0 0.48388671875 0.31982421875 0.0283203125 0.0419921875
0 0.46337890625 0.330078125 0.0322265625 0.041015625
0 0.447265625 0.34228515625 0.037109375 0.0458984375
0 0.3310546875 0.3974609375 0.037109375 0.044921875
0 0.54541015625 0.3779296875 0.0458984375 0.037109375
0 0.57080078125 0.41162109375 0.0380859375 0.0283203125
0 0.5859375 0.45068359375 0.044921875 0.0361328125
0 0.59619140625 0.47021484375 0.0419921875 0.0341796875
0 0.484375 0.4853515625 0.033203125 0.037109375
0 0.6298828125 0.4013671875 0.0390625 0.044921875
0 0.4443359375 0.45458984375 0.03515625 0.0458984375
0 0.462890625 0.49267578125 0.03515625 0.0419921875
0 0.3876953125 0.4775390625 0.03125 0.041015625
0 0.4423828125 0.50244140625 0.03125 0.0419921875
0 0.42431640625 0.50830078125 0.0361328125 0.0439453125
0 0.4072265625 0.5185546875 0.033203125 0.0390625
0 0.388671875 0.52978515625 0.033203125 0.0419921875
0 0.35009765625 0.49951171875 0.0322265625 0.0419921875
0 0.32861328125 0.51171875 0.0341796875 0.04296875
0 0.36669921875 0.53564453125 0.0341796875 0.0439453125
0 0.6416015625 0.419921875 0.03125 0.04296875
8 0.173828125 0.27392578125 0.169921875 0.2080078125
