0 0.98876953125 0.7197265625 0.0205078125 0.021484375
10 0.0791015625 0.45361328125 0.140625 0.1376953125
10 0.4482421875 0.43310546875 0.140625 0.1357421875
10 0.3935546875 0.7587890625 0.142578125 0.13671875
10 0.85693359375 0.1748046875 0.1767578125 0.1796875
0 0.02392578125 0.83740234375 0.0185546875 0.0185546875
0 0.00439453125 0.7998046875 0.0068359375 0.013671875
0 0.0078125 0.810546875 0.013671875 0.017578125
0 0.00927734375 0.81982421875 0.0185546875 0.0166015625
0 0.0166015625 0.8310546875 0.021484375 0.01953125
10 0.2333984375 0.19580078125 0.1796875 0.1748046875
