1 0.09619140625 0.990234375 0.0732421875 0.01953125
1 0.103515625 0.74951171875 0.076171875 0.0244140625
1 0.31494140625 0.81982421875 0.0849609375 0.0263671875
1 0.33935546875 0.4375 0.0283203125 0.064453125
1 0.896484375 0.603515625 0.09375 0.04296875
1 0.09716796875 0.8876953125 0.0654296875 0.021484375
1 0.09716796875 0.9169921875 0.0712890625 0.02734375
1 0.37109375 0.564453125 0.095703125 0.029296875
1 0.35595703125 0.64892578125 0.0654296875 0.0263671875
1 0.6376953125 0.61181640625 0.099609375 0.0283203125
1 0.71728515625 0.6474609375 0.0888671875 0.021484375
1 0.66162109375 0.68212890625 0.0791015625 0.0224609375
1 0.57373046875 0.6787109375 0.0927734375 0.021484375
1 0.6220703125 0.64697265625 0.09765625 0.0224609375
1 0.77734375 0.82373046875 0.09375 0.0205078125
1 0.1005859375 0.83349609375 0.07421875 0.0224609375
1 0.484375 0.6171875 0.064453125 0.0234375
1 0.388671875 0.61865234375 0.09375 0.0263671875
1 0.6796875 0.57958984375 0.08203125 0.0361328125
1 0.8828125 0.5478515625 0.087890625 0.04296875
1 0.89501953125 0.57666015625 0.0927734375 0.0400390625
1 0.91162109375 0.7421875 0.0634765625 0.03515625
1 0.962890625 0.8134765625 0.07421875 0.037109375
1 0.97412109375 0.8935546875 0.0517578125 0.029296875
1 0.97119140625 0.9521484375 0.0576171875 0.033203125
1 0.58984375 0.5859375 0.087890625 0.0234375
1 0.77880859375 0.99609375 0.0947265625 0.0078125
1 0.78662109375 0.91552734375 0.0732421875 0.0302734375
1 0.7919921875 0.85791015625 0.103515625 0.0380859375
1 0.56640625 0.556640625 0.138671875 0.029296875
1 0.3837890625 0.5927734375 0.091796875 0.025390625
1 0.494140625 0.5869140625 0.09375 0.02734375
1 0.3154296875 0.9951171875 0.06640625 0.009765625
1 0.7841796875 0.8876953125 0.09375 0.041015625
1 0.158203125 0.974609375 0.044921875 0.05078125
1 0.7744140625 0.943359375 0.06640625 0.025390625
0 0.95654296875 0.9296875 0.0615234375 0.03125
0 0.970703125 0.837890625 0.05859375 0.03125
0 0.92822265625 0.76513671875 0.0595703125 0.0302734375
0 0.716796875 0.61083984375 0.0546875 0.0244140625
0 0.7685546875 0.35205078125 0.01953125 0.0361328125
0 0.740234375 0.35205078125 0.01953125 0.0380859375
0 0.66064453125 0.0927734375 0.0263671875 0.048828125
1 0.8740234375 0.6953125 0.09765625 0.048828125
1 0.744140625 0.68896484375 0.09765625 0.0283203125
1 0.61474609375 0.2939453125 0.0302734375 0.060546875
1 0.4443359375 0.64501953125 0.099609375 0.0244140625
1 0.490234375 0.671875 0.0703125 0.0234375
1 0.41455078125 0.6748046875 0.0654296875 0.021484375
1 0.453125 0.5615234375 0.0703125 0.025390625
0 0.05322265625 0.15283203125 0.0224609375 0.0400390625
1 0.7392578125 0.9736328125 0.052734375 0.0234375
1 0.9775390625 0.978515625 0.044921875 0.03125
0 0.0986328125 0.0732421875 0.017578125 0.0390625
0 0.1318359375 0.072265625 0.0234375 0.041015625
0 0.08251953125 0.07373046875 0.0166015625 0.0380859375
0 0.0517578125 0.07177734375 0.021484375 0.0400390625
0 0.107421875 0.1572265625 0.021484375 0.037109375
0 0.0751953125 0.15234375 0.01953125 0.037109375
0 0.62548828125 0.09375 0.0263671875 0.05078125
1 0.861328125 0.49658203125 0.091796875 0.0458984375
