0 0.7685546875 0.11328125 0.056640625 0.04296875
1 0.318359375 0.24365234375 0.076171875 0.0537109375
1 0.3203125 0.2744140625 0.080078125 0.052734375
1 0.326171875 0.30615234375 0.08203125 0.0556640625
1 0.33935546875 0.341796875 0.0732421875 0.0546875
1 0.345703125 0.3779296875 0.076171875 0.0546875
1 0.3671875 0.46240234375 0.07421875 0.0556640625
1 0.3720703125 0.49560546875 0.078125 0.0556640625
1 0.38232421875 0.53125 0.0771484375 0.052734375
1 0.38916015625 0.56494140625 0.0830078125 0.0576171875
1 0.39990234375 0.60205078125 0.0771484375 0.0537109375
1 0.40576171875 0.63525390625 0.0771484375 0.0537109375
1 0.40478515625 0.6640625 0.0791015625 0.0546875
1 0.42431640625 0.7060546875 0.0771484375 0.052734375
1 0.43359375 0.74267578125 0.076171875 0.0517578125
1 0.44140625 0.7763671875 0.080078125 0.0546875
1 0.45166015625 0.8115234375 0.0771484375 0.056640625
1 0.4580078125 0.84716796875 0.078125 0.0556640625
1 0.4482421875 0.875 0.05859375 0.044921875
1 0.4033203125 0.18603515625 0.072265625 0.0458984375
1 0.31005859375 0.20458984375 0.0732421875 0.0556640625
0 0.71435546875 0.13525390625 0.0478515625 0.0595703125
1 0.1044921875 0.0517578125 0.03515625 0.078125
1 0.13330078125 0.0546875 0.0322265625 0.076171875
1 0.1572265625 0.04248046875 0.033203125 0.0751953125
1 0.2109375 0.03564453125 0.0390625 0.0693359375
1 0.259765625 0.02880859375 0.03125 0.0556640625
1 0.28564453125 0.0205078125 0.0263671875 0.0390625
1 0.31396484375 0.02001953125 0.0283203125 0.0380859375
1 0.3681640625 0.01708984375 0.025390625 0.0322265625
1 0.3935546875 0.01318359375 0.0234375 0.0244140625
1 0.42138671875 0.01171875 0.0244140625 0.021484375
1 0.4482421875 0.01025390625 0.0234375 0.0185546875
1 0.3955078125 0.22412109375 0.078125 0.0556640625
1 0.40576171875 0.2607421875 0.0771484375 0.0546875
1 0.41162109375 0.29248046875 0.0751953125 0.0537109375
1 0.4248046875 0.33056640625 0.078125 0.0556640625
0 0.30908203125 0.806640625 0.0283203125 0.04296875
0 0.08984375 0.8662109375 0.044921875 0.03515625
0 0.10107421875 0.88623046875 0.0458984375 0.0322265625
0 0.8115234375 0.9599609375 0.025390625 0.0390625
0 0.7265625 0.59619140625 0.052734375 0.0322265625
0 0.72216796875 0.5390625 0.0537109375 0.033203125
0 0.787109375 0.5185546875 0.05078125 0.04296875
0 0.8173828125 0.50927734375 0.05078125 0.0439453125
0 0.6767578125 0.40673828125 0.056640625 0.0439453125
0 0.67138671875 0.37353515625 0.0556640625 0.0400390625
0 0.77685546875 0.3759765625 0.0439453125 0.0546875
0 0.82275390625 0.35986328125 0.0498046875 0.0419921875
0 0.76416015625 0.35302734375 0.0439453125 0.0517578125
0 0.6552734375 0.3134765625 0.056640625 0.048828125
0 0.7626953125 0.3115234375 0.04296875 0.052734375
0 0.74609375 0.25 0.046875 0.05859375
0 0.79736328125 0.2353515625 0.0517578125 0.04296875
0 0.80126953125 0.265625 0.0556640625 0.05078125
0 0.783203125 0.1748046875 0.056640625 0.044921875
0 0.255859375 0.5888671875 0.03125 0.04296875
1 0.56494140625 0.2978515625 0.0771484375 0.048828125
1 0.57763671875 0.34228515625 0.0712890625 0.0341796875
1 0.5185546875 0.72998046875 0.078125 0.0576171875
1 0.43994140625 0.39794921875 0.0751953125 0.0537109375
1 0.45654296875 0.47265625 0.0771484375 0.056640625
1 0.46728515625 0.51611328125 0.0771484375 0.0576171875
1 0.48095703125 0.556640625 0.0791015625 0.05859375
1 0.5439453125 0.59130859375 0.033203125 0.0595703125
1 0.48974609375 0.59375 0.0791015625 0.05859375
1 0.53271484375 0.64599609375 0.0791015625 0.0537109375
1 0.50390625 0.66015625 0.078125 0.056640625
1 0.5263671875 0.763671875 0.080078125 0.056640625
1 0.59521484375 0.3994140625 0.0791015625 0.044921875
1 0.5341796875 0.7998046875 0.078125 0.056640625
1 0.6845703125 0.7783203125 0.0703125 0.056640625
1 0.67529296875 0.74951171875 0.0673828125 0.0595703125
1 0.67138671875 0.71923828125 0.0732421875 0.0576171875
1 0.6640625 0.69140625 0.0703125 0.048828125
1 0.6552734375 0.6279296875 0.07421875 0.0390625
1 0.64404296875 0.6015625 0.0751953125 0.037109375
1 0.609375 0.43896484375 0.072265625 0.0322265625
1 0.07958984375 0.0703125 0.0322265625 0.078125
