8 0.90478515625 0.8076171875 0.1220703125 0.193359375
8 0.78466796875 0.83349609375 0.1240234375 0.1923828125
8 0.66455078125 0.8603515625 0.1220703125 0.193359375
8 0.544921875 0.8857421875 0.12109375 0.193359375
8 0.82861328125 0.494140625 0.1220703125 0.193359375
8 0.76708984375 0.1787109375 0.1220703125 0.193359375
8 0.646484375 0.2041015625 0.123046875 0.1953125
8 0.52734375 0.23095703125 0.123046875 0.1962890625
8 0.49072265625 0.5703125 0.1220703125 0.19140625
8 0.37255859375 0.595703125 0.1220703125 0.19140625
8 0.4072265625 0.2568359375 0.12109375 0.193359375
8 0.21484375 0.29931640625 0.12109375 0.1923828125
8 0.10205078125 0.32373046875 0.1201171875 0.1943359375
