8 0.80908203125 0.8076171875 0.1220703125 0.193359375
8 0.68896484375 0.83349609375 0.1240234375 0.1923828125
8 0.56884765625 0.8603515625 0.1220703125 0.193359375
8 0.44921875 0.8857421875 0.12109375 0.193359375
8 0.73291015625 0.494140625 0.1220703125 0.193359375
8 0.67138671875 0.1787109375 0.1220703125 0.193359375
8 0.55078125 0.2041015625 0.123046875 0.1953125
8 0.431640625 0.23095703125 0.123046875 0.1962890625
8 0.39501953125 0.5703125 0.1220703125 0.19140625
8 0.27685546875 0.595703125 0.1220703125 0.19140625
8 0.3115234375 0.2568359375 0.12109375 0.193359375
8 0.119140625 0.29931640625 0.12109375 0.1923828125
8 0.03369140625 0.32177734375 0.0654296875 0.1904296875
