8 0.80908203125 0.7060546875 0.1220703125 0.193359375
8 0.68896484375 0.73193359375 0.1240234375 0.1923828125
8 0.56884765625 0.7587890625 0.1220703125 0.193359375
8 0.44921875 0.7841796875 0.12109375 0.193359375
8 0.73291015625 0.392578125 0.1220703125 0.193359375
8 0.67138671875 0.08740234375 0.1220703125 0.1728515625
8 0.55078125 0.1025390625 0.123046875 0.1953125
8 0.431640625 0.12939453125 0.123046875 0.1962890625
8 0.39501953125 0.46875 0.1220703125 0.19140625
8 0.27685546875 0.494140625 0.1220703125 0.19140625
8 0.3115234375 0.1552734375 0.12109375 0.193359375
8 0.119140625 0.19775390625 0.12109375 0.1923828125
8 0.03369140625 0.22021484375 0.0654296875 0.1904296875
