0 0.9638671875 0.53759765625 0.037109375 0.0322265625
0 0.7734375 0.78271484375 0.02734375 0.0400390625
8 0.6201171875 0.07470703125 0.154296875 0.1474609375
8 0.728515625 0.10009765625 0.1640625 0.1982421875
8 0.830078125 0.14453125 0.1640625 0.2109375
8 0.603515625 0.34765625 0.1640625 0.208984375
8 0.37353515625 0.55126953125 0.1630859375 0.2099609375
8 0.49951171875 0.29736328125 0.1630859375 0.2119140625
8 0.3974609375 0.24560546875 0.166015625 0.2099609375
8 0.27197265625 0.50048828125 0.1630859375 0.2080078125
8 0.4765625 0.60107421875 0.162109375 0.2080078125
8 0.57763671875 0.65234375 0.1611328125 0.205078125
8 0.705078125 0.39794921875 0.162109375 0.2099609375
0 0.1640625 0.78369140625 0.037109375 0.0302734375
0 0.1162109375 0.8447265625 0.0390625 0.029296875
0 0.15673828125 0.865234375 0.0419921875 0.033203125
0 0.41455078125 0.90576171875 0.0419921875 0.0322265625
0 0.32373046875 0.86083984375 0.0380859375 0.0283203125
0 0.67529296875 0.82177734375 0.0302734375 0.0361328125
0 0.806640625 0.5732421875 0.033203125 0.0390625
0 0.86328125 0.4794921875 0.03125 0.037109375
0 0.89013671875 0.4375 0.0322265625 0.0390625
0 0.75439453125 0.82177734375 0.0322265625 0.0400390625
8 0.505859375 0.04931640625 0.126953125 0.0966796875
