0 0.701171875 0.5693359375 0.025390625 0.03515625
7 0.3076171875 0.8369140625 0.490234375 0.326171875
8 0.54248046875 0.19384765625 0.1279296875 0.1884765625
8 0.59619140625 0.01171875 0.0849609375 0.021484375
8 0.70166015625 0.025390625 0.0927734375 0.048828125
8 0.6435546875 0.2216796875 0.126953125 0.1875
0 0.78076171875 0.3828125 0.0224609375 0.03515625
0 0.8154296875 0.259765625 0.02734375 0.04296875
0 0.7685546875 0.4248046875 0.0234375 0.03515625
0 0.75244140625 0.486328125 0.0244140625 0.0390625
0 0.74951171875 0.80078125 0.0224609375 0.033203125
0 0.80419921875 0.30029296875 0.0224609375 0.0341796875
0 0.79150390625 0.3427734375 0.0263671875 0.037109375
7 0.39208984375 0.55908203125 0.4873046875 0.3623046875
