0 0.9638671875 0.71923828125 0.037109375 0.0322265625
0 0.7734375 0.96435546875 0.02734375 0.0400390625
8 0.62548828125 0.22509765625 0.1650390625 0.2099609375
8 0.728515625 0.27587890625 0.1640625 0.2099609375
8 0.830078125 0.326171875 0.1640625 0.2109375
8 0.603515625 0.529296875 0.1640625 0.208984375
8 0.37353515625 0.73291015625 0.1630859375 0.2099609375
8 0.49951171875 0.47900390625 0.1630859375 0.2119140625
8 0.3974609375 0.42724609375 0.166015625 0.2099609375
8 0.27197265625 0.68212890625 0.1630859375 0.2080078125
8 0.4765625 0.78271484375 0.162109375 0.2080078125
8 0.57763671875 0.833984375 0.1611328125 0.205078125
8 0.705078125 0.57958984375 0.162109375 0.2099609375
0 0.1640625 0.96533203125 0.037109375 0.0302734375
0 0.6787109375 0.99267578125 0.0234375 0.0146484375
0 0.806640625 0.7548828125 0.033203125 0.0390625
0 0.86328125 0.6611328125 0.03125 0.037109375
0 0.89013671875 0.619140625 0.0322265625 0.0390625
0 0.7578125 0.99169921875 0.025390625 0.0166015625
8 0.52392578125 0.17431640625 0.1630859375 0.2099609375
