0 0.35791015625 0.0400390625 0.0419921875 0.033203125
9 0.4716796875 0.24560546875 0.052734375 0.0478515625
9 0.416015625 0.30224609375 0.05859375 0.0556640625
9 0.3974609375 0.37939453125 0.060546875 0.0556640625
9 0.3564453125 0.4423828125 0.05078125 0.046875
9 0.28125 0.5849609375 0.04296875 0.0390625
9 0.2314453125 0.732421875 0.05078125 0.046875
9 0.6396484375 0.98095703125 0.05078125 0.0380859375
9 0.904296875 0.5126953125 0.109375 0.08984375
9 0.99853515625 0.244140625 0.0029296875 0.056640625
0 0.22216796875 0.06640625 0.0419921875 0.052734375
0 0.06591796875 0.205078125 0.0419921875 0.03125
0 0.36865234375 0.07470703125 0.0419921875 0.0302734375
0 0.2744140625 0.34814453125 0.044921875 0.0341796875
0 0.22802734375 0.35009765625 0.0458984375 0.0400390625
0 0.0224609375 0.31298828125 0.041015625 0.0361328125
0 0.0439453125 0.515625 0.03125 0.041015625
0 0.1845703125 0.4736328125 0.0390625 0.03125
0 0.068359375 0.56884765625 0.048828125 0.0361328125
0 0.04931640625 0.6083984375 0.0419921875 0.033203125
0 0.09130859375 0.62841796875 0.0458984375 0.0341796875
0 0.837890625 0.96337890625 0.04296875 0.0341796875
0 0.94287109375 0.6455078125 0.0400390625 0.033203125
9 0.54296875 0.1044921875 0.05078125 0.046875
