0 0.2958984375 0.69677734375 0.046875 0.0263671875
0 0.55078125 0.74365234375 0.0390625 0.0341796875
0 0.55419921875 0.2158203125 0.0419921875 0.04296875
0 0.53369140625 0.23486328125 0.0419921875 0.0419921875
1 0.42578125 0.30419921875 0.126953125 0.1142578125
1 0.38037109375 0.24755859375 0.1318359375 0.1123046875
1 0.4638671875 0.66650390625 0.0703125 0.0654296875
1 0.447265625 0.64892578125 0.072265625 0.0654296875
1 0.42529296875 0.63330078125 0.0751953125 0.0556640625
1 0.40478515625 0.59326171875 0.0556640625 0.0478515625
1 0.38671875 0.57861328125 0.072265625 0.0615234375
1 0.36279296875 0.5517578125 0.0732421875 0.064453125
1 0.2431640625 0.46044921875 0.087890625 0.0341796875
1 0.22998046875 0.43115234375 0.0888671875 0.0322265625
1 0.20556640625 0.38525390625 0.0869140625 0.0361328125
1 0.19921875 0.33935546875 0.087890625 0.0341796875
1 0.16650390625 0.3203125 0.0556640625 0.02734375
1 0.18505859375 0.29541015625 0.0869140625 0.0341796875
1 0.17724609375 0.2744140625 0.0869140625 0.029296875
0 0.1162109375 0.4638671875 0.03515625 0.021484375
0 0.11376953125 0.482421875 0.0361328125 0.021484375
0 0.09814453125 0.5751953125 0.0458984375 0.029296875
1 0.337890625 0.85107421875 0.0546875 0.0341796875
0 0.34765625 0.88818359375 0.0390625 0.0361328125
0 0.32763671875 0.8115234375 0.0478515625 0.02734375
1 0.31103515625 0.75 0.0458984375 0.025390625
1 0.30712890625 0.7138671875 0.0478515625 0.0234375
1 0.30859375 0.7333984375 0.046875 0.0234375
1 0.32373046875 0.76953125 0.0439453125 0.02734375
1 0.32421875 0.79052734375 0.0546875 0.0283203125
1 0.51513671875 0.7109375 0.0556640625 0.048828125
0 0.26416015625 0.55908203125 0.0380859375 0.0244140625
1 0.51171875 0.7412109375 0.078125 0.060546875
1 0.20556640625 0.36083984375 0.0673828125 0.0283203125
0 0.29296875 0.67431640625 0.046875 0.0263671875
0 0.5546875 0.6025390625 0.044921875 0.04296875
0 0.53564453125 0.5908203125 0.0400390625 0.037109375
0 0.50244140625 0.55224609375 0.0361328125 0.0341796875
0 0.27392578125 0.60400390625 0.0419921875 0.0283203125
1 0.1728515625 0.24755859375 0.087890625 0.0322265625
