1 0.40234375 0.17041015625 0.064453125 0.0556640625
1 0.44677734375 0.0830078125 0.0615234375 0.041015625
1 0.26513671875 0.6103515625 0.0830078125 0.052734375
1 0.27880859375 0.58349609375 0.0927734375 0.0556640625
1 0.28857421875 0.5615234375 0.0908203125 0.056640625
1 0.17529296875 0.56396484375 0.0830078125 0.0537109375
1 0.3251953125 0.48876953125 0.087890625 0.0576171875
1 0.3359375 0.4638671875 0.08984375 0.052734375
1 0.39990234375 0.7685546875 0.0771484375 0.044921875
1 0.4150390625 0.74609375 0.078125 0.048828125
1 0.19775390625 0.51513671875 0.0810546875 0.0537109375
1 0.1865234375 0.53955078125 0.078125 0.0498046875
1 0.43310546875 0.1044921875 0.0673828125 0.041015625
1 0.171875 0.591796875 0.078125 0.05078125
1 0.46240234375 0.6796875 0.0751953125 0.056640625
1 0.20947265625 0.4921875 0.0810546875 0.046875
1 0.2255859375 0.46337890625 0.080078125 0.0498046875
1 0.4873046875 0.31884765625 0.0625 0.0380859375
1 0.23193359375 0.4365234375 0.0927734375 0.056640625
1 0.56884765625 0.42919921875 0.1044921875 0.0537109375
1 0.556640625 0.45703125 0.09765625 0.05859375
1 0.5146484375 0.55712890625 0.087890625 0.0615234375
1 0.44970703125 0.7001953125 0.0751953125 0.052734375
1 0.43408203125 0.71923828125 0.0751953125 0.0517578125
1 0.39501953125 0.7978515625 0.0810546875 0.048828125
1 0.376953125 0.82470703125 0.083984375 0.0517578125
1 0.2529296875 0.63232421875 0.078125 0.0517578125
1 0.15185546875 0.76025390625 0.0673828125 0.0400390625
0 0.8955078125 0.45263671875 0.033203125 0.0498046875
0 0.54638671875 0.3671875 0.0263671875 0.037109375
0 0.22607421875 0.8134765625 0.0302734375 0.041015625
0 0.09716796875 0.755859375 0.0400390625 0.029296875
0 0.12939453125 0.78759765625 0.0322265625 0.0380859375
0 0.18212890625 0.63818359375 0.0185546875 0.0419921875
0 0.16357421875 0.63525390625 0.0244140625 0.0439453125
0 0.1328125 0.63671875 0.048828125 0.033203125
0 0.26513671875 0.6767578125 0.0322265625 0.0390625
0 0.38037109375 0.41455078125 0.0361328125 0.0224609375
0 0.4794921875 0.3876953125 0.033203125 0.046875
0 0.587890625 0.35595703125 0.02734375 0.0419921875
0 0.56494140625 0.36474609375 0.0224609375 0.0380859375
0 0.52734375 0.35546875 0.037109375 0.03515625
1 0.552734375 0.30712890625 0.05078125 0.0302734375
0 0.43115234375 0.3125 0.0419921875 0.029296875
0 0.4365234375 0.29736328125 0.04296875 0.0322265625
0 0.49072265625 0.037109375 0.0322265625 0.04296875
0 0.50830078125 0.04736328125 0.0361328125 0.0439453125
0 0.525390625 0.05908203125 0.03125 0.0419921875
0 0.50390625 0.12939453125 0.02734375 0.0400390625
0 0.46240234375 0.0703125 0.0400390625 0.025390625
1 0.4853515625 0.62548828125 0.08203125 0.0537109375
1 0.4990234375 0.6064453125 0.078125 0.056640625
1 0.42431640625 0.12841796875 0.0712890625 0.0478515625
1 0.6220703125 0.38330078125 0.0625 0.0419921875
1 0.30078125 0.5390625 0.08203125 0.05078125
