0 0.39794921875 0.265625 0.0439453125 0.04296875
1 0.75927734375 0.6572265625 0.0634765625 0.07421875
1 0.69580078125 0.74267578125 0.0595703125 0.0712890625
1 0.68408203125 0.7158203125 0.0654296875 0.080078125
1 0.681640625 0.6748046875 0.068359375 0.08203125
1 0.49853515625 0.54296875 0.0771484375 0.09375
1 0.37890625 0.60693359375 0.05859375 0.0732421875
1 0.24951171875 0.57958984375 0.0791015625 0.0927734375
1 0.18896484375 0.52392578125 0.0771484375 0.0908203125
1 0.54638671875 0.60986328125 0.0791015625 0.0869140625
1 0.53662109375 0.58447265625 0.0712890625 0.0869140625
1 0.62548828125 0.60693359375 0.0830078125 0.0263671875
1 0.8095703125 0.59326171875 0.056640625 0.0654296875
1 0.7666015625 0.60546875 0.0703125 0.080078125
1 0.72900390625 0.57421875 0.0693359375 0.078125
1 0.70068359375 0.5712890625 0.0634765625 0.0703125
1 0.55029296875 0.36962890625 0.0849609375 0.0595703125
1 0.3203125 0.47314453125 0.08203125 0.0927734375
1 0.275390625 0.58935546875 0.072265625 0.0830078125
1 0.1748046875 0.50244140625 0.076171875 0.0908203125
1 0.7490234375 0.5859375 0.0703125 0.078125
1 0.62451171875 0.515625 0.0712890625 0.078125
1 0.408203125 0.53076171875 0.0859375 0.0380859375
1 0.42724609375 0.50537109375 0.0869140625 0.0380859375
1 0.45654296875 0.47705078125 0.0869140625 0.0458984375
1 0.521484375 0.384765625 0.078125 0.046875
1 0.5927734375 0.68017578125 0.087890625 0.0244140625
1 0.86181640625 0.62353515625 0.0419921875 0.0498046875
1 0.2099609375 0.53955078125 0.080078125 0.0947265625
1 0.7197265625 0.50146484375 0.064453125 0.0537109375
0 0.73828125 0.44384765625 0.044921875 0.0419921875
0 0.6513671875 0.39404296875 0.0234375 0.0322265625
0 0.68505859375 0.36474609375 0.0283203125 0.0419921875
0 0.7763671875 0.47021484375 0.0390625 0.0341796875
0 0.7861328125 0.89501953125 0.056640625 0.0224609375
0 0.662109375 0.8837890625 0.044921875 0.021484375
0 0.31689453125 0.84765625 0.0419921875 0.025390625
0 0.10986328125 0.8046875 0.0439453125 0.02734375
0 0.23486328125 0.43994140625 0.0380859375 0.0400390625
0 0.60595703125 0.4091796875 0.0439453125 0.017578125
0 0.3095703125 0.25 0.033203125 0.0390625
0 0.29541015625 0.2353515625 0.0302734375 0.03515625
0 0.3427734375 0.20068359375 0.0390625 0.0419921875
0 0.2880859375 0.07861328125 0.046875 0.0400390625
1 0.51318359375 0.56787109375 0.0791015625 0.0947265625
1 0.55615234375 0.7431640625 0.0791015625 0.017578125
1 0.54833984375 0.71044921875 0.0810546875 0.0322265625
1 0.5888671875 0.65380859375 0.083984375 0.0244140625
1 0.43017578125 0.634765625 0.0673828125 0.087890625
1 0.2333984375 0.552734375 0.08203125 0.09765625
1 0.5126953125 0.4150390625 0.099609375 0.064453125
