4 0.20458984375 0.02880859375 0.0419921875 0.0185546875
4 0.19482421875 0.00537109375 0.0400390625 0.0087890625
5 0.806640625 0.23779296875 0.056640625 0.0322265625
5 0.85498046875 0.31982421875 0.0830078125 0.0693359375
5 0.93505859375 0.47265625 0.0966796875 0.052734375
5 0.95654296875 0.73876953125 0.0693359375 0.0712890625
5 0.19677734375 0.78857421875 0.1396484375 0.1162109375
5 0.16650390625 0.6201171875 0.1103515625 0.08984375
5 0.22607421875 0.1845703125 0.1748046875 0.07421875
5 0.1875 0.017578125 0.0625 0.015625
