0 0.22314453125 0.265625 0.0439453125 0.04296875
1 0.58447265625 0.6572265625 0.0634765625 0.07421875
1 0.52099609375 0.74267578125 0.0595703125 0.0712890625
1 0.50927734375 0.7158203125 0.0654296875 0.080078125
1 0.5068359375 0.6748046875 0.068359375 0.08203125
1 0.32373046875 0.54296875 0.0771484375 0.09375
1 0.2041015625 0.60693359375 0.05859375 0.0732421875
1 0.07470703125 0.57958984375 0.0791015625 0.0927734375
1 0.02685546875 0.5185546875 0.0517578125 0.080078125
1 0.37158203125 0.60986328125 0.0791015625 0.0869140625
1 0.36181640625 0.58447265625 0.0712890625 0.0869140625
1 0.45068359375 0.60693359375 0.0830078125 0.0263671875
1 0.634765625 0.59326171875 0.056640625 0.0654296875
1 0.591796875 0.60546875 0.0703125 0.080078125
1 0.55419921875 0.57421875 0.0693359375 0.078125
1 0.52587890625 0.5712890625 0.0634765625 0.0703125
1 0.37548828125 0.36962890625 0.0849609375 0.0595703125
1 0.1455078125 0.47314453125 0.08203125 0.0927734375
1 0.1005859375 0.58935546875 0.072265625 0.0830078125
1 0.01953125 0.4873046875 0.037109375 0.060546875
1 0.57421875 0.5859375 0.0703125 0.078125
1 0.44970703125 0.515625 0.0712890625 0.078125
1 0.2333984375 0.53076171875 0.0859375 0.0380859375
1 0.25244140625 0.50537109375 0.0869140625 0.0380859375
1 0.28173828125 0.47705078125 0.0869140625 0.0458984375
1 0.3466796875 0.384765625 0.078125 0.046875
1 0.41796875 0.68017578125 0.087890625 0.0244140625
1 0.68701171875 0.62353515625 0.0419921875 0.0498046875
1 0.0380859375 0.53955078125 0.07421875 0.0947265625
1 0.544921875 0.50146484375 0.064453125 0.0537109375
0 0.5634765625 0.44384765625 0.044921875 0.0419921875
0 0.4765625 0.39404296875 0.0234375 0.0322265625
0 0.51025390625 0.36474609375 0.0283203125 0.0419921875
0 0.6015625 0.47021484375 0.0390625 0.0341796875
0 0.9580078125 0.6708984375 0.041015625 0.044921875
0 0.875 0.7568359375 0.037109375 0.04296875
0 0.611328125 0.89501953125 0.056640625 0.0224609375
0 0.4873046875 0.8837890625 0.044921875 0.021484375
0 0.14208984375 0.84765625 0.0419921875 0.025390625
0 0.06005859375 0.43994140625 0.0380859375 0.0400390625
0 0.43115234375 0.4091796875 0.0439453125 0.017578125
0 0.134765625 0.25 0.033203125 0.0390625
0 0.12060546875 0.2353515625 0.0302734375 0.03515625
0 0.16796875 0.20068359375 0.0390625 0.0419921875
0 0.11328125 0.07861328125 0.046875 0.0400390625
1 0.33837890625 0.56787109375 0.0791015625 0.0947265625
1 0.38134765625 0.7431640625 0.0791015625 0.017578125
1 0.37353515625 0.71044921875 0.0810546875 0.0322265625
1 0.4140625 0.65380859375 0.083984375 0.0244140625
1 0.25537109375 0.634765625 0.0673828125 0.087890625
1 0.05859375 0.552734375 0.08203125 0.09765625
1 0.337890625 0.4150390625 0.099609375 0.064453125
