4 0.982421875 0.67822265625 0.03515625 0.0380859375
5 0.13916015625 0.80419921875 0.1455078125 0.1123046875
5 0.673828125 0.6708984375 0.09765625 0.1328125
5 0.97705078125 0.744140625 0.0458984375 0.103515625
5 0.865234375 0.29736328125 0.072265625 0.2080078125
5 0.6337890625 0.365234375 0.076171875 0.123046875
5 0.30419921875 0.3896484375 0.0654296875 0.1484375
5 0.04541015625 0.4033203125 0.0673828125 0.10546875
4 0.060546875 0.466796875 0.048828125 0.03125
4 0.90966796875 0.36865234375 0.0322265625 0.0634765625
