0 0.271484375 0.97021484375 0.037109375 0.0244140625
4 0.373046875 0.01953125 0.05859375 0.037109375
4 0.61328125 0.103515625 0.056640625 0.05078125
4 0.6259765625 0.07373046875 0.052734375 0.0439453125
4 0.6455078125 0.05322265625 0.044921875 0.0458984375
4 0.66064453125 0.03271484375 0.0556640625 0.0517578125
4 0.70751953125 0.0068359375 0.0263671875 0.01171875
4 0.7763671875 0.0146484375 0.046875 0.02734375
4 0.70947265625 0.1064453125 0.0615234375 0.052734375
4 0.6796875 0.14990234375 0.05078125 0.0439453125
4 0.67041015625 0.171875 0.0615234375 0.052734375
4 0.64599609375 0.19482421875 0.0576171875 0.0478515625
4 0.85107421875 0.11328125 0.0576171875 0.06640625
4 0.86669921875 0.13037109375 0.0537109375 0.0634765625
4 0.5556640625 0.4248046875 0.03125 0.078125
4 0.4873046875 0.42236328125 0.041015625 0.0986328125
4 0.44189453125 0.42138671875 0.0400390625 0.0810546875
4 0.28662109375 0.38720703125 0.0576171875 0.1162109375
4 0.2353515625 0.37744140625 0.04296875 0.0947265625
4 0.26416015625 0.2705078125 0.0283203125 0.07421875
4 0.5009765625 0.0107421875 0.041015625 0.01953125
0 0.279296875 0.94775390625 0.041015625 0.0263671875
4 0.46435546875 0.03759765625 0.0615234375 0.0458984375
5 0.4150390625 0.0517578125 0.208984375 0.1015625
5 0.671875 0.10009765625 0.1875 0.1982421875
5 0.861328125 0.1708984375 0.134765625 0.1875
5 0.1455078125 0.30078125 0.2890625 0.189453125
5 0.0888671875 0.615234375 0.17578125 0.197265625
5 0.06103515625 0.91455078125 0.1201171875 0.1689453125
4 0.05078125 0.01318359375 0.048828125 0.0244140625
4 0.443359375 0.0537109375 0.05859375 0.048828125
4 0.22509765625 0.27001953125 0.0478515625 0.0810546875
4 0.17529296875 0.3583984375 0.0419921875 0.080078125
4 0.111328125 0.35302734375 0.044921875 0.0810546875
4 0.16455078125 0.24853515625 0.0439453125 0.0927734375
4 0.02978515625 0.576171875 0.0478515625 0.078125
4 0.01123046875 0.57568359375 0.0205078125 0.0576171875
0 0.35791015625 0.576171875 0.0302734375 0.0390625
0 0.33154296875 0.58203125 0.0341796875 0.0390625
0 0.28369140625 0.6494140625 0.0419921875 0.029296875
0 0.27587890625 0.66943359375 0.0400390625 0.0283203125
0 0.2734375 0.7158203125 0.041015625 0.0234375
0 0.2705078125 0.7470703125 0.037109375 0.01953125
0 0.2392578125 0.87109375 0.0390625 0.021484375
4 0.0625 0.5849609375 0.048828125 0.076171875
4 0.1298828125 0.7080078125 0.0546875 0.091796875
4 0.07275390625 0.68408203125 0.0361328125 0.0673828125
4 0.12646484375 0.2431640625 0.0361328125 0.0859375
4 0.087890625 0.24169921875 0.037109375 0.0947265625
4 0.05322265625 0.24609375 0.0322265625 0.080078125
4 0.0107421875 0.3408203125 0.01953125 0.080078125
4 0.0205078125 0.23974609375 0.0390625 0.0830078125
4 0.970703125 0.4384765625 0.033203125 0.08203125
4 0.0146484375 0.6767578125 0.02734375 0.068359375
