0 0.7236328125 0.97021484375 0.037109375 0.0244140625
4 0.8251953125 0.01953125 0.05859375 0.037109375
4 0.99609375 0.4248046875 0.0078125 0.078125
4 0.939453125 0.42236328125 0.041015625 0.0986328125
4 0.89404296875 0.42138671875 0.0400390625 0.0810546875
4 0.73876953125 0.38720703125 0.0576171875 0.1162109375
4 0.6875 0.37744140625 0.04296875 0.0947265625
4 0.71630859375 0.2705078125 0.0283203125 0.07421875
4 0.953125 0.0107421875 0.041015625 0.01953125
0 0.7314453125 0.94775390625 0.041015625 0.0263671875
4 0.91650390625 0.03759765625 0.0615234375 0.0458984375
5 0.8671875 0.0517578125 0.208984375 0.1015625
5 0.4853515625 0.28759765625 0.513671875 0.2158203125
5 0.40625 0.5947265625 0.4453125 0.23828125
5 0.35888671875 0.87744140625 0.4287109375 0.2431640625
4 0.5029296875 0.01318359375 0.048828125 0.0244140625
4 0.8955078125 0.0537109375 0.05859375 0.048828125
4 0.67724609375 0.27001953125 0.0478515625 0.0810546875
4 0.62744140625 0.3583984375 0.0419921875 0.080078125
4 0.5634765625 0.35302734375 0.044921875 0.0810546875
4 0.61669921875 0.24853515625 0.0439453125 0.0927734375
4 0.48193359375 0.576171875 0.0478515625 0.078125
4 0.45849609375 0.57470703125 0.0302734375 0.0595703125
4 0.43115234375 0.56298828125 0.0380859375 0.0771484375
4 0.39501953125 0.55908203125 0.0419921875 0.0673828125
4 0.36328125 0.54736328125 0.0390625 0.0751953125
4 0.3291015625 0.53857421875 0.056640625 0.0830078125
4 0.29833984375 0.529296875 0.0439453125 0.078125
4 0.251953125 0.5078125 0.064453125 0.091796875
4 0.18505859375 0.5400390625 0.0517578125 0.119140625
0 0.81005859375 0.576171875 0.0302734375 0.0390625
0 0.78369140625 0.58203125 0.0341796875 0.0390625
0 0.73583984375 0.6494140625 0.0419921875 0.029296875
0 0.72802734375 0.66943359375 0.0400390625 0.0283203125
0 0.7255859375 0.7158203125 0.041015625 0.0234375
0 0.72265625 0.7470703125 0.037109375 0.01953125
0 0.69140625 0.87109375 0.0390625 0.021484375
4 0.5146484375 0.5849609375 0.048828125 0.076171875
4 0.58203125 0.7080078125 0.0546875 0.091796875
4 0.52490234375 0.68408203125 0.0361328125 0.0673828125
4 0.263671875 0.90771484375 0.05078125 0.0830078125
4 0.57861328125 0.2431640625 0.0361328125 0.0859375
4 0.5400390625 0.24169921875 0.037109375 0.0947265625
4 0.50537109375 0.24609375 0.0322265625 0.080078125
4 0.45361328125 0.3408203125 0.0380859375 0.080078125
4 0.47119140625 0.23974609375 0.0419921875 0.0830078125
4 0.43310546875 0.22607421875 0.0322265625 0.0849609375
4 0.3466796875 0.3232421875 0.037109375 0.08203125
4 0.36572265625 0.21630859375 0.0458984375 0.0986328125
4 0.330078125 0.21875 0.04296875 0.080078125
4 0.291015625 0.20166015625 0.046875 0.0966796875
4 0.27197265625 0.3076171875 0.0380859375 0.07421875
4 0.3974609375 0.9375 0.0234375 0.064453125
4 0.4609375 0.677734375 0.0390625 0.0703125
4 0.3935546875 0.84228515625 0.04296875 0.0693359375
4 0.35986328125 0.8349609375 0.0380859375 0.060546875
4 0.32666015625 0.81982421875 0.0458984375 0.0771484375
4 0.2900390625 0.818359375 0.0390625 0.060546875
4 0.26025390625 0.8037109375 0.0380859375 0.06640625
4 0.2158203125 0.7890625 0.048828125 0.080078125
4 0.15234375 0.81689453125 0.06640625 0.1181640625
4 0.22607421875 0.61572265625 0.0361328125 0.0888671875
4 0.271484375 0.62646484375 0.044921875 0.0693359375
4 0.306640625 0.63330078125 0.0390625 0.0732421875
4 0.3388671875 0.6435546875 0.037109375 0.072265625
4 0.36865234375 0.6513671875 0.0341796875 0.072265625
4 0.40673828125 0.65869140625 0.0498046875 0.0751953125
