0 0.22021484375 0.22607421875 0.0341796875 0.0439453125
0 0.265625 0.98583984375 0.037109375 0.0283203125
0 0.16943359375 0.927734375 0.0361328125 0.03125
0 0.02392578125 0.8623046875 0.0380859375 0.033203125
8 0.41357421875 0.80859375 0.1611328125 0.197265625
8 0.32177734375 0.751953125 0.1611328125 0.19140625
8 0.23046875 0.697265625 0.16015625 0.1953125
8 0.67431640625 0.54345703125 0.1611328125 0.1904296875
8 0.58251953125 0.48828125 0.1591796875 0.193359375
8 0.4892578125 0.4326171875 0.162109375 0.193359375
