12 0.16748046875 0.7138671875 0.2216796875 0.12109375
8 0.4580078125 0.6689453125 0.08984375 0.173828125
8 0.35888671875 0.67431640625 0.0869140625 0.1728515625
8 0.44775390625 0.41015625 0.0888671875 0.173828125
8 0.3486328125 0.4150390625 0.087890625 0.171875
8 0.20458984375 0.4208984375 0.0888671875 0.17578125
8 0.10107421875 0.42578125 0.0888671875 0.173828125
8 0.43798828125 0.15576171875 0.0888671875 0.1728515625
8 0.33740234375 0.158203125 0.0869140625 0.171875
8 0.19482421875 0.16455078125 0.0869140625 0.1748046875
8 0.08935546875 0.16796875 0.0869140625 0.171875
