0 0.4794921875 0.650390625 0.0546875 0.033203125
1 0.43798828125 0.7275390625 0.0986328125 0.037109375
1 0.75537109375 0.4443359375 0.0615234375 0.083984375
1 0.71630859375 0.40087890625 0.0615234375 0.1103515625
1 0.591796875 0.43603515625 0.078125 0.0693359375
1 0.5791015625 0.5234375 0.07421875 0.06640625
1 0.5966796875 0.5732421875 0.0703125 0.07421875
1 0.75439453125 0.62060546875 0.0830078125 0.0888671875
1 0.765625 0.69482421875 0.07421875 0.0712890625
1 0.59814453125 0.7333984375 0.0537109375 0.0390625
1 0.78564453125 0.94384765625 0.0224609375 0.0634765625
1 0.56884765625 0.34619140625 0.0634765625 0.0712890625
1 0.7265625 0.892578125 0.033203125 0.1015625
1 0.62109375 0.87890625 0.076171875 0.037109375
1 0.6162109375 0.9111328125 0.08203125 0.03515625
1 0.63427734375 0.42236328125 0.0595703125 0.0732421875
1 0.6240234375 0.3359375 0.03125 0.076171875
1 0.43994140625 0.892578125 0.0458984375 0.0859375
1 0.57373046875 0.388671875 0.0732421875 0.06640625
1 0.56640625 0.482421875 0.072265625 0.0703125
1 0.607421875 0.63818359375 0.07421875 0.0810546875
1 0.751953125 0.54443359375 0.06640625 0.0830078125
1 0.74658203125 0.58935546875 0.0634765625 0.0693359375
1 0.76953125 0.64892578125 0.068359375 0.0751953125
1 0.76806640625 0.80517578125 0.0849609375 0.0439453125
1 0.7626953125 0.9091796875 0.01953125 0.080078125
1 0.66552734375 0.3603515625 0.0263671875 0.0625
1 0.2451171875 0.6796875 0.041015625 0.083984375
1 0.0947265625 0.74560546875 0.033203125 0.0576171875
1 0.42578125 0.69384765625 0.103515625 0.0478515625
1 0.4345703125 0.78955078125 0.107421875 0.0400390625
1 0.6552734375 0.2890625 0.02734375 0.060546875
1 0.62939453125 0.96533203125 0.0830078125 0.0341796875
1 0.2138671875 0.90869140625 0.052734375 0.1025390625
0 0.29931640625 0.8642578125 0.0361328125 0.017578125
0 0.79833984375 0.88330078125 0.0302734375 0.0478515625
1 0.849609375 0.95458984375 0.029296875 0.0732421875
0 0.7353515625 0.98779296875 0.029296875 0.0244140625
0 0.30615234375 0.84228515625 0.0498046875 0.0244140625
1 0.56787109375 0.44873046875 0.0791015625 0.0791015625
0 0.3447265625 0.869140625 0.02734375 0.0390625
0 0.37060546875 0.888671875 0.0263671875 0.041015625
0 0.35302734375 0.90771484375 0.0205078125 0.0380859375
0 0.3369140625 0.9150390625 0.017578125 0.037109375
0 0.26025390625 0.86181640625 0.0283203125 0.0419921875
0 0.32763671875 0.875 0.0283203125 0.04296875
0 0.09765625 0.91357421875 0.01953125 0.0439453125
0 0.1005859375 0.95654296875 0.01953125 0.0380859375
0 0.6826171875 0.87158203125 0.02734375 0.0380859375
1 0.8076171875 0.40380859375 0.052734375 0.0537109375
1 0.39501953125 0.89990234375 0.0341796875 0.0927734375
1 0.16943359375 0.712890625 0.0458984375 0.091796875
1 0.77880859375 0.8349609375 0.0849609375 0.04296875
1 0.82666015625 0.9208984375 0.0322265625 0.087890625
0 0.2294921875 0.71142578125 0.02734375 0.0400390625
0 0.18701171875 0.62744140625 0.0244140625 0.0419921875
0 0.19140625 0.66650390625 0.01953125 0.0361328125
0 0.052734375 0.77783203125 0.025390625 0.0361328125
0 0.1171875 0.7431640625 0.025390625 0.046875
4 0.19677734375 0.71875 0.0419921875 0.068359375
0 0.7978515625 0.3515625 0.03515625 0.0390625
1 0.0703125 0.75537109375 0.033203125 0.0615234375
1 0.71435546875 0.70849609375 0.0341796875 0.0595703125
1 0.6044921875 0.69775390625 0.10546875 0.0888671875
0 0.6298828125 0.25634765625 0.021484375 0.0341796875
0 0.59765625 0.27783203125 0.025390625 0.0439453125
0 0.61279296875 0.2587890625 0.0224609375 0.033203125
0 0.72119140625 0.3154296875 0.0380859375 0.04296875
0 0.8349609375 0.3681640625 0.029296875 0.03515625
1 0.68408203125 0.30615234375 0.0302734375 0.0888671875
