0 0.4794921875 0.482421875 0.0546875 0.033203125
1 0.43798828125 0.5595703125 0.0986328125 0.037109375
1 0.75537109375 0.2763671875 0.0615234375 0.083984375
1 0.71630859375 0.23291015625 0.0615234375 0.1103515625
1 0.591796875 0.26806640625 0.078125 0.0693359375
1 0.5791015625 0.35546875 0.07421875 0.06640625
1 0.5966796875 0.4052734375 0.0703125 0.07421875
1 0.75439453125 0.45263671875 0.0830078125 0.0888671875
1 0.765625 0.52685546875 0.07421875 0.0712890625
1 0.59814453125 0.5654296875 0.0537109375 0.0390625
1 0.78564453125 0.77587890625 0.0224609375 0.0634765625
1 0.56884765625 0.17822265625 0.0634765625 0.0712890625
1 0.77490234375 0.884765625 0.0322265625 0.08984375
1 0.6328125 0.87060546875 0.091796875 0.0419921875
1 0.6396484375 0.89501953125 0.091796875 0.0458984375
1 0.6640625 0.94189453125 0.08203125 0.0419921875
1 0.65087890625 0.9189453125 0.0888671875 0.04296875
1 0.7265625 0.724609375 0.033203125 0.1015625
1 0.62109375 0.7109375 0.076171875 0.037109375
1 0.6162109375 0.7431640625 0.08203125 0.03515625
1 0.63427734375 0.25439453125 0.0595703125 0.0732421875
1 0.6240234375 0.16796875 0.03125 0.076171875
1 0.43994140625 0.724609375 0.0458984375 0.0859375
1 0.85205078125 0.86474609375 0.0849609375 0.0419921875
1 0.57373046875 0.220703125 0.0732421875 0.06640625
1 0.56640625 0.314453125 0.072265625 0.0703125
1 0.607421875 0.47021484375 0.07421875 0.0810546875
1 0.751953125 0.37646484375 0.06640625 0.0830078125
1 0.74658203125 0.42138671875 0.0634765625 0.0693359375
1 0.76953125 0.48095703125 0.068359375 0.0751953125
1 0.76806640625 0.63720703125 0.0849609375 0.0439453125
1 0.7626953125 0.7412109375 0.01953125 0.080078125
1 0.85791015625 0.91259765625 0.0888671875 0.0380859375
1 0.66552734375 0.1923828125 0.0263671875 0.0625
1 0.8642578125 0.9365234375 0.087890625 0.0390625
1 0.2451171875 0.51171875 0.041015625 0.083984375
1 0.0947265625 0.57763671875 0.033203125 0.0576171875
1 0.42578125 0.52587890625 0.103515625 0.0478515625
1 0.4345703125 0.62158203125 0.107421875 0.0400390625
1 0.1064453125 0.94873046875 0.037109375 0.0517578125
1 0.2353515625 0.8603515625 0.041015625 0.05078125
1 0.6552734375 0.12109375 0.02734375 0.060546875
1 0.62939453125 0.79736328125 0.0830078125 0.0341796875
1 0.2138671875 0.74072265625 0.052734375 0.1025390625
0 0.14794921875 0.92919921875 0.0263671875 0.0478515625
0 0.29931640625 0.6962890625 0.0361328125 0.017578125
0 0.79833984375 0.71533203125 0.0302734375 0.0478515625
1 0.849609375 0.78662109375 0.029296875 0.0732421875
0 0.7392578125 0.83203125 0.037109375 0.048828125
4 0.70654296875 0.95751953125 0.0517578125 0.0263671875
1 0.87646484375 0.880859375 0.0634765625 0.0390625
0 0.89501953125 0.9814453125 0.0439453125 0.02734375
0 0.38720703125 0.888671875 0.0302734375 0.04296875
0 0.29443359375 0.8544921875 0.0185546875 0.04296875
0 0.30615234375 0.67431640625 0.0498046875 0.0244140625
1 0.56787109375 0.28076171875 0.0791015625 0.0791015625
0 0.3447265625 0.701171875 0.02734375 0.0390625
0 0.37060546875 0.720703125 0.0263671875 0.041015625
0 0.35302734375 0.73974609375 0.0205078125 0.0380859375
0 0.3369140625 0.7470703125 0.017578125 0.037109375
0 0.26025390625 0.69384765625 0.0283203125 0.0419921875
0 0.32763671875 0.70703125 0.0283203125 0.04296875
0 0.09765625 0.74560546875 0.01953125 0.0439453125
0 0.1005859375 0.78857421875 0.01953125 0.0380859375
0 0.6826171875 0.70361328125 0.02734375 0.0380859375
1 0.8076171875 0.23583984375 0.052734375 0.0537109375
1 0.39501953125 0.73193359375 0.0341796875 0.0927734375
1 0.16943359375 0.544921875 0.0458984375 0.091796875
1 0.8642578125 0.96240234375 0.08203125 0.0361328125
1 0.77880859375 0.6669921875 0.0849609375 0.04296875
1 0.82666015625 0.7529296875 0.0322265625 0.087890625
0 0.2294921875 0.54345703125 0.02734375 0.0400390625
0 0.18701171875 0.45947265625 0.0244140625 0.0419921875
0 0.19140625 0.49853515625 0.01953125 0.0361328125
0 0.052734375 0.60986328125 0.025390625 0.0361328125
0 0.1171875 0.5751953125 0.025390625 0.046875
4 0.19677734375 0.55078125 0.0419921875 0.068359375
0 0.7978515625 0.18359375 0.03515625 0.0390625
1 0.0703125 0.58740234375 0.033203125 0.0615234375
1 0.71435546875 0.54052734375 0.0341796875 0.0595703125
1 0.6044921875 0.52978515625 0.10546875 0.0888671875
0 0.6298828125 0.08837890625 0.021484375 0.0341796875
0 0.59765625 0.10986328125 0.025390625 0.0439453125
0 0.61279296875 0.0908203125 0.0224609375 0.033203125
0 0.72119140625 0.1474609375 0.0380859375 0.04296875
0 0.8349609375 0.2001953125 0.029296875 0.03515625
1 0.68408203125 0.13818359375 0.0302734375 0.0888671875
