5 0.03369140625 0.47509765625 0.0654296875 0.1181640625
5 0.08056640625 0.3291015625 0.1591796875 0.1875
5 0.12255859375 0.20361328125 0.2431640625 0.2744140625
5 0.205078125 0.1259765625 0.244140625 0.25
5 0.3388671875 0.0947265625 0.185546875 0.1875
5 0.46533203125 0.05517578125 0.1142578125 0.1083984375
5 0.59228515625 0.017578125 0.0458984375 0.033203125
4 0.55029296875 0.0146484375 0.0478515625 0.02734375
4 0.419921875 0.05419921875 0.123046875 0.1064453125
4 0.369140625 0.080078125 0.125 0.134765625
4 0.28271484375 0.16357421875 0.1220703125 0.1357421875
4 0.24267578125 0.20654296875 0.1298828125 0.1337890625
4 0.072265625 0.111328125 0.126953125 0.13671875
4 0.0107421875 0.49267578125 0.01953125 0.0302734375
