1 0.47607421875 0.80908203125 0.0458984375 0.0263671875
1 0.466796875 0.7509765625 0.04296875 0.0234375
0 0.41552734375 0.73779296875 0.0361328125 0.0224609375
0 0.3740234375 0.72509765625 0.037109375 0.0224609375
0 0.04345703125 0.73828125 0.0244140625 0.03515625
8 0.50732421875 0.21875 0.1611328125 0.193359375
8 0.62109375 0.2890625 0.16015625 0.193359375
8 0.77880859375 0.42236328125 0.1904296875 0.1630859375
8 0.84912109375 0.306640625 0.1923828125 0.162109375
8 0.96875 0.49462890625 0.0625 0.1103515625
8 0.9521484375 0.7294921875 0.095703125 0.193359375
8 0.85302734375 0.685546875 0.1630859375 0.1953125
8 0.7265625 0.6337890625 0.162109375 0.1953125
8 0.6123046875 0.564453125 0.162109375 0.1953125
8 0.48095703125 0.5185546875 0.1611328125 0.193359375
8 0.36669921875 0.44775390625 0.1630859375 0.1923828125
0 0.35986328125 0.77783203125 0.0341796875 0.0205078125
1 0.51025390625 0.76416015625 0.0400390625 0.0244140625
0 0.7392578125 0.828125 0.0390625 0.0234375
0 0.55712890625 0.7802734375 0.0400390625 0.025390625
0 0.8955078125 0.87060546875 0.03515625 0.0224609375
0 0.02294921875 0.85009765625 0.0419921875 0.0263671875
0 0.6533203125 0.80419921875 0.0390625 0.0263671875
0 0.6005859375 0.78857421875 0.0390625 0.0263671875
0 0.515625 0.8212890625 0.0390625 0.02734375
0 0.05126953125 0.8115234375 0.0400390625 0.02734375
0 0.94140625 0.9013671875 0.037109375 0.021484375
0 0.9384765625 0.8798828125 0.03515625 0.01953125
0 0.82763671875 0.853515625 0.0361328125 0.0234375
0 0.7900390625 0.84423828125 0.033203125 0.0205078125
0 0.60791015625 0.84716796875 0.0322265625 0.0205078125
0 0.642578125 0.85791015625 0.03515625 0.0224609375
9 0.20947265625 0.337890625 0.1533203125 0.18359375
