4 0.3916015625 0.685546875 0.12890625 0.134765625
4 0.61962890625 0.64453125 0.0458984375 0.048828125
4 0.8681640625 0.09033203125 0.033203125 0.0419921875
5 0.04052734375 0.9599609375 0.0791015625 0.080078125
5 0.1611328125 0.9189453125 0.162109375 0.162109375
5 0.28564453125 0.87744140625 0.2353515625 0.2451171875
5 0.390625 0.8193359375 0.263671875 0.287109375
5 0.48095703125 0.74072265625 0.2685546875 0.2939453125
5 0.5634765625 0.650390625 0.25390625 0.275390625
5 0.65478515625 0.57421875 0.2607421875 0.283203125
5 0.7451171875 0.49267578125 0.26171875 0.2861328125
5 0.8466796875 0.38134765625 0.283203125 0.3017578125
4 0.8564453125 0.09716796875 0.033203125 0.0439453125
4 0.88037109375 0.0830078125 0.0322265625 0.041015625
4 0.50927734375 0.8154296875 0.1298828125 0.1328125
4 0.41748046875 0.8935546875 0.1279296875 0.134765625
4 0.369140625 0.93310546875 0.125 0.1337890625
4 0.2548828125 0.974609375 0.06640625 0.05078125
4 0.06787109375 0.9482421875 0.1181640625 0.103515625
4 0.9091796875 0.12744140625 0.029296875 0.0302734375
4 0.47607421875 0.66748046875 0.0458984375 0.0478515625
4 0.43212890625 0.619140625 0.0458984375 0.048828125
4 0.9521484375 0.1630859375 0.03515625 0.041015625
4 0.9404296875 0.17236328125 0.037109375 0.0419921875
4 0.93017578125 0.1796875 0.0361328125 0.04296875
4 0.916015625 0.12158203125 0.029296875 0.0302734375
5 0.91650390625 0.0947265625 0.1650390625 0.1875
