5 0.03369140625 0.52392578125 0.0654296875 0.1181640625
5 0.08056640625 0.3779296875 0.1591796875 0.1875
5 0.12255859375 0.25244140625 0.2431640625 0.2744140625
5 0.20361328125 0.16650390625 0.2470703125 0.2666015625
5 0.31640625 0.119140625 0.23046875 0.236328125
5 0.44287109375 0.07958984375 0.1591796875 0.1572265625
5 0.56982421875 0.0419921875 0.0908203125 0.08203125
4 0.52587890625 0.0390625 0.0966796875 0.076171875
4 0.41748046875 0.0888671875 0.1279296875 0.134765625
4 0.369140625 0.12890625 0.125 0.134765625
4 0.28271484375 0.21240234375 0.1220703125 0.1357421875
4 0.24267578125 0.25537109375 0.1298828125 0.1337890625
4 0.072265625 0.16015625 0.126953125 0.13671875
4 0.0107421875 0.54150390625 0.01953125 0.0302734375
