4 0.228515625 0.25439453125 0.03515625 0.0166015625
4 0.79150390625 0.84619140625 0.0341796875 0.0322265625
4 0.71826171875 0.68310546875 0.0302734375 0.0263671875
4 0.70703125 0.66796875 0.0234375 0.021484375
4 0.6962890625 0.65673828125 0.029296875 0.0263671875
4 0.66015625 0.6171875 0.041015625 0.0390625
4 0.63818359375 0.6318359375 0.0146484375 0.017578125
4 0.62255859375 0.64794921875 0.0341796875 0.0283203125
4 0.67529296875 0.63134765625 0.0263671875 0.0185546875
4 0.806640625 0.86376953125 0.021484375 0.0205078125
4 0.78173828125 0.83056640625 0.0322265625 0.0302734375
4 0.4775390625 0.66845703125 0.083984375 0.0751953125
4 0.7685546875 0.8134765625 0.03515625 0.0234375
4 0.7568359375 0.80029296875 0.0390625 0.0341796875
4 0.74560546875 0.7841796875 0.0400390625 0.037109375
4 0.73388671875 0.7705078125 0.0341796875 0.029296875
4 0.77880859375 0.75537109375 0.0302734375 0.0263671875
4 0.76953125 0.7431640625 0.02734375 0.0234375
4 0.7197265625 0.7568359375 0.0390625 0.03515625
4 0.7080078125 0.74365234375 0.041015625 0.0341796875
4 0.7294921875 0.69482421875 0.033203125 0.0302734375
4 0.73876953125 0.708984375 0.0283203125 0.02734375
4 0.7490234375 0.720703125 0.02734375 0.02734375
4 0.759765625 0.73193359375 0.029296875 0.0263671875
4 0.642578125 0.91552734375 0.041015625 0.0380859375
4 0.626953125 0.8974609375 0.041015625 0.037109375
4 0.61181640625 0.88330078125 0.0498046875 0.0439453125
4 0.60107421875 0.865234375 0.0439453125 0.04296875
4 0.58740234375 0.84716796875 0.0458984375 0.0419921875
4 0.57177734375 0.83203125 0.0498046875 0.046875
4 0.5576171875 0.810546875 0.044921875 0.041015625
4 0.5439453125 0.79443359375 0.046875 0.0478515625
4 0.53076171875 0.77685546875 0.0419921875 0.0419921875
4 0.5126953125 0.759765625 0.048828125 0.044921875
4 0.50146484375 0.74169921875 0.0439453125 0.0419921875
4 0.47216796875 0.7060546875 0.0478515625 0.03125
4 0.837890625 0.82666015625 0.025390625 0.0205078125
4 0.83203125 0.81494140625 0.033203125 0.0302734375
4 0.8203125 0.8037109375 0.029296875 0.02734375
4 0.810546875 0.79248046875 0.02734375 0.0263671875
4 0.7998046875 0.77880859375 0.03125 0.0224609375
4 0.6962890625 0.73046875 0.041015625 0.0390625
4 0.685546875 0.716796875 0.0390625 0.0390625
4 0.67529296875 0.7001953125 0.0361328125 0.03125
4 0.90478515625 0.7177734375 0.0263671875 0.025390625
4 0.8876953125 0.69384765625 0.03125 0.0283203125
4 0.876953125 0.68115234375 0.029296875 0.0263671875
4 0.86572265625 0.67041015625 0.0263671875 0.0244140625
4 0.857421875 0.65673828125 0.033203125 0.0302734375
4 0.84716796875 0.6455078125 0.0263671875 0.0234375
4 0.8359375 0.6337890625 0.029296875 0.02734375
4 0.82958984375 0.619140625 0.0341796875 0.029296875
4 0.8955078125 0.70654296875 0.02734375 0.0283203125
4 0.91552734375 0.72998046875 0.0283203125 0.0263671875
4 0.6630859375 0.68896484375 0.03125 0.0283203125
4 0.92529296875 0.74365234375 0.0263671875 0.0244140625
4 0.6513671875 0.6748046875 0.03125 0.02734375
4 0.64013671875 0.66015625 0.0400390625 0.03515625
4 0.90771484375 0.78369140625 0.0263671875 0.0205078125
4 0.89794921875 0.771484375 0.0263671875 0.0234375
4 0.88623046875 0.7607421875 0.0283203125 0.02734375
4 0.8759765625 0.74755859375 0.029296875 0.0263671875
4 0.8681640625 0.734375 0.029296875 0.02734375
4 0.8427734375 0.71142578125 0.02734375 0.0263671875
4 0.82177734375 0.6865234375 0.0341796875 0.029296875
4 0.81591796875 0.671875 0.0302734375 0.029296875
4 0.80517578125 0.65966796875 0.0302734375 0.0302734375
4 0.79345703125 0.64794921875 0.0302734375 0.0283203125
4 0.78369140625 0.63525390625 0.0322265625 0.0302734375
4 0.7724609375 0.61962890625 0.03125 0.0283203125
4 0.802734375 0.59521484375 0.029296875 0.0263671875
4 0.9443359375 0.76513671875 0.02734375 0.0244140625
4 0.93603515625 0.75390625 0.0283203125 0.025390625
4 0.671875 0.9501953125 0.046875 0.044921875
4 0.52392578125 0.68505859375 0.0400390625 0.0361328125
4 0.125 0.09033203125 0.04296875 0.0380859375
4 0.06201171875 0.0107421875 0.0283203125 0.01953125
4 0.07080078125 0.01953125 0.0322265625 0.029296875
4 0.080078125 0.03564453125 0.041015625 0.0380859375
4 0.0908203125 0.04931640625 0.0390625 0.0380859375
4 0.1005859375 0.06494140625 0.044921875 0.0419921875
4 0.13623046875 0.10498046875 0.0380859375 0.0361328125
4 0.53564453125 0.7001953125 0.0380859375 0.03515625
4 0.1484375 0.1181640625 0.0390625 0.037109375
4 0.16064453125 0.13134765625 0.0400390625 0.0380859375
4 0.173828125 0.14501953125 0.03515625 0.0341796875
4 0.21875 0.19287109375 0.029296875 0.0146484375
4 0.2587890625 0.18505859375 0.029296875 0.0146484375
4 0.2626953125 0.19921875 0.033203125 0.015625
4 0.22412109375 0.22314453125 0.0283203125 0.0146484375
4 0.26318359375 0.21533203125 0.0302734375 0.0166015625
5 0.0205078125 0.43798828125 0.0390625 0.0439453125
5 0.03466796875 0.4833984375 0.0673828125 0.06640625
5 0.048828125 0.53076171875 0.095703125 0.0908203125
5 0.251953125 0.23779296875 0.078125 0.1357421875
5 0.4072265625 0.30859375 0.13671875 0.330078125
5 0.53076171875 0.29345703125 0.1279296875 0.3310546875
5 0.65380859375 0.26708984375 0.1337890625 0.3134765625
5 0.80908203125 0.2666015625 0.1357421875 0.2734375
5 0.94970703125 0.25341796875 0.1005859375 0.2294921875
5 0.34033203125 0.75830078125 0.4599609375 0.4794921875
5 0.5869140625 0.8095703125 0.29296875 0.32421875
5 0.7294921875 0.734375 0.240234375 0.2734375
5 0.85986328125 0.69482421875 0.1962890625 0.2119140625
9 0.1982421875 0.81982421875 0.0625 0.0498046875
4 0.26806640625 0.2314453125 0.0302734375 0.015625
4 0.134765625 0.52880859375 0.056640625 0.0517578125
4 0.1533203125 0.54248046875 0.046875 0.0439453125
4 0.39501953125 0.83935546875 0.0439453125 0.0400390625
4 0.3681640625 0.80517578125 0.0390625 0.0361328125
4 0.3515625 0.787109375 0.044921875 0.0390625
4 0.3369140625 0.77001953125 0.048828125 0.0439453125
4 0.7099609375 0.91259765625 0.033203125 0.0322265625
4 0.70361328125 0.89697265625 0.0400390625 0.0341796875
4 0.68994140625 0.884765625 0.0380859375 0.03515625
4 0.6806640625 0.87060546875 0.033203125 0.0341796875
4 0.66748046875 0.85693359375 0.0400390625 0.0361328125
4 0.65673828125 0.8427734375 0.0400390625 0.037109375
4 0.6318359375 0.81591796875 0.03515625 0.0322265625
4 0.62451171875 0.7998046875 0.0439453125 0.037109375
4 0.60888671875 0.787109375 0.0322265625 0.029296875
4 0.59716796875 0.77490234375 0.0380859375 0.0341796875
4 0.583984375 0.76025390625 0.0390625 0.0361328125
4 0.5751953125 0.74267578125 0.037109375 0.0322265625
4 0.56494140625 0.72802734375 0.0458984375 0.0380859375
4 0.55029296875 0.7138671875 0.0380859375 0.037109375
4 0.3798828125 0.822265625 0.044921875 0.041015625
4 0.40966796875 0.85693359375 0.0478515625 0.0458984375
4 0.162109375 0.56298828125 0.04296875 0.0400390625
4 0.423828125 0.873046875 0.04296875 0.0390625
4 0.17822265625 0.58203125 0.0458984375 0.04296875
4 0.19189453125 0.59619140625 0.0439453125 0.0419921875
4 0.20751953125 0.61328125 0.0458984375 0.04296875
4 0.22265625 0.6298828125 0.048828125 0.044921875
4 0.23486328125 0.64892578125 0.0439453125 0.0400390625
4 0.2529296875 0.66259765625 0.05078125 0.0458984375
4 0.2685546875 0.68115234375 0.0546875 0.0478515625
4 0.28662109375 0.697265625 0.0576171875 0.052734375
4 0.29736328125 0.7158203125 0.0458984375 0.04296875
4 0.3095703125 0.736328125 0.044921875 0.04296875
4 0.3232421875 0.75341796875 0.04296875 0.0400390625
4 0.50830078125 0.97900390625 0.0419921875 0.0380859375
4 0.49560546875 0.958984375 0.0498046875 0.04296875
4 0.48046875 0.94482421875 0.041015625 0.0400390625
4 0.4697265625 0.923828125 0.05078125 0.046875
4 0.45263671875 0.91015625 0.0439453125 0.0390625
4 0.44091796875 0.8896484375 0.0419921875 0.0390625
4 0.271484375 0.24609375 0.03515625 0.01953125
4 0.53173828125 0.412109375 0.0302734375 0.013671875
4 0.54248046875 0.25146484375 0.0302734375 0.0126953125
4 0.54052734375 0.23583984375 0.0283203125 0.0126953125
4 0.537109375 0.22119140625 0.029296875 0.0146484375
4 0.5361328125 0.20458984375 0.025390625 0.0126953125
4 0.53125 0.189453125 0.02734375 0.015625
4 0.52978515625 0.17333984375 0.0263671875 0.0146484375
4 0.52587890625 0.1572265625 0.0302734375 0.015625
4 0.5341796875 0.42724609375 0.029296875 0.0146484375
4 0.52880859375 0.39697265625 0.0322265625 0.0185546875
4 0.638671875 0.330078125 0.03125 0.015625
4 0.52587890625 0.3818359375 0.0302734375 0.013671875
4 0.51953125 0.3662109375 0.037109375 0.017578125
4 0.5234375 0.35009765625 0.02734375 0.0166015625
4 0.517578125 0.3349609375 0.025390625 0.013671875
4 0.51513671875 0.3193359375 0.0302734375 0.017578125
4 0.51318359375 0.3056640625 0.0302734375 0.01171875
4 0.5078125 0.29052734375 0.03125 0.0146484375
4 0.5068359375 0.27490234375 0.029296875 0.0166015625
4 0.54541015625 0.265625 0.0302734375 0.015625
4 0.5498046875 0.28271484375 0.029296875 0.0146484375
4 0.552734375 0.296875 0.029296875 0.01171875
4 0.5546875 0.3125 0.02734375 0.013671875
4 0.63427734375 0.29833984375 0.0322265625 0.0166015625
4 0.62939453125 0.2666015625 0.0244140625 0.013671875
4 0.62451171875 0.2529296875 0.0322265625 0.015625
4 0.62109375 0.23779296875 0.033203125 0.0146484375
4 0.61962890625 0.22216796875 0.0341796875 0.0146484375
4 0.61767578125 0.20556640625 0.0322265625 0.0146484375
4 0.60986328125 0.17578125 0.0322265625 0.015625
4 0.6064453125 0.16015625 0.033203125 0.015625
4 0.60400390625 0.1455078125 0.0322265625 0.017578125
4 0.54248046875 0.447265625 0.0361328125 0.01953125
4 0.58203125 0.43798828125 0.029296875 0.0126953125
4 0.57470703125 0.42138671875 0.0302734375 0.0146484375
4 0.57080078125 0.40478515625 0.0283203125 0.0146484375
4 0.56884765625 0.38916015625 0.0283203125 0.0146484375
4 0.56396484375 0.35888671875 0.0341796875 0.0146484375
4 0.56298828125 0.34423828125 0.0322265625 0.0146484375
4 0.55859375 0.32763671875 0.033203125 0.0166015625
4 0.501953125 0.2431640625 0.029296875 0.015625
4 0.49755859375 0.22802734375 0.0322265625 0.0166015625
4 0.494140625 0.21142578125 0.03125 0.0126953125
4 0.4140625 0.2119140625 0.03125 0.017578125
4 0.40869140625 0.18017578125 0.0283203125 0.0107421875
4 0.4033203125 0.1669921875 0.029296875 0.013671875
4 0.40673828125 0.4296875 0.0400390625 0.017578125
4 0.40234375 0.412109375 0.044921875 0.021484375
4 0.39990234375 0.39111328125 0.0400390625 0.0205078125
4 0.3955078125 0.3720703125 0.04296875 0.01953125
4 0.39208984375 0.3544921875 0.0419921875 0.01953125
4 0.3876953125 0.33447265625 0.041015625 0.0205078125
4 0.38330078125 0.31298828125 0.0341796875 0.0185546875
4 0.38232421875 0.296875 0.0400390625 0.017578125
4 0.380859375 0.27734375 0.037109375 0.017578125
4 0.37548828125 0.255859375 0.0419921875 0.021484375
4 0.37255859375 0.23779296875 0.0380859375 0.0185546875
4 0.3681640625 0.2197265625 0.04296875 0.01953125
4 0.3642578125 0.2001953125 0.041015625 0.017578125
4 0.357421875 0.18212890625 0.03515625 0.0185546875
4 0.3564453125 0.16455078125 0.04296875 0.0205078125
4 0.41162109375 0.19677734375 0.0341796875 0.0166015625
4 0.41748046875 0.22705078125 0.0322265625 0.0146484375
4 0.49169921875 0.19677734375 0.0341796875 0.0126953125
4 0.41943359375 0.244140625 0.0322265625 0.015625
4 0.48828125 0.1806640625 0.03125 0.015625
4 0.48486328125 0.1669921875 0.0302734375 0.013671875
4 0.48388671875 0.150390625 0.0361328125 0.017578125
4 0.43603515625 0.4736328125 0.0771484375 0.03515625
4 0.45703125 0.44482421875 0.03125 0.0166015625
4 0.41015625 0.44970703125 0.046875 0.0224609375
4 0.45361328125 0.427734375 0.0341796875 0.017578125
4 0.451171875 0.4130859375 0.03125 0.017578125
4 0.44775390625 0.396484375 0.0322265625 0.017578125
4 0.443359375 0.380859375 0.029296875 0.013671875
4 0.44189453125 0.3671875 0.0283203125 0.013671875
4 0.43896484375 0.3505859375 0.0322265625 0.01953125
4 0.43798828125 0.3359375 0.0302734375 0.015625
4 0.43359375 0.32080078125 0.029296875 0.0166015625
4 0.42919921875 0.30419921875 0.0263671875 0.0146484375
4 0.42822265625 0.2890625 0.0283203125 0.013671875
4 0.42333984375 0.2744140625 0.0322265625 0.017578125
4 0.6376953125 0.314453125 0.033203125 0.015625
4 0.6552734375 0.162109375 0.04296875 0.01953125
4 0.935546875 0.2255859375 0.037109375 0.01953125
4 0.982421875 0.2041015625 0.03515625 0.01953125
4 0.98046875 0.18310546875 0.0390625 0.0244140625
4 0.9775390625 0.1611328125 0.044921875 0.025390625
4 0.91748046875 0.138671875 0.0361328125 0.015625
4 0.91943359375 0.1552734375 0.0419921875 0.017578125
4 0.9267578125 0.17236328125 0.037109375 0.0185546875
4 0.92529296875 0.18994140625 0.0439453125 0.0205078125
4 0.927734375 0.20751953125 0.0390625 0.0205078125
4 0.93994140625 0.2431640625 0.0380859375 0.021484375
4 0.66162109375 0.18017578125 0.0458984375 0.0205078125
4 0.939453125 0.26123046875 0.041015625 0.0185546875
4 0.9443359375 0.27685546875 0.037109375 0.0185546875
4 0.9453125 0.2958984375 0.04296875 0.01953125
4 0.94580078125 0.3134765625 0.0419921875 0.01953125
4 0.95458984375 0.3310546875 0.0458984375 0.021484375
4 0.95556640625 0.34912109375 0.0458984375 0.0224609375
4 0.85888671875 0.388671875 0.0380859375 0.017578125
4 0.85498046875 0.36962890625 0.0380859375 0.0205078125
4 0.98388671875 0.22802734375 0.0322265625 0.0205078125
4 0.9853515625 0.25 0.029296875 0.021484375
4 0.98876953125 0.27294921875 0.0224609375 0.0205078125
4 0.990234375 0.29638671875 0.01953125 0.0185546875
4 0.99365234375 0.33935546875 0.0126953125 0.0185546875
4 0.9912109375 0.31787109375 0.017578125 0.0185546875
4 0.8486328125 0.35205078125 0.0390625 0.0205078125
4 0.845703125 0.3330078125 0.0390625 0.017578125
4 0.84326171875 0.3154296875 0.0380859375 0.021484375
4 0.78955078125 0.30810546875 0.0439453125 0.0185546875
4 0.79833984375 0.3603515625 0.0439453125 0.021484375
4 0.80224609375 0.38037109375 0.0419921875 0.0205078125
4 0.70068359375 0.39794921875 0.0341796875 0.0185546875
4 0.65380859375 0.40673828125 0.0322265625 0.0146484375
4 0.693359375 0.38037109375 0.0390625 0.0205078125
4 0.6923828125 0.36181640625 0.041015625 0.0205078125
4 0.65087890625 0.3916015625 0.0322265625 0.017578125
4 0.64892578125 0.3759765625 0.0341796875 0.017578125
4 0.68896484375 0.34423828125 0.0361328125 0.0185546875
4 0.64501953125 0.36083984375 0.0361328125 0.0166015625
4 0.6845703125 0.30810546875 0.04296875 0.0185546875
4 0.6787109375 0.29052734375 0.04296875 0.0185546875
4 0.6728515625 0.2744140625 0.03515625 0.017578125
4 0.67236328125 0.2578125 0.0361328125 0.017578125
4 0.6669921875 0.23779296875 0.037109375 0.0126953125
4 0.66552734375 0.21923828125 0.0419921875 0.0185546875
4 0.66259765625 0.2001953125 0.0380859375 0.013671875
4 0.794921875 0.3427734375 0.04296875 0.021484375
4 0.78759765625 0.28955078125 0.0439453125 0.0224609375
4 0.84033203125 0.29638671875 0.0322265625 0.0166015625
4 0.78271484375 0.27294921875 0.0458984375 0.0205078125
4 0.83740234375 0.28076171875 0.0380859375 0.0205078125
4 0.833984375 0.26318359375 0.0390625 0.0185546875
4 0.8291015625 0.244140625 0.03515625 0.017578125
4 0.8271484375 0.2265625 0.037109375 0.017578125
4 0.82568359375 0.20947265625 0.0419921875 0.0205078125
4 0.822265625 0.19189453125 0.0390625 0.0185546875
4 0.81982421875 0.17431640625 0.0380859375 0.0205078125
4 0.81298828125 0.15673828125 0.0380859375 0.0205078125
4 0.81103515625 0.1416015625 0.0341796875 0.017578125
4 0.755859375 0.13330078125 0.03515625 0.0185546875
4 0.7607421875 0.14892578125 0.0390625 0.0205078125
4 0.7646484375 0.166015625 0.037109375 0.017578125
4 0.76708984375 0.18359375 0.0400390625 0.01953125
4 0.77001953125 0.201171875 0.0380859375 0.017578125
4 0.7744140625 0.22021484375 0.037109375 0.0224609375
4 0.7763671875 0.2373046875 0.0390625 0.01953125
4 0.78076171875 0.2548828125 0.0419921875 0.017578125
5 0.1181640625 0.08251953125 0.166015625 0.1630859375
