2 0.12939453125 0.57177734375 0.0732421875 0.0849609375
2 0.71142578125 0.9228515625 0.0849609375 0.09375
2 0.75048828125 0.8310546875 0.0869140625 0.1015625
2 0.7958984375 0.740234375 0.08984375 0.10546875
2 0.830078125 0.6396484375 0.095703125 0.107421875
2 0.64599609375 0.44970703125 0.0830078125 0.0986328125
2 0.603515625 0.54541015625 0.087890625 0.1044921875
2 0.56787109375 0.470703125 0.0830078125 0.095703125
2 0.44775390625 0.75390625 0.0810546875 0.099609375
2 0.51904296875 0.7294921875 0.0791015625 0.09765625
2 0.48779296875 0.66259765625 0.0830078125 0.0986328125
2 0.529296875 0.56982421875 0.087890625 0.1044921875
0 0.24560546875 0.96875 0.0439453125 0.03125
0 0.19482421875 0.52685546875 0.0341796875 0.0283203125
1 0.14404296875 0.240234375 0.0634765625 0.041015625
