4 0.41748046875 0.91943359375 0.0341796875 0.0322265625
4 0.34423828125 0.75634765625 0.0302734375 0.0263671875
4 0.3330078125 0.7412109375 0.0234375 0.021484375
4 0.322265625 0.72998046875 0.029296875 0.0263671875
4 0.2861328125 0.6904296875 0.041015625 0.0390625
4 0.26416015625 0.705078125 0.0146484375 0.017578125
4 0.24853515625 0.72119140625 0.0341796875 0.0283203125
4 0.30126953125 0.70458984375 0.0263671875 0.0185546875
4 0.4326171875 0.93701171875 0.021484375 0.0205078125
4 0.40771484375 0.90380859375 0.0322265625 0.0302734375
4 0.103515625 0.74169921875 0.083984375 0.0751953125
4 0.39453125 0.88671875 0.03515625 0.0234375
4 0.3828125 0.87353515625 0.0390625 0.0341796875
4 0.37158203125 0.857421875 0.0400390625 0.037109375
4 0.35986328125 0.84375 0.0341796875 0.029296875
4 0.40478515625 0.82861328125 0.0302734375 0.0263671875
4 0.3955078125 0.81640625 0.02734375 0.0234375
4 0.345703125 0.830078125 0.0390625 0.03515625
4 0.333984375 0.81689453125 0.041015625 0.0341796875
4 0.35546875 0.76806640625 0.033203125 0.0302734375
4 0.36474609375 0.7822265625 0.0283203125 0.02734375
4 0.375 0.7939453125 0.02734375 0.02734375
4 0.3857421875 0.80517578125 0.029296875 0.0263671875
4 0.26904296875 0.98486328125 0.0400390625 0.0302734375
4 0.2529296875 0.970703125 0.041015625 0.037109375
4 0.23779296875 0.95654296875 0.0498046875 0.0439453125
4 0.22705078125 0.9384765625 0.0439453125 0.04296875
4 0.21337890625 0.92041015625 0.0458984375 0.0419921875
4 0.19775390625 0.9052734375 0.0498046875 0.046875
4 0.18359375 0.8837890625 0.044921875 0.041015625
4 0.169921875 0.86767578125 0.046875 0.0478515625
4 0.15673828125 0.85009765625 0.0419921875 0.0419921875
4 0.138671875 0.8330078125 0.048828125 0.044921875
4 0.12744140625 0.81494140625 0.0439453125 0.0419921875
4 0.09814453125 0.779296875 0.0478515625 0.03125
4 0.4638671875 0.89990234375 0.025390625 0.0205078125
4 0.4580078125 0.88818359375 0.033203125 0.0302734375
4 0.4462890625 0.876953125 0.029296875 0.02734375
4 0.4365234375 0.86572265625 0.02734375 0.0263671875
4 0.42578125 0.85205078125 0.03125 0.0224609375
4 0.322265625 0.8037109375 0.041015625 0.0390625
4 0.3115234375 0.7900390625 0.0390625 0.0390625
4 0.30126953125 0.7734375 0.0361328125 0.03125
4 0.53076171875 0.791015625 0.0263671875 0.025390625
4 0.513671875 0.76708984375 0.03125 0.0283203125
4 0.5029296875 0.75439453125 0.029296875 0.0263671875
4 0.49169921875 0.74365234375 0.0263671875 0.0244140625
4 0.4833984375 0.72998046875 0.033203125 0.0302734375
4 0.47314453125 0.71875 0.0263671875 0.0234375
4 0.4619140625 0.70703125 0.029296875 0.02734375
4 0.45556640625 0.6923828125 0.0341796875 0.029296875
4 0.634765625 0.66162109375 0.021484375 0.0166015625
4 0.63818359375 0.66943359375 0.0224609375 0.0185546875
4 0.64697265625 0.69677734375 0.0263671875 0.0205078125
4 0.66357421875 0.70361328125 0.0224609375 0.0185546875
4 0.66845703125 0.7099609375 0.0224609375 0.017578125
4 0.67333984375 0.7216796875 0.0205078125 0.017578125
4 0.64453125 0.72265625 0.017578125 0.009765625
4 0.677734375 0.7451171875 0.0234375 0.01953125
4 0.69677734375 0.73193359375 0.0205078125 0.0185546875
4 0.7060546875 0.6982421875 0.0234375 0.01953125
4 0.521484375 0.77978515625 0.02734375 0.0283203125
4 0.54150390625 0.80322265625 0.0283203125 0.0263671875
4 0.2890625 0.76220703125 0.03125 0.0283203125
4 0.55126953125 0.81689453125 0.0263671875 0.0244140625
4 0.27734375 0.748046875 0.03125 0.02734375
4 0.26611328125 0.7333984375 0.0400390625 0.03515625
4 0.53369140625 0.85693359375 0.0263671875 0.0205078125
4 0.52392578125 0.8447265625 0.0263671875 0.0234375
4 0.51220703125 0.833984375 0.0283203125 0.02734375
4 0.501953125 0.82080078125 0.029296875 0.0263671875
4 0.494140625 0.8076171875 0.029296875 0.02734375
4 0.46875 0.78466796875 0.02734375 0.0263671875
4 0.44775390625 0.759765625 0.0341796875 0.029296875
4 0.44189453125 0.7451171875 0.0302734375 0.029296875
4 0.43115234375 0.73291015625 0.0302734375 0.0302734375
4 0.41943359375 0.72119140625 0.0302734375 0.0283203125
4 0.40966796875 0.70849609375 0.0322265625 0.0302734375
4 0.3984375 0.69287109375 0.03125 0.0283203125
4 0.4287109375 0.66845703125 0.029296875 0.0263671875
4 0.5703125 0.83837890625 0.02734375 0.0244140625
4 0.56201171875 0.8271484375 0.0283203125 0.025390625
4 0.14990234375 0.75830078125 0.0400390625 0.0361328125
4 0.71630859375 0.7099609375 0.0205078125 0.017578125
4 0.16162109375 0.7734375 0.0380859375 0.03515625
5 0.05126953125 0.3837890625 0.1005859375 0.326171875
5 0.15673828125 0.36669921875 0.1279296875 0.3310546875
5 0.27978515625 0.34033203125 0.1337890625 0.3134765625
5 0.43505859375 0.33984375 0.1357421875 0.2734375
5 0.59423828125 0.3193359375 0.1376953125 0.244140625
5 0.068359375 0.919921875 0.134765625 0.16015625
5 0.74951171875 0.23876953125 0.0869140625 0.0576171875
5 0.7685546875 0.34228515625 0.09375 0.0966796875
5 0.771484375 0.47900390625 0.1328125 0.0791015625
5 0.80810546875 0.6181640625 0.1044921875 0.03515625
5 0.81982421875 0.5478515625 0.0595703125 0.021484375
5 0.20751953125 0.8603515625 0.2822265625 0.279296875
5 0.35546875 0.8076171875 0.240234375 0.2734375
5 0.48583984375 0.76806640625 0.1962890625 0.2119140625
5 0.69873046875 0.69091796875 0.2099609375 0.2138671875
4 0.02197265625 0.91259765625 0.0419921875 0.0400390625
4 0.00732421875 0.87109375 0.0126953125 0.021484375
4 0.3359375 0.98486328125 0.033203125 0.0302734375
4 0.32958984375 0.97021484375 0.0400390625 0.0341796875
4 0.31591796875 0.9580078125 0.0380859375 0.03515625
4 0.306640625 0.94384765625 0.033203125 0.0341796875
4 0.29345703125 0.93017578125 0.0400390625 0.0361328125
4 0.28271484375 0.916015625 0.0400390625 0.037109375
4 0.2578125 0.88916015625 0.03515625 0.0322265625
4 0.25048828125 0.873046875 0.0439453125 0.037109375
4 0.23486328125 0.8603515625 0.0322265625 0.029296875
4 0.22314453125 0.84814453125 0.0380859375 0.0341796875
4 0.2099609375 0.83349609375 0.0390625 0.0361328125
4 0.201171875 0.81591796875 0.037109375 0.0322265625
4 0.19091796875 0.80126953125 0.0458984375 0.0380859375
4 0.17626953125 0.787109375 0.0380859375 0.037109375
4 0.0146484375 0.89208984375 0.02734375 0.0341796875
4 0.03564453125 0.93017578125 0.0478515625 0.0458984375
4 0.0498046875 0.9462890625 0.04296875 0.0390625
4 0.1015625 0.98681640625 0.0390625 0.0263671875
4 0.07861328125 0.98193359375 0.0439453125 0.0361328125
4 0.06689453125 0.962890625 0.0419921875 0.0390625
4 0.71142578125 0.70361328125 0.0205078125 0.0185546875
4 0.72021484375 0.716796875 0.0205078125 0.017578125
4 0.15771484375 0.4853515625 0.0302734375 0.013671875
4 0.16845703125 0.32470703125 0.0302734375 0.0126953125
4 0.16650390625 0.30908203125 0.0283203125 0.0126953125
4 0.1630859375 0.29443359375 0.029296875 0.0146484375
4 0.162109375 0.27783203125 0.025390625 0.0126953125
4 0.1572265625 0.2626953125 0.02734375 0.015625
4 0.15576171875 0.24658203125 0.0263671875 0.0146484375
4 0.15185546875 0.23046875 0.0302734375 0.015625
4 0.16015625 0.50048828125 0.029296875 0.0146484375
4 0.15478515625 0.47021484375 0.0322265625 0.0185546875
4 0.2646484375 0.4033203125 0.03125 0.015625
4 0.15185546875 0.455078125 0.0302734375 0.013671875
4 0.1455078125 0.439453125 0.037109375 0.017578125
4 0.1494140625 0.42333984375 0.02734375 0.0166015625
4 0.1435546875 0.408203125 0.025390625 0.013671875
4 0.14111328125 0.392578125 0.0302734375 0.017578125
4 0.13916015625 0.37890625 0.0302734375 0.01171875
4 0.1337890625 0.36376953125 0.03125 0.0146484375
4 0.1328125 0.34814453125 0.029296875 0.0166015625
4 0.17138671875 0.3388671875 0.0302734375 0.015625
4 0.17578125 0.35595703125 0.029296875 0.0146484375
4 0.1787109375 0.3701171875 0.029296875 0.01171875
4 0.1806640625 0.3857421875 0.02734375 0.013671875
4 0.26025390625 0.37158203125 0.0322265625 0.0166015625
4 0.25537109375 0.33984375 0.0244140625 0.013671875
4 0.25048828125 0.326171875 0.0322265625 0.015625
4 0.2470703125 0.31103515625 0.033203125 0.0146484375
4 0.24560546875 0.29541015625 0.0341796875 0.0146484375
4 0.24365234375 0.27880859375 0.0322265625 0.0146484375
4 0.23583984375 0.2490234375 0.0322265625 0.015625
4 0.232421875 0.2333984375 0.033203125 0.015625
4 0.22998046875 0.21875 0.0322265625 0.017578125
4 0.16845703125 0.5205078125 0.0361328125 0.01953125
4 0.2080078125 0.51123046875 0.029296875 0.0126953125
4 0.20068359375 0.49462890625 0.0302734375 0.0146484375
4 0.19677734375 0.47802734375 0.0283203125 0.0146484375
4 0.19482421875 0.46240234375 0.0283203125 0.0146484375
4 0.18994140625 0.43212890625 0.0341796875 0.0146484375
4 0.18896484375 0.41748046875 0.0322265625 0.0146484375
4 0.1845703125 0.40087890625 0.033203125 0.0166015625
4 0.1279296875 0.31640625 0.029296875 0.015625
4 0.12353515625 0.30126953125 0.0322265625 0.0166015625
4 0.1201171875 0.28466796875 0.03125 0.0126953125
4 0.0400390625 0.28515625 0.03125 0.017578125
4 0.03466796875 0.25341796875 0.0283203125 0.0107421875
4 0.029296875 0.240234375 0.029296875 0.013671875
4 0.03271484375 0.5029296875 0.0400390625 0.017578125
4 0.0283203125 0.4853515625 0.044921875 0.021484375
4 0.02587890625 0.46435546875 0.0400390625 0.0205078125
4 0.021484375 0.4453125 0.04296875 0.01953125
4 0.02001953125 0.42724609375 0.0380859375 0.0185546875
4 0.017578125 0.4072265625 0.033203125 0.01953125
4 0.013671875 0.38525390625 0.025390625 0.0166015625
4 0.0146484375 0.369140625 0.02734375 0.015625
4 0.01318359375 0.349609375 0.0244140625 0.015625
4 0.01171875 0.32763671875 0.021484375 0.0185546875
4 0.00927734375 0.30908203125 0.0166015625 0.0146484375
4 0.00830078125 0.29052734375 0.0146484375 0.0146484375
4 0.005859375 0.27099609375 0.009765625 0.0126953125
4 0.00244140625 0.2333984375 0.0029296875 0.01171875
4 0.03759765625 0.27001953125 0.0341796875 0.0166015625
4 0.04345703125 0.30029296875 0.0322265625 0.0146484375
4 0.11767578125 0.27001953125 0.0341796875 0.0126953125
4 0.04541015625 0.3173828125 0.0322265625 0.015625
4 0.1142578125 0.25390625 0.03125 0.015625
4 0.11083984375 0.240234375 0.0302734375 0.013671875
4 0.10986328125 0.2236328125 0.0361328125 0.017578125
4 0.06201171875 0.546875 0.0771484375 0.03515625
4 0.0830078125 0.51806640625 0.03125 0.0166015625
4 0.0361328125 0.52294921875 0.046875 0.0224609375
4 0.07958984375 0.5009765625 0.0341796875 0.017578125
4 0.0771484375 0.486328125 0.03125 0.017578125
4 0.07373046875 0.4697265625 0.0322265625 0.017578125
4 0.0693359375 0.4541015625 0.029296875 0.013671875
4 0.06787109375 0.4404296875 0.0283203125 0.013671875
4 0.06494140625 0.423828125 0.0322265625 0.01953125
4 0.06396484375 0.4091796875 0.0302734375 0.015625
4 0.0595703125 0.39404296875 0.029296875 0.0166015625
4 0.05517578125 0.37744140625 0.0263671875 0.0146484375
4 0.05419921875 0.3623046875 0.0283203125 0.013671875
4 0.04931640625 0.34765625 0.0322265625 0.017578125
4 0.263671875 0.3876953125 0.033203125 0.015625
4 0.28125 0.2353515625 0.04296875 0.01953125
4 0.76318359375 0.68408203125 0.0439453125 0.0322265625
4 0.5615234375 0.298828125 0.037109375 0.01953125
4 0.61572265625 0.27685546875 0.0498046875 0.0205078125
4 0.61279296875 0.255859375 0.0517578125 0.025390625
4 0.60546875 0.234375 0.048828125 0.025390625
4 0.54345703125 0.2119140625 0.0361328125 0.015625
4 0.54541015625 0.228515625 0.0419921875 0.017578125
4 0.552734375 0.24560546875 0.037109375 0.0185546875
4 0.55126953125 0.26318359375 0.0439453125 0.0205078125
4 0.5537109375 0.28076171875 0.0390625 0.0205078125
4 0.56591796875 0.31640625 0.0380859375 0.021484375
4 0.28759765625 0.25341796875 0.0458984375 0.0205078125
4 0.5654296875 0.33447265625 0.041015625 0.0185546875
4 0.5703125 0.35009765625 0.037109375 0.0185546875
4 0.5712890625 0.369140625 0.04296875 0.01953125
4 0.57177734375 0.38671875 0.0419921875 0.01953125
4 0.58056640625 0.404296875 0.0458984375 0.021484375
4 0.58154296875 0.42236328125 0.0458984375 0.0224609375
4 0.48486328125 0.4619140625 0.0380859375 0.017578125
4 0.48095703125 0.44287109375 0.0380859375 0.0205078125
4 0.62109375 0.2998046875 0.0546875 0.0234375
4 0.62060546875 0.32177734375 0.0478515625 0.0244140625
4 0.6259765625 0.3447265625 0.044921875 0.0234375
4 0.62890625 0.3671875 0.044921875 0.0234375
4 0.79052734375 0.6357421875 0.0654296875 0.03125
4 0.84521484375 0.62060546875 0.0400390625 0.0205078125
4 0.853515625 0.58544921875 0.015625 0.0322265625
4 0.75341796875 0.52099609375 0.1064453125 0.0458984375
4 0.7919921875 0.46533203125 0.01953125 0.0380859375
4 0.716796875 0.48486328125 0.01953125 0.0341796875
4 0.82177734375 0.4482421875 0.0302734375 0.060546875
4 0.806640625 0.357421875 0.0234375 0.044921875
4 0.78759765625 0.3603515625 0.0185546875 0.0390625
4 0.76611328125 0.36572265625 0.0205078125 0.0400390625
4 0.7998046875 0.30908203125 0.01953125 0.0341796875
4 0.783203125 0.3115234375 0.0234375 0.037109375
4 0.7509765625 0.3173828125 0.015625 0.033203125
4 0.7197265625 0.33203125 0.0234375 0.041015625
4 0.6474609375 0.43115234375 0.0390625 0.0185546875
4 0.63623046875 0.41015625 0.0458984375 0.0234375
4 0.63232421875 0.38818359375 0.0478515625 0.0244140625
4 0.474609375 0.42529296875 0.0390625 0.0205078125
4 0.4716796875 0.40625 0.0390625 0.017578125
4 0.46923828125 0.388671875 0.0380859375 0.021484375
4 0.41552734375 0.38134765625 0.0439453125 0.0185546875
4 0.42431640625 0.43359375 0.0439453125 0.021484375
4 0.42822265625 0.45361328125 0.0419921875 0.0205078125
4 0.32666015625 0.47119140625 0.0341796875 0.0185546875
4 0.27978515625 0.47998046875 0.0322265625 0.0146484375
4 0.3193359375 0.45361328125 0.0390625 0.0205078125
4 0.318359375 0.43505859375 0.041015625 0.0205078125
4 0.27685546875 0.46484375 0.0322265625 0.017578125
4 0.27490234375 0.44921875 0.0341796875 0.017578125
4 0.31494140625 0.41748046875 0.0361328125 0.0185546875
4 0.27099609375 0.43408203125 0.0361328125 0.0166015625
4 0.310546875 0.38134765625 0.04296875 0.0185546875
4 0.3046875 0.36376953125 0.04296875 0.0185546875
4 0.298828125 0.34765625 0.03515625 0.017578125
4 0.29833984375 0.3310546875 0.0361328125 0.017578125
4 0.29296875 0.31103515625 0.037109375 0.0126953125
4 0.29150390625 0.29248046875 0.0419921875 0.0185546875
4 0.28857421875 0.2734375 0.0380859375 0.013671875
4 0.4208984375 0.416015625 0.04296875 0.021484375
4 0.41357421875 0.36279296875 0.0439453125 0.0224609375
4 0.46630859375 0.36962890625 0.0322265625 0.0166015625
4 0.40869140625 0.34619140625 0.0458984375 0.0205078125
4 0.46337890625 0.35400390625 0.0380859375 0.0205078125
4 0.4599609375 0.33642578125 0.0390625 0.0185546875
4 0.455078125 0.3173828125 0.03515625 0.017578125
4 0.453125 0.2998046875 0.037109375 0.017578125
4 0.45166015625 0.28271484375 0.0419921875 0.0205078125
4 0.4482421875 0.26513671875 0.0390625 0.0185546875
4 0.44580078125 0.24755859375 0.0380859375 0.0205078125
4 0.43896484375 0.22998046875 0.0380859375 0.0205078125
4 0.43701171875 0.21484375 0.0341796875 0.017578125
4 0.3818359375 0.20654296875 0.03515625 0.0185546875
4 0.38671875 0.22216796875 0.0390625 0.0205078125
4 0.390625 0.2392578125 0.037109375 0.017578125
4 0.39306640625 0.2568359375 0.0400390625 0.01953125
4 0.39599609375 0.2744140625 0.0380859375 0.017578125
4 0.400390625 0.29345703125 0.037109375 0.0224609375
4 0.40234375 0.310546875 0.0390625 0.01953125
4 0.40673828125 0.328125 0.0419921875 0.017578125
