8 0.2099609375 0.6865234375 0.087890625 0.171875
8 0.34033203125 0.6904296875 0.0849609375 0.171875
8 0.470703125 0.6962890625 0.0859375 0.171875
8 0.68408203125 0.70263671875 0.0849609375 0.1708984375
8 0.81396484375 0.70751953125 0.0869140625 0.1708984375
8 0.8232421875 0.4130859375 0.0859375 0.171875
8 0.69384765625 0.40869140625 0.0849609375 0.1728515625
8 0.47998046875 0.40185546875 0.0869140625 0.1708984375
8 0.3505859375 0.396484375 0.0859375 0.171875
8 0.22021484375 0.39208984375 0.0869140625 0.1708984375
