4 0.00390625 0.935546875 0.005859375 0.021484375
4 0.00732421875 0.9609375 0.0126953125 0.0234375
4 0.13671875 0.26953125 0.029296875 0.041015625
4 0.02294921875 0.2998046875 0.0263671875 0.0390625
4 0.0576171875 0.29345703125 0.029296875 0.0400390625
4 0.07373046875 0.28564453125 0.0224609375 0.0341796875
4 0.08935546875 0.2822265625 0.0244140625 0.03515625
4 0.1044921875 0.27734375 0.0234375 0.0390625
4 0.11865234375 0.27294921875 0.0244140625 0.0380859375
4 0.08251953125 0.23388671875 0.0224609375 0.0341796875
4 0.15234375 0.26318359375 0.03125 0.0419921875
4 0.16796875 0.25634765625 0.01953125 0.0322265625
4 0.18212890625 0.25537109375 0.0244140625 0.0419921875
4 0.197265625 0.24658203125 0.025390625 0.0341796875
4 0.2109375 0.24365234375 0.0234375 0.0361328125
4 0.240234375 0.23583984375 0.0234375 0.0400390625
4 0.25634765625 0.22705078125 0.0185546875 0.0302734375
4 0.17236328125 0.20751953125 0.0224609375 0.0341796875
4 0.048828125 0.24462890625 0.01953125 0.0302734375
4 0.009765625 0.30859375 0.017578125 0.037109375
4 0.20703125 0.19677734375 0.021484375 0.0302734375
5 0.16064453125 0.39794921875 0.3193359375 0.1982421875
5 0.18115234375 0.556640625 0.3603515625 0.203125
5 0.2255859375 0.716796875 0.388671875 0.21484375
5 0.2802734375 0.86865234375 0.375 0.2099609375
4 0.18896484375 0.2001953125 0.0205078125 0.033203125
4 0.2666015625 0.32568359375 0.029296875 0.0439453125
4 0.0244140625 0.46484375 0.029296875 0.041015625
4 0.0078125 0.4716796875 0.013671875 0.03515625
4 0.0458984375 0.40234375 0.02734375 0.044921875
4 0.06396484375 0.45654296875 0.0205078125 0.0400390625
4 0.04296875 0.46142578125 0.03125 0.0439453125
4 0.0849609375 0.44384765625 0.025390625 0.0361328125
4 0.306640625 0.37451171875 0.029296875 0.0439453125
4 0.16552734375 0.421875 0.0244140625 0.037109375
4 0.28759765625 0.38232421875 0.0283203125 0.0400390625
4 0.2470703125 0.3388671875 0.0234375 0.03515625
4 0.26318359375 0.38525390625 0.0244140625 0.0400390625
4 0.22802734375 0.34521484375 0.0224609375 0.0361328125
4 0.24462890625 0.39501953125 0.0302734375 0.0439453125
4 0.224609375 0.400390625 0.02734375 0.041015625
4 0.20703125 0.3427734375 0.021484375 0.0390625
4 0.1875 0.359375 0.021484375 0.037109375
4 0.06640625 0.39306640625 0.03125 0.0458984375
4 0.16748046875 0.3642578125 0.0244140625 0.041015625
4 0.14599609375 0.42919921875 0.0322265625 0.0498046875
4 0.125 0.43359375 0.02734375 0.041015625
4 0.1455078125 0.3671875 0.03125 0.05078125
4 0.1279296875 0.375 0.029296875 0.044921875
4 0.1103515625 0.38330078125 0.017578125 0.0361328125
4 0.10107421875 0.43994140625 0.0185546875 0.0322265625
4 0.30419921875 0.99462890625 0.0224609375 0.0107421875
4 0.32666015625 0.99658203125 0.0166015625 0.0068359375
4 0.34765625 0.99169921875 0.021484375 0.0166015625
4 0.3701171875 0.9873046875 0.0234375 0.025390625
4 0.4111328125 0.982421875 0.0234375 0.03515625
4 0.4208984375 0.8515625 0.025390625 0.041015625
4 0.28515625 0.8994140625 0.029296875 0.046875
4 0.30322265625 0.89208984375 0.0263671875 0.0419921875
4 0.3232421875 0.88623046875 0.03125 0.0498046875
4 0.34228515625 0.876953125 0.0283203125 0.041015625
4 0.3623046875 0.87255859375 0.02734375 0.0400390625
4 0.38037109375 0.8642578125 0.0263671875 0.03515625
4 0.3994140625 0.8603515625 0.029296875 0.041015625
4 0.44091796875 0.849609375 0.0302734375 0.05078125
4 0.42138671875 0.79248046875 0.0263671875 0.0439453125
4 0.38525390625 0.806640625 0.0283203125 0.041015625
4 0.36279296875 0.81103515625 0.0322265625 0.0498046875
4 0.34326171875 0.81787109375 0.0302734375 0.0458984375
4 0.32470703125 0.8251953125 0.0302734375 0.04296875
4 0.3896484375 0.98388671875 0.0234375 0.0322265625
4 0.45068359375 0.96484375 0.0302734375 0.046875
4 0.009765625 0.41796875 0.017578125 0.0390625
0 0.8173828125 0.08935546875 0.033203125 0.0419921875
0 0.15087890625 0.11279296875 0.0361328125 0.0263671875
0 0.01513671875 0.1591796875 0.0283203125 0.02734375
0 0.16943359375 0.033203125 0.0380859375 0.025390625
0 0.1328125 0.04736328125 0.033203125 0.0263671875
0 0.09619140625 0.05712890625 0.0341796875 0.0263671875
0 0.0634765625 0.06884765625 0.03515625 0.0263671875
0 0.02880859375 0.0810546875 0.0322265625 0.02734375
0 0.1083984375 0.0966796875 0.03515625 0.0234375
0 0.25634765625 0.076171875 0.0322265625 0.0234375
4 0.4736328125 0.958984375 0.037109375 0.052734375
4 0.513671875 0.99560546875 0.017578125 0.0087890625
4 0.30712890625 0.83154296875 0.0224609375 0.0380859375
4 0.287109375 0.8369140625 0.03125 0.044921875
4 0.26806640625 0.8466796875 0.0224609375 0.037109375
4 0.33642578125 0.5341796875 0.0263671875 0.0390625
4 0.19482421875 0.521484375 0.0341796875 0.05078125
4 0.216796875 0.51806640625 0.029296875 0.0380859375
4 0.2373046875 0.51220703125 0.025390625 0.0380859375
4 0.2578125 0.505859375 0.02734375 0.0390625
4 0.27880859375 0.49609375 0.0166015625 0.03515625
4 0.3203125 0.48193359375 0.025390625 0.0419921875
4 0.337890625 0.474609375 0.0234375 0.0390625
4 0.31689453125 0.544921875 0.0205078125 0.0390625
4 0.1962890625 0.5830078125 0.033203125 0.048828125
4 0.2958984375 0.55029296875 0.03125 0.0458984375
4 0.2744140625 0.55419921875 0.021484375 0.0380859375
4 0.25537109375 0.5625 0.0263671875 0.04296875
4 0.06396484375 0.73974609375 0.0263671875 0.0419921875
4 0.0869140625 0.73193359375 0.02734375 0.0439453125
4 0.10595703125 0.7255859375 0.0283203125 0.044921875
4 0.064453125 0.80078125 0.03125 0.046875
4 0.21533203125 0.576171875 0.0263671875 0.041015625
4 0.17333984375 0.59326171875 0.0361328125 0.0556640625
4 0.24755859375 0.849609375 0.0322265625 0.048828125
4 0.03173828125 0.634765625 0.0224609375 0.037109375
4 0.02783203125 0.40966796875 0.0244140625 0.0380859375
4 0.01416015625 0.58447265625 0.0263671875 0.0439453125
4 0.037109375 0.57373046875 0.025390625 0.0419921875
4 0.056640625 0.57080078125 0.02734375 0.0478515625
4 0.07568359375 0.56103515625 0.0283203125 0.0478515625
4 0.01513671875 0.6435546875 0.0283203125 0.05078125
4 0.0537109375 0.63232421875 0.03125 0.0498046875
4 0.1533203125 0.5947265625 0.025390625 0.037109375
4 0.076171875 0.62353515625 0.025390625 0.0419921875
4 0.0947265625 0.61669921875 0.02734375 0.0439453125
4 0.11572265625 0.6123046875 0.0263671875 0.046875
4 0.1337890625 0.6005859375 0.025390625 0.037109375
4 0.095703125 0.55859375 0.02734375 0.037109375
4 0.1162109375 0.54931640625 0.02734375 0.0439453125
4 0.134765625 0.54443359375 0.02734375 0.0419921875
4 0.0859375 0.7919921875 0.02734375 0.04296875
4 0.10498046875 0.78466796875 0.0263671875 0.0380859375
4 0.123046875 0.77783203125 0.0234375 0.0380859375
4 0.16943359375 0.880859375 0.0224609375 0.037109375
4 0.34619140625 0.701171875 0.0283203125 0.037109375
4 0.3642578125 0.69921875 0.01953125 0.037109375
4 0.38720703125 0.69189453125 0.0283203125 0.0361328125
4 0.40673828125 0.685546875 0.0283203125 0.041015625
4 0.1083984375 0.89599609375 0.03125 0.0478515625
4 0.12939453125 0.890625 0.0263671875 0.046875
4 0.1513671875 0.884765625 0.029296875 0.044921875
4 0.1884765625 0.87060546875 0.03125 0.0478515625
4 0.14453125 0.7724609375 0.029296875 0.04296875
4 0.2294921875 0.8564453125 0.025390625 0.0390625
4 0.21044921875 0.8681640625 0.0283203125 0.037109375
4 0.15087890625 0.94287109375 0.0283203125 0.0439453125
4 0.169921875 0.93994140625 0.03125 0.0458984375
4 0.18896484375 0.93359375 0.0302734375 0.046875
4 0.22705078125 0.919921875 0.0302734375 0.046875
4 0.24755859375 0.912109375 0.0302734375 0.04296875
4 0.388671875 0.63232421875 0.02734375 0.0380859375
4 0.36962890625 0.63525390625 0.0283203125 0.0458984375
4 0.34814453125 0.6455078125 0.0263671875 0.0390625
4 0.328125 0.65283203125 0.029296875 0.0439453125
4 0.16357421875 0.76611328125 0.0244140625 0.0419921875
4 0.1865234375 0.76171875 0.03125 0.05078125
4 0.1455078125 0.7109375 0.029296875 0.046875
4 0.166015625 0.7060546875 0.03125 0.044921875
4 0.1865234375 0.70166015625 0.02734375 0.0400390625
4 0.20849609375 0.68994140625 0.0302734375 0.0458984375
4 0.2294921875 0.68359375 0.029296875 0.044921875
4 0.24609375 0.6767578125 0.029296875 0.046875
4 0.22705078125 0.748046875 0.0263671875 0.044921875
4 0.24658203125 0.73779296875 0.0263671875 0.0439453125
4 0.265625 0.7333984375 0.02734375 0.044921875
4 0.28564453125 0.72607421875 0.0283203125 0.0458984375
4 0.30712890625 0.7177734375 0.0341796875 0.048828125
4 0.32373046875 0.7080078125 0.0244140625 0.037109375
4 0.287109375 0.6630859375 0.029296875 0.044921875
5 0.1279296875 0.25244140625 0.25390625 0.1533203125
