4 0.37255859375 0.349609375 0.0595703125 0.046875
4 0.23583984375 0.44580078125 0.0380859375 0.0302734375
4 0.25732421875 0.41162109375 0.0361328125 0.0341796875
4 0.26904296875 0.39111328125 0.0361328125 0.0283203125
4 0.2783203125 0.37890625 0.029296875 0.0234375
4 0.3427734375 0.38427734375 0.041015625 0.0302734375
4 0.31396484375 0.42041015625 0.0224609375 0.0205078125
4 0.30322265625 0.345703125 0.0341796875 0.025390625
4 0.3115234375 0.326171875 0.04296875 0.0390625
4 0.29150390625 0.50390625 0.0322265625 0.0234375
4 0.4599609375 0.51171875 0.03515625 0.02734375
4 0.48828125 0.43408203125 0.033203125 0.0263671875
4 0.51513671875 0.408203125 0.0517578125 0.041015625
4 0.53466796875 0.37158203125 0.0400390625 0.0322265625
4 0.54443359375 0.35791015625 0.0361328125 0.0283203125
4 0.5537109375 0.33251953125 0.03125 0.0263671875
4 0.58154296875 0.30419921875 0.0361328125 0.0263671875
4 0.30419921875 0.4521484375 0.0419921875 0.03515625
4 0.212890625 0.48046875 0.03515625 0.02734375
4 0.177734375 0.31201171875 0.025390625 0.0205078125
5 0.1376953125 0.375 0.2734375 0.390625
5 0.28125 0.44970703125 0.31640625 0.4091796875
5 0.08349609375 0.8232421875 0.1650390625 0.318359375
5 0.55029296875 0.4052734375 0.2744140625 0.3515625
5 0.31640625 0.79833984375 0.298828125 0.3779296875
5 0.67333984375 0.49560546875 0.2255859375 0.3251953125
5 0.458984375 0.837890625 0.228515625 0.32421875
4 0.32421875 0.31201171875 0.033203125 0.0263671875
4 0.2705078125 0.51123046875 0.044921875 0.0419921875
4 0.3349609375 0.2724609375 0.025390625 0.0234375
4 0.13037109375 0.40771484375 0.0322265625 0.0263671875
4 0.01318359375 0.58642578125 0.0244140625 0.0244140625
4 0.15771484375 0.6201171875 0.0927734375 0.0703125
4 0.2236328125 0.5966796875 0.056640625 0.044921875
4 0.17919921875 0.5283203125 0.0498046875 0.041015625
4 0.25537109375 0.537109375 0.0361328125 0.025390625
4 0.564453125 0.3232421875 0.03515625 0.03125
4 0.63720703125 0.3359375 0.0302734375 0.021484375
4 0.66015625 0.3046875 0.029296875 0.021484375
4 0.0703125 0.84033203125 0.044921875 0.0361328125
4 0.357421875 0.68310546875 0.056640625 0.0419921875
4 0.08154296875 0.68701171875 0.0361328125 0.0244140625
4 0.10498046875 0.76025390625 0.0322265625 0.0263671875
4 0.0634765625 0.7060546875 0.02734375 0.0234375
4 0.04931640625 0.7421875 0.0439453125 0.03515625
4 0.02392578125 0.77587890625 0.0341796875 0.0302734375
4 0.08349609375 0.80810546875 0.0400390625 0.0263671875
4 0.01318359375 0.8154296875 0.0244140625 0.025390625
4 0.5966796875 0.26513671875 0.029296875 0.0224609375
4 0.0166015625 0.92236328125 0.03125 0.0341796875
4 0.34228515625 0.7060546875 0.0517578125 0.041015625
4 0.3212890625 0.75048828125 0.048828125 0.0361328125
4 0.28955078125 0.7861328125 0.0615234375 0.044921875
4 0.27490234375 0.8349609375 0.0439453125 0.03515625
4 0.73291015625 0.3505859375 0.0732421875 0.0546875
4 0.6904296875 0.451171875 0.0234375 0.01953125
4 0.67626953125 0.47607421875 0.0244140625 0.0205078125
4 0.67041015625 0.48486328125 0.0244140625 0.0205078125
4 0.650390625 0.5205078125 0.0234375 0.021484375
4 0.54443359375 0.68017578125 0.0517578125 0.0361328125
4 0.4853515625 0.787109375 0.02734375 0.021484375
4 0.46484375 0.82177734375 0.02734375 0.0205078125
4 0.453125 0.82958984375 0.029296875 0.0224609375
4 0.44140625 0.85400390625 0.02734375 0.0224609375
4 0.43505859375 0.86474609375 0.0302734375 0.0244140625
4 0.41162109375 0.89794921875 0.0283203125 0.0224609375
4 0.29443359375 0.91748046875 0.0458984375 0.0380859375
4 0.20947265625 0.90478515625 0.0693359375 0.0556640625
4 0.32373046875 0.8671875 0.0302734375 0.021484375
