3 0.82470703125 0.0703125 0.0322265625 0.03125
4 0.02978515625 0.21533203125 0.0224609375 0.0087890625
4 0.18115234375 0.36962890625 0.0224609375 0.0087890625
4 0.146484375 0.38818359375 0.02734375 0.0107421875
4 0.1455078125 0.39892578125 0.025390625 0.0107421875
4 0.18017578125 0.39306640625 0.0263671875 0.0126953125
4 0.14794921875 0.41015625 0.0244140625 0.01171875
4 0.14404296875 0.42236328125 0.0283203125 0.0126953125
4 0.185546875 0.416015625 0.029296875 0.01171875
4 0.1865234375 0.45654296875 0.03515625 0.0126953125
4 0.138671875 0.45556640625 0.0390625 0.0146484375
4 0.03125 0.1796875 0.01953125 0.0078125
4 0.03076171875 0.20556640625 0.0205078125 0.0087890625
4 0.02978515625 0.224609375 0.0205078125 0.009765625
4 0.1826171875 0.3486328125 0.02734375 0.009765625
4 0.02978515625 0.24169921875 0.0244140625 0.0107421875
4 0.0302734375 0.25048828125 0.01953125 0.0068359375
4 0.0302734375 0.26123046875 0.021484375 0.0087890625
4 0.0302734375 0.28076171875 0.021484375 0.0087890625
4 0.0302734375 0.29052734375 0.021484375 0.0107421875
4 0.0263671875 0.30126953125 0.025390625 0.0107421875
4 0.029296875 0.31201171875 0.0234375 0.0107421875
4 0.02685546875 0.3232421875 0.0283203125 0.01171875
4 0.02880859375 0.34619140625 0.0263671875 0.0126953125
4 0.02587890625 0.3583984375 0.0283203125 0.01171875
4 0.02001953125 0.37255859375 0.0380859375 0.0166015625
4 0.1826171875 0.35986328125 0.02734375 0.0107421875
4 0.17919921875 0.337890625 0.0224609375 0.009765625
4 0.14306640625 0.29736328125 0.0341796875 0.0087890625
4 0.1787109375 0.19873046875 0.017578125 0.0087890625
4 0.1494140625 0.31591796875 0.025390625 0.0087890625
4 0.1474609375 0.3271484375 0.025390625 0.009765625
4 0.1474609375 0.33740234375 0.025390625 0.0087890625
4 0.1494140625 0.34814453125 0.021484375 0.0087890625
4 0.1474609375 0.3583984375 0.02734375 0.009765625
4 0.150390625 0.36767578125 0.021484375 0.0087890625
4 0.177734375 0.15673828125 0.015625 0.0068359375
4 0.17822265625 0.16259765625 0.0166015625 0.0068359375
4 0.17822265625 0.169921875 0.0185546875 0.0078125
4 0.1806640625 0.17822265625 0.0234375 0.0107421875
4 0.17822265625 0.1875 0.0166015625 0.0078125
4 0.181640625 0.20703125 0.021484375 0.0078125
4 0.17919921875 0.32666015625 0.0205078125 0.0087890625
4 0.18212890625 0.21728515625 0.0205078125 0.0087890625
4 0.18017578125 0.2255859375 0.0205078125 0.0078125
4 0.1806640625 0.23583984375 0.021484375 0.0087890625
4 0.18212890625 0.24658203125 0.0244140625 0.0107421875
4 0.1806640625 0.255859375 0.021484375 0.009765625
4 0.181640625 0.26513671875 0.0234375 0.0087890625
4 0.18115234375 0.2744140625 0.0205078125 0.009765625
4 0.18408203125 0.28564453125 0.0244140625 0.0107421875
4 0.18017578125 0.296875 0.0205078125 0.01171875
4 0.181640625 0.306640625 0.0234375 0.009765625
4 0.1806640625 0.3173828125 0.01953125 0.009765625
4 0.02099609375 0.39208984375 0.0400390625 0.0166015625
4 0.05908203125 0.18408203125 0.0166015625 0.0087890625
4 0.05810546875 0.19140625 0.0166015625 0.009765625
4 0.06103515625 0.19970703125 0.0205078125 0.0087890625
4 0.06298828125 0.208984375 0.0224609375 0.009765625
4 0.06201171875 0.21875 0.0205078125 0.009765625
4 0.06298828125 0.23828125 0.0224609375 0.009765625
4 0.060546875 0.2470703125 0.021484375 0.009765625
4 0.06298828125 0.2763671875 0.0244140625 0.01171875
4 0.0625 0.287109375 0.02734375 0.009765625
4 0.06396484375 0.29833984375 0.0244140625 0.0107421875
4 0.0634765625 0.30810546875 0.0234375 0.0107421875
4 0.06396484375 0.3193359375 0.0244140625 0.01171875
4 0.064453125 0.32958984375 0.0234375 0.0087890625
4 0.06298828125 0.34130859375 0.0244140625 0.0107421875
4 0.064453125 0.3642578125 0.025390625 0.009765625
4 0.06689453125 0.37841796875 0.0322265625 0.0126953125
4 0.068359375 0.3935546875 0.03515625 0.013671875
4 0.06103515625 0.1748046875 0.0205078125 0.0078125
4 0.05810546875 0.15234375 0.0166015625 0.0078125
4 0.05908203125 0.14404296875 0.0166015625 0.0068359375
4 0.02978515625 0.14208984375 0.0185546875 0.0087890625
4 0.1494140625 0.306640625 0.021484375 0.0078125
4 0.1474609375 0.2880859375 0.0234375 0.0078125
4 0.416015625 0.38623046875 0.01953125 0.0107421875
4 0.4169921875 0.24169921875 0.01953125 0.0087890625
4 0.41748046875 0.25048828125 0.0205078125 0.0087890625
4 0.41796875 0.26123046875 0.021484375 0.0087890625
4 0.41650390625 0.27099609375 0.0205078125 0.0087890625
4 0.41748046875 0.28125 0.0224609375 0.009765625
4 0.41748046875 0.291015625 0.0205078125 0.009765625
4 0.41650390625 0.30224609375 0.0185546875 0.0087890625
4 0.41650390625 0.31103515625 0.0205078125 0.0087890625
4 0.41748046875 0.33154296875 0.0205078125 0.0087890625
4 0.4169921875 0.36376953125 0.0234375 0.0107421875
4 0.41845703125 0.37451171875 0.0224609375 0.0107421875
4 0.41796875 0.39697265625 0.0234375 0.0107421875
4 0.41845703125 0.2109375 0.0205078125 0.0078125
4 0.41796875 0.408203125 0.021484375 0.009765625
4 0.41943359375 0.4189453125 0.0244140625 0.01171875
4 0.41943359375 0.43115234375 0.0244140625 0.0107421875
4 0.41748046875 0.4423828125 0.0224609375 0.009765625
4 0.4228515625 0.46435546875 0.03125 0.0126953125
4 0.26953125 0.16845703125 0.017578125 0.0087890625
4 0.2685546875 0.18212890625 0.021484375 0.0087890625
4 0.26953125 0.189453125 0.017578125 0.0078125
4 0.26953125 0.203125 0.017578125 0.0078125
4 0.26904296875 0.21826171875 0.0185546875 0.0087890625
4 0.26953125 0.2275390625 0.01953125 0.0078125
4 0.42041015625 0.22119140625 0.0263671875 0.0107421875
4 0.41748046875 0.20166015625 0.0205078125 0.0087890625
4 0.14697265625 0.27880859375 0.0244140625 0.0087890625
4 0.38671875 0.34228515625 0.01953125 0.0087890625
4 0.38720703125 0.22412109375 0.0224609375 0.0107421875
4 0.38671875 0.23291015625 0.021484375 0.0068359375
4 0.41796875 0.2314453125 0.01953125 0.0078125
4 0.3876953125 0.24072265625 0.017578125 0.0087890625
4 0.38818359375 0.2578125 0.0166015625 0.0078125
4 0.388671875 0.265625 0.015625 0.005859375
4 0.38818359375 0.27392578125 0.0185546875 0.0087890625
4 0.3876953125 0.2822265625 0.017578125 0.0078125
4 0.38671875 0.29052734375 0.021484375 0.0087890625
4 0.38720703125 0.29931640625 0.0205078125 0.0087890625
4 0.38916015625 0.33349609375 0.0166015625 0.0107421875
4 0.3876953125 0.3505859375 0.01953125 0.0078125
4 0.41796875 0.19140625 0.021484375 0.009765625
4 0.38623046875 0.3603515625 0.0205078125 0.009765625
4 0.38671875 0.3701171875 0.021484375 0.0078125
4 0.38525390625 0.388671875 0.0224609375 0.0078125
4 0.38525390625 0.39794921875 0.0244140625 0.0087890625
4 0.384765625 0.4072265625 0.025390625 0.009765625
4 0.38525390625 0.42431640625 0.0205078125 0.0087890625
4 0.3857421875 0.43310546875 0.021484375 0.0087890625
4 0.3857421875 0.4443359375 0.0234375 0.009765625
4 0.4169921875 0.1611328125 0.01953125 0.009765625
4 0.4189453125 0.17138671875 0.021484375 0.0087890625
4 0.41845703125 0.18115234375 0.0205078125 0.0087890625
4 0.271484375 0.234375 0.015625 0.005859375
4 0.27001953125 0.25 0.0166015625 0.005859375
4 0.2705078125 0.27294921875 0.015625 0.0068359375
4 0.3056640625 0.43212890625 0.03125 0.0107421875
4 0.29833984375 0.2998046875 0.0205078125 0.01171875
4 0.30126953125 0.31005859375 0.0263671875 0.0087890625
4 0.3017578125 0.32080078125 0.025390625 0.0107421875
4 0.30029296875 0.33251953125 0.0244140625 0.0087890625
4 0.3017578125 0.34375 0.025390625 0.01171875
4 0.30029296875 0.35546875 0.0244140625 0.01171875
4 0.3046875 0.36669921875 0.02734375 0.0107421875
4 0.30029296875 0.38818359375 0.0244140625 0.0126953125
4 0.29833984375 0.3994140625 0.0224609375 0.0078125
4 0.3056640625 0.41064453125 0.03125 0.0107421875
4 0.302734375 0.421875 0.02734375 0.009765625
4 0.298828125 0.4423828125 0.021484375 0.0078125
4 0.26953125 0.2802734375 0.01953125 0.0078125
4 0.2685546875 0.4560546875 0.01953125 0.0078125
4 0.3046875 0.45458984375 0.029296875 0.0107421875
4 0.26220703125 0.466796875 0.0302734375 0.01171875
4 0.3115234375 0.46875 0.04296875 0.015625
4 0.15087890625 0.15576171875 0.0205078125 0.0068359375
4 0.1494140625 0.1796875 0.01953125 0.009765625
4 0.15087890625 0.23193359375 0.0205078125 0.0087890625
4 0.14990234375 0.24072265625 0.0224609375 0.0087890625
4 0.1494140625 0.25048828125 0.021484375 0.0087890625
4 0.150390625 0.259765625 0.01953125 0.009765625
4 0.146484375 0.26953125 0.0234375 0.009765625
4 0.30029296875 0.28955078125 0.0244140625 0.0107421875
4 0.298828125 0.2783203125 0.01953125 0.009765625
4 0.296875 0.26806640625 0.021484375 0.0126953125
4 0.30517578125 0.25732421875 0.0283203125 0.0107421875
4 0.2685546875 0.28955078125 0.021484375 0.0087890625
4 0.26806640625 0.30517578125 0.0205078125 0.0068359375
4 0.27001953125 0.32275390625 0.0185546875 0.0087890625
4 0.2685546875 0.349609375 0.021484375 0.009765625
4 0.26611328125 0.359375 0.0224609375 0.009765625
4 0.26904296875 0.3857421875 0.0205078125 0.0078125
4 0.27001953125 0.3935546875 0.0166015625 0.0078125
4 0.26953125 0.41162109375 0.01953125 0.0087890625
4 0.2685546875 0.4208984375 0.01953125 0.0078125
4 0.26806640625 0.43017578125 0.0205078125 0.0087890625
4 0.2705078125 0.4384765625 0.015625 0.005859375
4 0.26806640625 0.4462890625 0.0185546875 0.0078125
4 0.26904296875 0.15966796875 0.0185546875 0.0068359375
4 0.296875 0.1591796875 0.017578125 0.0078125
4 0.298828125 0.16845703125 0.01953125 0.0087890625
4 0.29736328125 0.17626953125 0.0185546875 0.0087890625
4 0.2998046875 0.18603515625 0.0234375 0.0107421875
4 0.30078125 0.19580078125 0.0234375 0.0087890625
4 0.30029296875 0.2060546875 0.0244140625 0.009765625
4 0.30126953125 0.216796875 0.0244140625 0.009765625
4 0.29931640625 0.22607421875 0.0224609375 0.0087890625
4 0.30224609375 0.2373046875 0.0263671875 0.009765625
4 0.30078125 0.2470703125 0.0234375 0.009765625
3 0.82421875 0.03857421875 0.033203125 0.0302734375
5 0.044921875 0.275390625 0.06640625 0.255859375
5 0.77783203125 0.291015625 0.0654296875 0.2578125
5 0.63818359375 0.30908203125 0.0615234375 0.3232421875
5 0.51416015625 0.30859375 0.0556640625 0.33203125
5 0.40234375 0.3076171875 0.05859375 0.333984375
5 0.28662109375 0.30908203125 0.0615234375 0.3310546875
5 0.16259765625 0.3095703125 0.0673828125 0.31640625
4 0.388671875 0.21533203125 0.017578125 0.0087890625
4 0.38720703125 0.1982421875 0.0205078125 0.009765625
4 0.38720703125 0.1826171875 0.0185546875 0.0078125
4 0.38671875 0.173828125 0.01953125 0.0078125
3 0.7705078125 0.04833984375 0.068359375 0.0576171875
4 0.65625 0.35400390625 0.0234375 0.0087890625
4 0.65576171875 0.17724609375 0.0224609375 0.0087890625
4 0.6533203125 0.2080078125 0.01953125 0.01171875
4 0.658203125 0.21875 0.025390625 0.009765625
4 0.654296875 0.240234375 0.0234375 0.009765625
4 0.65771484375 0.2509765625 0.0244140625 0.009765625
4 0.65625 0.271484375 0.0234375 0.009765625
4 0.65673828125 0.28173828125 0.0224609375 0.0087890625
4 0.65625 0.2919921875 0.0234375 0.009765625
4 0.65576171875 0.302734375 0.0205078125 0.009765625
4 0.65478515625 0.32275390625 0.0205078125 0.0107421875
4 0.6611328125 0.34375 0.03125 0.009765625
4 0.65673828125 0.36474609375 0.0224609375 0.0107421875
4 0.654296875 0.158203125 0.015625 0.0078125
4 0.65625 0.37548828125 0.0234375 0.0107421875
4 0.65673828125 0.3857421875 0.0224609375 0.009765625
4 0.658203125 0.39599609375 0.025390625 0.0107421875
4 0.65966796875 0.41796875 0.0302734375 0.009765625
4 0.65576171875 0.42919921875 0.0244140625 0.0107421875
4 0.65576171875 0.439453125 0.0244140625 0.009765625
4 0.658203125 0.45166015625 0.03125 0.0107421875
4 0.6171875 0.46337890625 0.03125 0.0126953125
4 0.66259765625 0.4638671875 0.0361328125 0.01171875
4 0.50146484375 0.16015625 0.0166015625 0.0078125
4 0.4990234375 0.16943359375 0.01953125 0.0087890625
4 0.65283203125 0.16650390625 0.0166015625 0.0087890625
4 0.6240234375 0.45166015625 0.021484375 0.0087890625
4 0.623046875 0.28076171875 0.02734375 0.0107421875
4 0.75341796875 0.41455078125 0.0400390625 0.0185546875
4 0.80322265625 0.4140625 0.0419921875 0.025390625
4 0.62646484375 0.15869140625 0.0205078125 0.0087890625
4 0.623046875 0.177734375 0.025390625 0.009765625
4 0.62158203125 0.1884765625 0.0263671875 0.009765625
4 0.62158203125 0.20947265625 0.0263671875 0.0087890625
4 0.62255859375 0.220703125 0.0244140625 0.009765625
4 0.625 0.2314453125 0.021484375 0.009765625
4 0.6201171875 0.2412109375 0.02734375 0.009765625
4 0.6220703125 0.2607421875 0.02734375 0.009765625
4 0.625 0.27099609375 0.021484375 0.0087890625
4 0.62353515625 0.29150390625 0.0224609375 0.0087890625
4 0.62353515625 0.43994140625 0.0224609375 0.0126953125
4 0.62060546875 0.302734375 0.0263671875 0.009765625
4 0.623046875 0.31396484375 0.025390625 0.0107421875
4 0.6259765625 0.32470703125 0.0234375 0.0087890625
4 0.62548828125 0.33447265625 0.0205078125 0.0087890625
4 0.62353515625 0.3447265625 0.0244140625 0.009765625
4 0.62353515625 0.35498046875 0.0263671875 0.0087890625
4 0.62255859375 0.36572265625 0.0263671875 0.0087890625
4 0.62353515625 0.3759765625 0.0224609375 0.009765625
4 0.62109375 0.3857421875 0.02734375 0.009765625
4 0.6220703125 0.40771484375 0.025390625 0.0107421875
4 0.62109375 0.41845703125 0.02734375 0.0107421875
4 0.49853515625 0.1787109375 0.0224609375 0.009765625
4 0.49951171875 0.18798828125 0.0185546875 0.0087890625
4 0.49853515625 0.1962890625 0.0205078125 0.0078125
4 0.53271484375 0.33349609375 0.0244140625 0.0107421875
4 0.5302734375 0.21875 0.0234375 0.009765625
4 0.529296875 0.22900390625 0.01953125 0.0087890625
4 0.52880859375 0.2373046875 0.0185546875 0.0078125
4 0.5341796875 0.2470703125 0.02734375 0.009765625
4 0.5322265625 0.2568359375 0.01953125 0.0078125
4 0.53173828125 0.2666015625 0.0244140625 0.009765625
4 0.5302734375 0.28564453125 0.021484375 0.0087890625
4 0.52978515625 0.29443359375 0.0185546875 0.0087890625
4 0.5302734375 0.30419921875 0.0234375 0.0107421875
4 0.5322265625 0.3134765625 0.0234375 0.009765625
4 0.53271484375 0.3232421875 0.0244140625 0.009765625
4 0.52783203125 0.35302734375 0.0185546875 0.0068359375
4 0.4990234375 0.20703125 0.0234375 0.009765625
4 0.533203125 0.36279296875 0.029296875 0.0107421875
4 0.52880859375 0.3720703125 0.0185546875 0.0078125
4 0.52880859375 0.38037109375 0.0224609375 0.0087890625
4 0.52978515625 0.39013671875 0.0205078125 0.0107421875
4 0.53271484375 0.39990234375 0.0244140625 0.0087890625
4 0.53173828125 0.41015625 0.0263671875 0.009765625
4 0.52880859375 0.42041015625 0.0224609375 0.0107421875
4 0.5302734375 0.4423828125 0.0234375 0.01171875
4 0.529296875 0.45458984375 0.01953125 0.0087890625
4 0.53564453125 0.466796875 0.0322265625 0.013671875
4 0.388671875 0.15869140625 0.017578125 0.0087890625
4 0.53076171875 0.2080078125 0.0224609375 0.0078125
4 0.53369140625 0.19873046875 0.0283203125 0.0087890625
4 0.52978515625 0.18896484375 0.0205078125 0.0087890625
4 0.52880859375 0.1796875 0.0185546875 0.009765625
4 0.5009765625 0.21630859375 0.015625 0.0068359375
4 0.49658203125 0.22509765625 0.0244140625 0.0087890625
4 0.5 0.23486328125 0.017578125 0.0068359375
4 0.49462890625 0.2431640625 0.0224609375 0.0078125
4 0.49755859375 0.25244140625 0.0224609375 0.0087890625
4 0.4970703125 0.2626953125 0.0234375 0.009765625
4 0.4990234375 0.28125 0.017578125 0.0078125
4 0.49853515625 0.2998046875 0.0224609375 0.0078125
4 0.49609375 0.3173828125 0.025390625 0.009765625
4 0.4990234375 0.3369140625 0.01953125 0.0078125
4 0.49853515625 0.34619140625 0.0205078125 0.0087890625
4 0.498046875 0.3642578125 0.021484375 0.009765625
4 0.49853515625 0.3740234375 0.0205078125 0.0078125
4 0.49951171875 0.3837890625 0.0185546875 0.009765625
4 0.5009765625 0.39208984375 0.017578125 0.0087890625
4 0.4990234375 0.40185546875 0.021484375 0.0087890625
4 0.49951171875 0.41162109375 0.0205078125 0.0087890625
4 0.49951171875 0.4208984375 0.0205078125 0.0078125
4 0.49560546875 0.4296875 0.0205078125 0.0078125
4 0.4970703125 0.44873046875 0.025390625 0.0126953125
4 0.4931640625 0.46728515625 0.033203125 0.0126953125
4 0.5283203125 0.1611328125 0.01953125 0.0078125
4 0.52978515625 0.1708984375 0.0205078125 0.009765625
4 0.75732421875 0.40087890625 0.0283203125 0.0107421875
4 0.7607421875 0.38916015625 0.0234375 0.0107421875
4 0.76025390625 0.37744140625 0.0263671875 0.0107421875
4 0.75927734375 0.36474609375 0.0244140625 0.0087890625
4 0.7626953125 0.17578125 0.021484375 0.009765625
4 0.798828125 0.3486328125 0.029296875 0.01171875
4 0.79931640625 0.33349609375 0.0302734375 0.0126953125
4 0.80078125 0.30419921875 0.03515625 0.0126953125
4 0.7998046875 0.29150390625 0.03515625 0.0126953125
4 0.79931640625 0.27490234375 0.0341796875 0.0126953125
4 0.796875 0.26171875 0.03125 0.013671875
4 0.79833984375 0.2353515625 0.0302734375 0.015625
4 0.80029296875 0.21923828125 0.0341796875 0.0126953125
4 0.796875 0.20654296875 0.03125 0.0126953125
4 0.7998046875 0.1904296875 0.037109375 0.013671875
4 0.79541015625 0.1787109375 0.0283203125 0.01171875
4 0.76318359375 0.1884765625 0.0205078125 0.013671875
4 0.7568359375 0.21044921875 0.03125 0.0126953125
4 0.76171875 0.2236328125 0.0234375 0.01171875
4 0.75927734375 0.23486328125 0.0263671875 0.0107421875
4 0.7607421875 0.2578125 0.025390625 0.013671875
4 0.7568359375 0.2822265625 0.029296875 0.013671875
4 0.759765625 0.2939453125 0.025390625 0.01171875
4 0.76025390625 0.3056640625 0.0244140625 0.009765625
4 0.7578125 0.31787109375 0.029296875 0.0107421875
4 0.76171875 0.32958984375 0.025390625 0.0107421875
4 0.76123046875 0.34130859375 0.0244140625 0.0107421875
4 0.75927734375 0.353515625 0.0244140625 0.009765625
4 0.79931640625 0.36376953125 0.0341796875 0.0126953125
4 0.86279296875 0.16748046875 0.0146484375 0.0205078125
4 0.89794921875 0.19580078125 0.0146484375 0.0224609375
4 0.9072265625 0.19482421875 0.009765625 0.0244140625
4 0.1826171875 0.4033203125 0.02734375 0.01171875
4 0.03076171875 0.1884765625 0.0205078125 0.009765625
4 0.49755859375 0.2900390625 0.0244140625 0.009765625
4 0.4169921875 0.353515625 0.021484375 0.009765625
4 0.91552734375 0.1953125 0.0087890625 0.017578125
4 0.8720703125 0.20166015625 0.01171875 0.0146484375
4 0.9736328125 0.2578125 0.015625 0.01171875
4 0.91796875 0.177734375 0.017578125 0.025390625
