4 0.82177734375 0.21533203125 0.0224609375 0.0087890625
4 0.97314453125 0.36962890625 0.0224609375 0.0087890625
4 0.9384765625 0.38818359375 0.02734375 0.0107421875
4 0.9375 0.39892578125 0.025390625 0.0107421875
4 0.97216796875 0.39306640625 0.0263671875 0.0126953125
4 0.93994140625 0.41015625 0.0244140625 0.01171875
4 0.93603515625 0.42236328125 0.0283203125 0.0126953125
4 0.9775390625 0.416015625 0.029296875 0.01171875
4 0.978515625 0.45654296875 0.03515625 0.0126953125
4 0.9306640625 0.45556640625 0.0390625 0.0146484375
4 0.8232421875 0.1796875 0.01953125 0.0078125
4 0.82275390625 0.20556640625 0.0205078125 0.0087890625
4 0.82177734375 0.224609375 0.0205078125 0.009765625
4 0.974609375 0.3486328125 0.02734375 0.009765625
4 0.82177734375 0.24169921875 0.0244140625 0.0107421875
4 0.822265625 0.25048828125 0.01953125 0.0068359375
4 0.822265625 0.26123046875 0.021484375 0.0087890625
4 0.822265625 0.28076171875 0.021484375 0.0087890625
4 0.822265625 0.29052734375 0.021484375 0.0107421875
4 0.818359375 0.30126953125 0.025390625 0.0107421875
4 0.8212890625 0.31201171875 0.0234375 0.0107421875
4 0.81884765625 0.3232421875 0.0283203125 0.01171875
4 0.82080078125 0.34619140625 0.0263671875 0.0126953125
4 0.81787109375 0.3583984375 0.0283203125 0.01171875
4 0.80859375 0.37255859375 0.044921875 0.0166015625
4 0.974609375 0.35986328125 0.02734375 0.0107421875
4 0.97119140625 0.337890625 0.0224609375 0.009765625
4 0.93505859375 0.29736328125 0.0341796875 0.0087890625
4 0.970703125 0.19873046875 0.017578125 0.0087890625
4 0.94140625 0.31591796875 0.025390625 0.0087890625
4 0.939453125 0.3271484375 0.025390625 0.009765625
4 0.939453125 0.33740234375 0.025390625 0.0087890625
4 0.94140625 0.34814453125 0.021484375 0.0087890625
4 0.939453125 0.3583984375 0.02734375 0.009765625
4 0.9423828125 0.36767578125 0.021484375 0.0087890625
4 0.9697265625 0.15673828125 0.015625 0.0068359375
4 0.97021484375 0.16259765625 0.0166015625 0.0068359375
4 0.97021484375 0.169921875 0.0185546875 0.0078125
4 0.97265625 0.17822265625 0.0234375 0.0107421875
4 0.97021484375 0.1875 0.0166015625 0.0078125
4 0.9736328125 0.20703125 0.021484375 0.0078125
4 0.97119140625 0.32666015625 0.0205078125 0.0087890625
4 0.97412109375 0.21728515625 0.0205078125 0.0087890625
4 0.97216796875 0.2255859375 0.0205078125 0.0078125
4 0.97265625 0.23583984375 0.021484375 0.0087890625
4 0.97412109375 0.24658203125 0.0244140625 0.0107421875
4 0.97265625 0.255859375 0.021484375 0.009765625
4 0.9736328125 0.26513671875 0.0234375 0.0087890625
4 0.97314453125 0.2744140625 0.0205078125 0.009765625
4 0.97607421875 0.28564453125 0.0244140625 0.0107421875
4 0.97216796875 0.296875 0.0205078125 0.01171875
4 0.9736328125 0.306640625 0.0234375 0.009765625
4 0.97265625 0.3173828125 0.01953125 0.009765625
4 0.8095703125 0.39208984375 0.046875 0.0166015625
4 0.85107421875 0.18408203125 0.0166015625 0.0087890625
4 0.85009765625 0.19140625 0.0166015625 0.009765625
4 0.30810546875 0.60498046875 0.0146484375 0.0361328125
4 0.47998046875 0.6533203125 0.0166015625 0.046875
4 0.4462890625 0.6533203125 0.017578125 0.041015625
4 0.4267578125 0.654296875 0.015625 0.044921875
4 0.4111328125 0.65185546875 0.015625 0.0380859375
4 0.39208984375 0.6533203125 0.0126953125 0.0390625
4 0.3759765625 0.65380859375 0.017578125 0.0419921875
4 0.3544921875 0.65673828125 0.01953125 0.0498046875
4 0.33837890625 0.65283203125 0.0146484375 0.0400390625
4 0.32177734375 0.6474609375 0.0126953125 0.029296875
4 0.30712890625 0.65576171875 0.0166015625 0.0400390625
4 0.291015625 0.64892578125 0.009765625 0.0205078125
4 0.3232421875 0.6044921875 0.013671875 0.03515625
4 0.85302734375 0.19970703125 0.0205078125 0.0087890625
4 0.33935546875 0.60400390625 0.0146484375 0.0361328125
4 0.35302734375 0.6064453125 0.0126953125 0.03125
4 0.3701171875 0.60302734375 0.013671875 0.0361328125
4 0.38525390625 0.599609375 0.0146484375 0.041015625
4 0.40185546875 0.60107421875 0.0126953125 0.0400390625
4 0.41748046875 0.60205078125 0.0146484375 0.0361328125
4 0.4345703125 0.60400390625 0.013671875 0.0341796875
4 0.466796875 0.60107421875 0.013671875 0.0380859375
4 0.48193359375 0.6005859375 0.0146484375 0.0390625
4 0.49951171875 0.6015625 0.0146484375 0.037109375
4 0.5146484375 0.5986328125 0.013671875 0.0390625
4 0.49609375 0.6513671875 0.017578125 0.04296875
4 0.52880859375 0.65087890625 0.0185546875 0.0419921875
4 0.54833984375 0.65087890625 0.0166015625 0.0419921875
4 0.564453125 0.65087890625 0.017578125 0.0458984375
4 0.85498046875 0.208984375 0.0224609375 0.009765625
4 0.85400390625 0.21875 0.0205078125 0.009765625
4 0.85498046875 0.23828125 0.0224609375 0.009765625
4 0.8525390625 0.2470703125 0.021484375 0.009765625
4 0.85498046875 0.2763671875 0.0244140625 0.01171875
4 0.8544921875 0.287109375 0.02734375 0.009765625
4 0.85595703125 0.29833984375 0.0244140625 0.0107421875
4 0.85546875 0.30810546875 0.0234375 0.0107421875
4 0.85595703125 0.3193359375 0.0244140625 0.01171875
4 0.8564453125 0.32958984375 0.0234375 0.0087890625
4 0.85498046875 0.34130859375 0.0244140625 0.0107421875
4 0.8564453125 0.3642578125 0.025390625 0.009765625
4 0.85888671875 0.37841796875 0.0322265625 0.0126953125
4 0.8603515625 0.3935546875 0.03515625 0.013671875
4 0.85302734375 0.1748046875 0.0205078125 0.0078125
4 0.85009765625 0.15234375 0.0166015625 0.0078125
4 0.85107421875 0.14404296875 0.0166015625 0.0068359375
4 0.82177734375 0.14208984375 0.0185546875 0.0087890625
4 0.677734375 0.64990234375 0.017578125 0.0439453125
4 0.65966796875 0.65478515625 0.0205078125 0.0517578125
4 0.638671875 0.6513671875 0.017578125 0.044921875
4 0.61767578125 0.6494140625 0.0126953125 0.0390625
4 0.58251953125 0.6484375 0.0146484375 0.0390625
4 0.94140625 0.306640625 0.021484375 0.0078125
4 0.939453125 0.2880859375 0.0234375 0.0078125
4 0.5478515625 0.60107421875 0.013671875 0.0361328125
4 0.93896484375 0.27880859375 0.0244140625 0.0087890625
4 0.94287109375 0.15576171875 0.0205078125 0.0068359375
4 0.94140625 0.1796875 0.01953125 0.009765625
4 0.94287109375 0.23193359375 0.0205078125 0.0087890625
4 0.94189453125 0.24072265625 0.0224609375 0.0087890625
4 0.94140625 0.25048828125 0.021484375 0.0087890625
4 0.9423828125 0.259765625 0.01953125 0.009765625
4 0.9384765625 0.26953125 0.0234375 0.009765625
4 0.53271484375 0.59814453125 0.0166015625 0.0400390625
4 0.56396484375 0.6005859375 0.0166015625 0.037109375
4 0.50048828125 0.24169921875 0.0107421875 0.0205078125
4 0.6572265625 0.23583984375 0.009765625 0.0224609375
4 0.64794921875 0.23779296875 0.0087890625 0.0185546875
4 0.63818359375 0.23974609375 0.0087890625 0.0244140625
4 0.61767578125 0.23779296875 0.0068359375 0.0185546875
4 0.60791015625 0.2392578125 0.0087890625 0.01953125
4 0.5888671875 0.23876953125 0.009765625 0.0205078125
4 0.57861328125 0.23876953125 0.0087890625 0.0205078125
4 0.55810546875 0.240234375 0.0087890625 0.021484375
4 0.548828125 0.240234375 0.0078125 0.01953125
4 0.53857421875 0.23828125 0.0087890625 0.017578125
4 0.5185546875 0.2421875 0.009765625 0.0234375
4 0.4892578125 0.24169921875 0.009765625 0.0205078125
4 0.67724609375 0.23779296875 0.0087890625 0.0185546875
4 0.47900390625 0.24072265625 0.0087890625 0.0185546875
4 0.4697265625 0.24169921875 0.009765625 0.0205078125
4 0.45068359375 0.244140625 0.0107421875 0.025390625
4 0.4404296875 0.24072265625 0.009765625 0.0185546875
4 0.4306640625 0.2421875 0.009765625 0.01953125
4 0.42138671875 0.2421875 0.0087890625 0.01953125
4 0.41162109375 0.2431640625 0.0107421875 0.0234375
4 0.40185546875 0.244140625 0.0087890625 0.021484375
4 0.39208984375 0.24365234375 0.0087890625 0.0205078125
4 0.3720703125 0.24365234375 0.009765625 0.0224609375
4 0.36181640625 0.24169921875 0.0087890625 0.0185546875
4 0.6669921875 0.2373046875 0.009765625 0.01953125
4 0.44580078125 0.2109375 0.0087890625 0.01953125
4 0.38916015625 0.36181640625 0.0107421875 0.0244140625
4 0.671875 0.20849609375 0.009765625 0.0185546875
4 0.46630859375 0.32421875 0.0107421875 0.029296875
4 0.4443359375 0.326171875 0.01171875 0.025390625
4 0.4375 0.36083984375 0.01171875 0.0244140625
4 0.486328125 0.35986328125 0.01171875 0.0224609375
4 0.47705078125 0.32470703125 0.0107421875 0.0283203125
4 0.49951171875 0.32177734375 0.0107421875 0.0302734375
4 0.51171875 0.3603515625 0.01171875 0.02734375
4 0.54931640625 0.359375 0.0107421875 0.025390625
4 0.59814453125 0.3583984375 0.0107421875 0.025390625
4 0.67724609375 0.32177734375 0.0107421875 0.0263671875
4 0.626953125 0.24169921875 0.009765625 0.0244140625
4 0.6630859375 0.20654296875 0.009765625 0.0224609375
4 0.45654296875 0.2119140625 0.0087890625 0.015625
4 0.65234375 0.20703125 0.009765625 0.01953125
4 0.64208984375 0.2099609375 0.0087890625 0.017578125
4 0.63330078125 0.20947265625 0.0087890625 0.0166015625
4 0.6162109375 0.208984375 0.0078125 0.015625
4 0.60791015625 0.20947265625 0.0087890625 0.0166015625
4 0.5908203125 0.2099609375 0.009765625 0.01953125
4 0.58251953125 0.208984375 0.0087890625 0.021484375
4 0.548828125 0.2109375 0.0078125 0.017578125
4 0.5400390625 0.2119140625 0.0078125 0.015625
4 0.5322265625 0.2109375 0.0078125 0.017578125
4 0.48193359375 0.2119140625 0.0087890625 0.017578125
4 0.35205078125 0.24267578125 0.0087890625 0.0185546875
4 0.34228515625 0.2431640625 0.0087890625 0.021484375
4 0.33251953125 0.24365234375 0.0087890625 0.0205078125
5 0.8369140625 0.275390625 0.06640625 0.255859375
4 0.34375 0.1494140625 0.0078125 0.017578125
4 0.35205078125 0.15087890625 0.0087890625 0.0185546875
4 0.30908203125 0.15234375 0.0087890625 0.015625
4 0.2998046875 0.15234375 0.01171875 0.0234375
4 0.287109375 0.15185546875 0.009765625 0.0205078125
5 0.95458984375 0.3095703125 0.0673828125 0.31640625
4 0.32275390625 0.244140625 0.0087890625 0.01953125
5 0.4873046875 0.62451171875 0.404296875 0.0830078125
5 0.48291015625 0.46142578125 0.4072265625 0.0712890625
5 0.4775390625 0.34423828125 0.416015625 0.0673828125
5 0.47509765625 0.22802734375 0.4130859375 0.0595703125
4 0.3359375 0.15087890625 0.0078125 0.0166015625
4 0.3759765625 0.14990234375 0.0078125 0.0146484375
4 0.38525390625 0.15087890625 0.0087890625 0.0185546875
4 0.40185546875 0.15283203125 0.0087890625 0.0185546875
4 0.29248046875 0.24365234375 0.0107421875 0.0205078125
4 0.56494140625 0.2109375 0.0087890625 0.017578125
4 0.52392578125 0.21142578125 0.0087890625 0.0185546875
4 0.5146484375 0.21142578125 0.009765625 0.0185546875
4 0.50634765625 0.20947265625 0.0087890625 0.0185546875
4 0.498046875 0.2109375 0.009765625 0.017578125
4 0.47314453125 0.2119140625 0.0087890625 0.017578125
4 0.43017578125 0.212890625 0.0087890625 0.017578125
4 0.4052734375 0.212890625 0.0078125 0.015625
4 0.37158203125 0.21240234375 0.0087890625 0.0205078125
4 0.36376953125 0.21484375 0.0068359375 0.015625
4 0.35595703125 0.2119140625 0.0068359375 0.021484375
4 0.3466796875 0.21435546875 0.0078125 0.0166015625
4 0.337890625 0.21240234375 0.0078125 0.0205078125
4 0.3046875 0.21435546875 0.009765625 0.0185546875
4 0.29345703125 0.212890625 0.0087890625 0.021484375
4 0.5439453125 0.1552734375 0.009765625 0.0234375
4 0.51611328125 0.15478515625 0.0107421875 0.0244140625
4 0.505859375 0.15478515625 0.009765625 0.0224609375
4 0.49560546875 0.154296875 0.0107421875 0.021484375
4 0.45556640625 0.1513671875 0.0107421875 0.01953125
4 0.4462890625 0.1533203125 0.009765625 0.021484375
4 0.41064453125 0.15234375 0.0068359375 0.015625
4 0.45068359375 0.35791015625 0.0107421875 0.0224609375
4 0.40185546875 0.361328125 0.0107421875 0.025390625
4 0.5791015625 0.59765625 0.015625 0.0390625
4 0.6396484375 0.439453125 0.01171875 0.029296875
4 0.5732421875 0.47900390625 0.01171875 0.0263671875
4 0.58447265625 0.47998046875 0.0107421875 0.0302734375
4 0.60009765625 0.48291015625 0.0107421875 0.0302734375
4 0.61181640625 0.48046875 0.0107421875 0.03125
4 0.6259765625 0.4794921875 0.01171875 0.02734375
4 0.63818359375 0.48046875 0.0126953125 0.033203125
4 0.65185546875 0.478515625 0.0107421875 0.029296875
4 0.66455078125 0.478515625 0.0126953125 0.03125
4 0.681640625 0.435546875 0.013671875 0.033203125
4 0.6669921875 0.43994140625 0.01171875 0.0263671875
4 0.6533203125 0.4375 0.01171875 0.029296875
4 0.6123046875 0.439453125 0.01171875 0.025390625
4 0.54541015625 0.4794921875 0.0126953125 0.03125
4 0.60009765625 0.4384765625 0.0126953125 0.029296875
4 0.58544921875 0.43896484375 0.0126953125 0.0302734375
4 0.57275390625 0.44189453125 0.0107421875 0.0263671875
4 0.55859375 0.43798828125 0.01171875 0.0322265625
4 0.544921875 0.44287109375 0.009765625 0.0244140625
4 0.533203125 0.4384765625 0.01171875 0.02734375
4 0.50927734375 0.443359375 0.0107421875 0.0234375
4 0.49658203125 0.4404296875 0.0126953125 0.029296875
4 0.48388671875 0.4404296875 0.0126953125 0.029296875
4 0.47119140625 0.4404296875 0.0126953125 0.03125
4 0.44873046875 0.44091796875 0.0126953125 0.0302734375
4 0.55810546875 0.4794921875 0.0146484375 0.029296875
4 0.5302734375 0.482421875 0.01171875 0.033203125
4 0.3134765625 0.24560546875 0.009765625 0.0224609375
4 0.34228515625 0.4873046875 0.0126953125 0.03125
4 0.5966796875 0.6015625 0.013671875 0.033203125
4 0.61279296875 0.599609375 0.0126953125 0.037109375
4 0.6298828125 0.59912109375 0.013671875 0.0341796875
4 0.6455078125 0.6005859375 0.013671875 0.033203125
4 0.6611328125 0.599609375 0.013671875 0.03515625
4 0.67822265625 0.59716796875 0.0146484375 0.0380859375
4 0.2880859375 0.5478515625 0.013671875 0.0078125
4 0.28564453125 0.53466796875 0.0146484375 0.0087890625
4 0.302734375 0.48291015625 0.01171875 0.0283203125
4 0.31591796875 0.4833984375 0.0126953125 0.025390625
4 0.32958984375 0.48193359375 0.0126953125 0.0283203125
4 0.35791015625 0.4853515625 0.0126953125 0.033203125
4 0.51806640625 0.47998046875 0.0107421875 0.0322265625
4 0.369140625 0.4833984375 0.01171875 0.03125
4 0.3837890625 0.48193359375 0.01171875 0.0283203125
4 0.396484375 0.48193359375 0.01171875 0.0283203125
4 0.4111328125 0.482421875 0.013671875 0.03125
4 0.423828125 0.482421875 0.01171875 0.029296875
4 0.43798828125 0.48193359375 0.0107421875 0.0341796875
4 0.45068359375 0.48046875 0.0126953125 0.02734375
4 0.46484375 0.4833984375 0.01171875 0.03515625
4 0.47802734375 0.4794921875 0.0126953125 0.029296875
4 0.49072265625 0.4814453125 0.0126953125 0.033203125
4 0.50341796875 0.486328125 0.0126953125 0.037109375
4 0.4365234375 0.443359375 0.009765625 0.02734375
4 0.42431640625 0.44189453125 0.0126953125 0.0283203125
4 0.4111328125 0.443359375 0.01171875 0.02734375
4 0.611328125 0.3232421875 0.01171875 0.02734375
4 0.48876953125 0.32666015625 0.0107421875 0.0244140625
4 0.47509765625 0.36181640625 0.0107421875 0.0263671875
4 0.5107421875 0.326171875 0.009765625 0.0234375
4 0.5205078125 0.3251953125 0.009765625 0.0234375
4 0.533203125 0.326171875 0.01171875 0.0234375
4 0.5439453125 0.32568359375 0.009765625 0.0224609375
4 0.55517578125 0.3271484375 0.0107421875 0.021484375
4 0.564453125 0.32763671875 0.0078125 0.0185546875
4 0.57568359375 0.322265625 0.0166015625 0.029296875
4 0.56005859375 0.35791015625 0.0107421875 0.0224609375
4 0.599609375 0.3251953125 0.009765625 0.0234375
4 0.583984375 0.36083984375 0.01171875 0.0302734375
4 0.400390625 0.44287109375 0.01171875 0.0263671875
4 0.609375 0.361328125 0.01171875 0.025390625
4 0.6240234375 0.35791015625 0.009765625 0.0224609375
4 0.6337890625 0.35888671875 0.009765625 0.0244140625
4 0.646484375 0.35986328125 0.009765625 0.0263671875
4 0.65673828125 0.359375 0.0107421875 0.02734375
4 0.66748046875 0.35888671875 0.0107421875 0.0244140625
4 0.67919921875 0.35888671875 0.0126953125 0.0283203125
4 0.62255859375 0.32470703125 0.0107421875 0.0244140625
4 0.63330078125 0.32373046875 0.0107421875 0.0224609375
4 0.65478515625 0.32373046875 0.0107421875 0.0263671875
4 0.3818359375 0.2412109375 0.009765625 0.017578125
4 0.46142578125 0.36181640625 0.0107421875 0.0263671875
4 0.42578125 0.36474609375 0.01171875 0.0283203125
4 0.4326171875 0.32763671875 0.01171875 0.0244140625
4 0.42138671875 0.326171875 0.0126953125 0.029296875
4 0.38818359375 0.4462890625 0.0107421875 0.0234375
4 0.37451171875 0.4443359375 0.0107421875 0.025390625
4 0.36279296875 0.44384765625 0.0107421875 0.0283203125
4 0.3505859375 0.443359375 0.01171875 0.029296875
4 0.337890625 0.443359375 0.01171875 0.029296875
4 0.30126953125 0.44775390625 0.0107421875 0.0263671875
4 0.291015625 0.44775390625 0.01171875 0.0263671875
4 0.28759765625 0.3310546875 0.0107421875 0.0234375
4 0.2978515625 0.32958984375 0.01171875 0.0244140625
4 0.29052734375 0.36279296875 0.0126953125 0.0244140625
4 0.30322265625 0.36474609375 0.0107421875 0.0263671875
4 0.314453125 0.36083984375 0.009765625 0.0224609375
4 0.3271484375 0.365234375 0.01171875 0.029296875
4 0.3388671875 0.36328125 0.009765625 0.025390625
4 0.33203125 0.32763671875 0.01171875 0.0283203125
4 0.34375 0.3271484375 0.01171875 0.033203125
4 0.35498046875 0.32666015625 0.0107421875 0.0244140625
4 0.36572265625 0.33056640625 0.0107421875 0.0224609375
4 0.35302734375 0.36376953125 0.0107421875 0.0263671875
4 0.376953125 0.32861328125 0.009765625 0.0244140625
4 0.38818359375 0.328125 0.0107421875 0.0234375
4 0.408203125 0.32568359375 0.009765625 0.0263671875
4 0.376953125 0.365234375 0.01171875 0.025390625
4 0.974609375 0.4033203125 0.02734375 0.01171875
4 0.82275390625 0.1884765625 0.0205078125 0.009765625
5 0.408203125 0.1474609375 0.283203125 0.033203125
