0 0.96923828125 0.21240234375 0.0517578125 0.0302734375
5 0.94677734375 0.70166015625 0.1044921875 0.2958984375
5 0.880859375 0.662109375 0.13671875 0.259765625
5 0.8203125 0.6494140625 0.10546875 0.251953125
5 0.701171875 0.60302734375 0.1640625 0.2724609375
5 0.591796875 0.5576171875 0.130859375 0.220703125
5 0.53369140625 0.53076171875 0.1240234375 0.2333984375
5 0.4619140625 0.50341796875 0.095703125 0.1982421875
5 0.39990234375 0.48193359375 0.1220703125 0.2197265625
5 0.32666015625 0.46435546875 0.1162109375 0.2451171875
5 0.2529296875 0.4423828125 0.115234375 0.236328125
5 0.18896484375 0.4140625 0.1279296875 0.232421875
5 0.1181640625 0.390625 0.126953125 0.232421875
5 0.05126953125 0.35205078125 0.1005859375 0.2099609375
0 0.9140625 0.19580078125 0.05078125 0.0341796875
0 0.5009765625 0.0703125 0.041015625 0.02734375
0 0.546875 0.0849609375 0.041015625 0.02734375
0 0.72265625 0.13818359375 0.0390625 0.0263671875
0 0.66455078125 0.12158203125 0.0400390625 0.0263671875
4 0.88037109375 0.76611328125 0.0322265625 0.0537109375
4 0.89892578125 0.69970703125 0.0380859375 0.0654296875
4 0.80078125 0.74755859375 0.03125 0.0537109375
4 0.84326171875 0.74267578125 0.0849609375 0.1669921875
4 0.671875 0.6435546875 0.02734375 0.0546875
4 0.61083984375 0.63134765625 0.0478515625 0.0849609375
4 0.58251953125 0.56103515625 0.0302734375 0.0400390625
4 0.4501953125 0.5234375 0.02734375 0.052734375
4 0.38037109375 0.52734375 0.0283203125 0.05078125
4 0.3076171875 0.5234375 0.029296875 0.048828125
4 0.224609375 0.4931640625 0.02734375 0.046875
4 0.169921875 0.45166015625 0.033203125 0.0537109375
4 0.1201171875 0.4140625 0.03125 0.052734375
4 0.0751953125 0.4072265625 0.0390625 0.0703125
4 0.044921875 0.390625 0.03515625 0.0546875
