0 0.96923828125 0.14013671875 0.0517578125 0.0302734375
5 0.94677734375 0.62939453125 0.1044921875 0.2958984375
5 0.880859375 0.58984375 0.13671875 0.259765625
5 0.8203125 0.5771484375 0.10546875 0.251953125
5 0.701171875 0.53076171875 0.1640625 0.2724609375
5 0.591796875 0.4853515625 0.130859375 0.220703125
5 0.53369140625 0.45849609375 0.1240234375 0.2333984375
5 0.4619140625 0.43115234375 0.095703125 0.1982421875
5 0.39990234375 0.40966796875 0.1220703125 0.2197265625
5 0.32666015625 0.39208984375 0.1162109375 0.2451171875
5 0.2529296875 0.3701171875 0.115234375 0.236328125
5 0.18896484375 0.341796875 0.1279296875 0.232421875
5 0.1181640625 0.318359375 0.126953125 0.232421875
5 0.05126953125 0.27978515625 0.1005859375 0.2099609375
0 0.9140625 0.12353515625 0.05078125 0.0341796875
0 0.5 0.00634765625 0.0390625 0.0107421875
0 0.546875 0.013671875 0.041015625 0.025390625
0 0.72265625 0.06591796875 0.0390625 0.0263671875
0 0.66455078125 0.04931640625 0.0400390625 0.0263671875
4 0.88037109375 0.69384765625 0.0322265625 0.0537109375
4 0.89892578125 0.62744140625 0.0380859375 0.0654296875
4 0.80078125 0.67529296875 0.03125 0.0537109375
4 0.84326171875 0.67041015625 0.0849609375 0.1669921875
4 0.671875 0.5712890625 0.02734375 0.0546875
4 0.61083984375 0.55908203125 0.0478515625 0.0849609375
4 0.58251953125 0.48876953125 0.0302734375 0.0400390625
4 0.4501953125 0.451171875 0.02734375 0.052734375
4 0.38037109375 0.455078125 0.0283203125 0.05078125
4 0.3076171875 0.451171875 0.029296875 0.048828125
4 0.224609375 0.4208984375 0.02734375 0.046875
4 0.169921875 0.37939453125 0.033203125 0.0537109375
4 0.1201171875 0.341796875 0.03125 0.052734375
4 0.0751953125 0.3349609375 0.0390625 0.0703125
4 0.044921875 0.318359375 0.03515625 0.0546875
