4 0.80224609375 0.048828125 0.0361328125 0.046875
4 0.83447265625 0.025390625 0.0341796875 0.044921875
4 0.8759765625 0.04736328125 0.083984375 0.0927734375
4 0.9755859375 0.107421875 0.048828125 0.107421875
5 0.63720703125 0.02587890625 0.0751953125 0.0498046875
5 0.7490234375 0.0634765625 0.150390625 0.125
5 0.83447265625 0.076171875 0.1044921875 0.150390625
5 0.892578125 0.10400390625 0.1171875 0.1630859375
5 0.9453125 0.146484375 0.109375 0.1875
0 0.0908203125 0.34423828125 0.03515625 0.0478515625
0 0.68017578125 0.32958984375 0.0498046875 0.0400390625
0 0.84619140625 0.61083984375 0.0419921875 0.0302734375
0 0.0693359375 0.1376953125 0.025390625 0.03515625
0 0.15185546875 0.3876953125 0.0302734375 0.0390625
0 0.2001953125 0.49267578125 0.02734375 0.0361328125
0 0.23828125 0.5732421875 0.029296875 0.0390625
0 0.25537109375 0.6142578125 0.0263671875 0.03515625
0 0.2470703125 0.83056640625 0.037109375 0.0263671875
0 0.48388671875 0.7412109375 0.0380859375 0.03515625
0 0.75634765625 0.611328125 0.0400390625 0.033203125
0 0.6767578125 0.65234375 0.0546875 0.041015625
0 0.646484375 0.3603515625 0.0390625 0.03125
0 0.5576171875 0.30859375 0.044921875 0.0390625
0 0.892578125 0.46923828125 0.037109375 0.0322265625
0 0.84033203125 0.4375 0.0380859375 0.03515625
0 0.71142578125 0.47412109375 0.0322265625 0.0380859375
0 0.72412109375 0.5517578125 0.0380859375 0.03125
0 0.0556640625 0.017578125 0.021484375 0.033203125
0 0.14013671875 0.01708984375 0.0439453125 0.0322265625
0 0.1005859375 0.099609375 0.04296875 0.04296875
0 0.06201171875 0.17724609375 0.0166015625 0.0361328125
0 0.32568359375 0.123046875 0.0361328125 0.03125
0 0.42138671875 0.1796875 0.0361328125 0.03125
0 0.38134765625 0.20263671875 0.0419921875 0.0361328125
0 0.10498046875 0.38330078125 0.0283203125 0.0400390625
0 0.3701171875 0.81005859375 0.0390625 0.0263671875
0 0.314453125 0.85791015625 0.046875 0.0361328125
0 0.49951171875 0.80615234375 0.0400390625 0.0302734375
0 0.52490234375 0.72216796875 0.0400390625 0.0322265625
0 0.484375 0.66943359375 0.037109375 0.0302734375
0 0.52490234375 0.64794921875 0.0380859375 0.0302734375
0 0.56298828125 0.63037109375 0.0380859375 0.0283203125
0 0.619140625 0.60400390625 0.046875 0.0361328125
