1 0.9365234375 0.80859375 0.09765625 0.15234375
1 0.6630859375 0.74609375 0.076171875 0.05859375
1 0.55078125 0.376953125 0.14453125 0.103515625
1 0.56494140625 0.45166015625 0.1435546875 0.1064453125
1 0.5771484375 0.49267578125 0.146484375 0.1123046875
1 0.60595703125 0.57666015625 0.1455078125 0.1123046875
1 0.62841796875 0.6591796875 0.1455078125 0.109375
1 0.62548828125 0.68603515625 0.1455078125 0.1083984375
1 0.63330078125 0.759765625 0.1513671875 0.11328125
1 0.5244140625 0.29248046875 0.142578125 0.1044921875
1 0.6748046875 0.91748046875 0.1484375 0.1103515625
1 0.2197265625 0.9072265625 0.16015625 0.06640625
1 0.5302734375 0.90478515625 0.146484375 0.1005859375
1 0.53369140625 0.87109375 0.1455078125 0.1015625
1 0.470703125 0.6328125 0.146484375 0.107421875
1 0.16064453125 0.64892578125 0.1611328125 0.0537109375
1 0.55029296875 0.3427734375 0.1455078125 0.10546875
1 0.51123046875 0.248046875 0.1435546875 0.107421875
1 0.17626953125 0.72802734375 0.1611328125 0.0634765625
1 0.50537109375 0.02294921875 0.0791015625 0.0439453125
1 0.513671875 0.21826171875 0.142578125 0.1064453125
1 0.47802734375 0.0400390625 0.1279296875 0.078125
1 0.47998046875 0.0634765625 0.1376953125 0.1015625
1 0.48388671875 0.1005859375 0.1376953125 0.1015625
1 0.50439453125 0.1484375 0.1435546875 0.10546875
1 0.501953125 0.177734375 0.146484375 0.107421875
1 0.16845703125 0.6748046875 0.1630859375 0.05859375
1 0.4521484375 0.5234375 0.15234375 0.111328125
1 0.72265625 0.50927734375 0.052734375 0.1630859375
1 0.80859375 0.27001953125 0.09765625 0.1474609375
1 0.7509765625 0.05126953125 0.07421875 0.1005859375
1 0.7626953125 0.08203125 0.095703125 0.1484375
1 0.77880859375 0.109375 0.0986328125 0.1484375
1 0.77783203125 0.16259765625 0.0966796875 0.1513671875
1 0.78857421875 0.19482421875 0.0986328125 0.1513671875
1 0.80322265625 0.2294921875 0.0966796875 0.150390625
1 0.81396484375 0.322265625 0.1005859375 0.150390625
1 0.705078125 0.02490234375 0.044921875 0.0478515625
1 0.830078125 0.345703125 0.095703125 0.14453125
1 0.8359375 0.3857421875 0.099609375 0.150390625
1 0.8515625 0.41552734375 0.08984375 0.1298828125
1 0.85498046875 0.46923828125 0.1025390625 0.1513671875
1 0.87939453125 0.53369140625 0.0947265625 0.1455078125
1 0.8994140625 0.71240234375 0.099609375 0.1435546875
1 0.73486328125 0.02587890625 0.0458984375 0.0498046875
1 0.41943359375 0.43310546875 0.1474609375 0.1103515625
1 0.39697265625 0.3515625 0.1435546875 0.107421875
1 0.37060546875 0.23876953125 0.1455078125 0.1064453125
1 0.34521484375 0.1865234375 0.0830078125 0.0625
1 0.3798828125 0.177734375 0.111328125 0.083984375
1 0.361328125 0.1328125 0.12109375 0.087890625
1 0.361328125 0.009765625 0.0390625 0.017578125
