5 0.23046875 0.5947265625 0.140625 0.185546875
5 0.9169921875 0.95458984375 0.107421875 0.0888671875
5 0.8310546875 0.9296875 0.146484375 0.13671875
5 0.7451171875 0.9052734375 0.142578125 0.18359375
5 0.6513671875 0.8466796875 0.173828125 0.201171875
5 0.5546875 0.79248046875 0.14453125 0.1865234375
5 0.4892578125 0.75146484375 0.142578125 0.1787109375
5 0.43408203125 0.716796875 0.1240234375 0.16796875
5 0.375 0.677734375 0.1328125 0.171875
5 0.310546875 0.64697265625 0.12890625 0.1708984375
5 0.150390625 0.544921875 0.16015625 0.19140625
5 0.07177734375 0.48681640625 0.1416015625 0.1962890625
0 0.07666015625 0.94580078125 0.0400390625 0.0361328125
4 0.4326171875 0.70703125 0.03515625 0.04296875
4 0.8330078125 0.95654296875 0.041015625 0.0498046875
4 0.69091796875 0.8369140625 0.0556640625 0.072265625
4 0.49365234375 0.708984375 0.0751953125 0.1015625
4 0.4599609375 0.7119140625 0.037109375 0.048828125
4 0.38916015625 0.62841796875 0.0419921875 0.0556640625
4 0.32421875 0.60986328125 0.0390625 0.0458984375
4 0.2490234375 0.583984375 0.04296875 0.0546875
4 0.19091796875 0.5439453125 0.0400390625 0.05078125
4 0.0595703125 0.41552734375 0.037109375 0.0439453125
