1 0.55078125 0.79296875 0.14453125 0.103515625
1 0.56494140625 0.86767578125 0.1435546875 0.1064453125
1 0.5771484375 0.90869140625 0.146484375 0.1123046875
1 0.583984375 0.96826171875 0.1015625 0.0634765625
1 0.5244140625 0.70849609375 0.142578125 0.1044921875
1 0.55029296875 0.7587890625 0.1455078125 0.10546875
1 0.51123046875 0.6640625 0.1435546875 0.107421875
1 0.43603515625 0.28662109375 0.1337890625 0.1025390625
1 0.4150390625 0.17138671875 0.146484375 0.1083984375
1 0.40966796875 0.19970703125 0.1455078125 0.1044921875
1 0.4345703125 0.2529296875 0.14453125 0.103515625
1 0.66796875 0.1142578125 0.09765625 0.146484375
1 0.4697265625 0.40576171875 0.150390625 0.1103515625
1 0.39404296875 0.12548828125 0.1455078125 0.1025390625
1 0.44384765625 0.326171875 0.1474609375 0.109375
1 0.513671875 0.63427734375 0.142578125 0.1064453125
1 0.4453125 0.3583984375 0.14453125 0.10546875
1 0.46875 0.44140625 0.146484375 0.107421875
1 0.47998046875 0.4794921875 0.1376953125 0.1015625
1 0.48388671875 0.5166015625 0.1376953125 0.1015625
1 0.50439453125 0.564453125 0.1435546875 0.10546875
1 0.501953125 0.59375 0.146484375 0.107421875
1 0.4521484375 0.939453125 0.15234375 0.111328125
1 0.72216796875 0.921875 0.0517578125 0.15625
1 0.80859375 0.68603515625 0.09765625 0.1474609375
1 0.76318359375 0.44140625 0.0986328125 0.15234375
1 0.7626953125 0.498046875 0.095703125 0.1484375
1 0.77880859375 0.525390625 0.0986328125 0.1484375
1 0.77783203125 0.57861328125 0.0966796875 0.1513671875
1 0.78857421875 0.61083984375 0.0986328125 0.1513671875
1 0.80322265625 0.6455078125 0.0966796875 0.150390625
1 0.81396484375 0.73828125 0.1005859375 0.150390625
1 0.732421875 0.39111328125 0.099609375 0.1474609375
1 0.830078125 0.76171875 0.095703125 0.14453125
1 0.8359375 0.8017578125 0.099609375 0.150390625
1 0.8515625 0.83154296875 0.08984375 0.1298828125
1 0.85498046875 0.88525390625 0.1025390625 0.1513671875
1 0.88232421875 0.9384765625 0.0888671875 0.123046875
1 0.76171875 0.392578125 0.099609375 0.1484375
1 0.74169921875 0.31591796875 0.0830078125 0.1279296875
1 0.41943359375 0.84912109375 0.1474609375 0.1103515625
1 0.2978515625 0.3388671875 0.142578125 0.10546875
1 0.39697265625 0.767578125 0.1435546875 0.107421875
1 0.37060546875 0.65478515625 0.1455078125 0.1064453125
1 0.34521484375 0.6025390625 0.0830078125 0.0625
1 0.3798828125 0.59375 0.111328125 0.083984375
1 0.361328125 0.548828125 0.12109375 0.087890625
1 0.30712890625 0.380859375 0.1474609375 0.107421875
1 0.2529296875 0.21435546875 0.146484375 0.1064453125
1 0.72900390625 0.28662109375 0.0986328125 0.1513671875
1 0.25 0.14208984375 0.150390625 0.1083984375
1 0.2431640625 0.10595703125 0.1484375 0.1044921875
1 0.69970703125 0.1142578125 0.1005859375 0.154296875
1 0.6982421875 0.1748046875 0.1015625 0.154296875
1 0.7119140625 0.2021484375 0.09375 0.15234375
1 0.72509765625 0.2373046875 0.0947265625 0.15234375
1 0.375 0.080078125 0.146484375 0.107421875
