1 0.4375 0.79296875 0.14453125 0.103515625
1 0.45166015625 0.86767578125 0.1435546875 0.1064453125
1 0.4638671875 0.90869140625 0.146484375 0.1123046875
1 0.470703125 0.96826171875 0.1015625 0.0634765625
1 0.4111328125 0.70849609375 0.142578125 0.1044921875
1 0.43701171875 0.7587890625 0.1455078125 0.10546875
1 0.39794921875 0.6640625 0.1435546875 0.107421875
1 0.32275390625 0.28662109375 0.1337890625 0.1025390625
1 0.3017578125 0.17138671875 0.146484375 0.1083984375
1 0.29638671875 0.19970703125 0.1455078125 0.1044921875
1 0.3212890625 0.2529296875 0.14453125 0.103515625
1 0.5546875 0.1142578125 0.09765625 0.146484375
1 0.3564453125 0.40576171875 0.150390625 0.1103515625
1 0.28076171875 0.12548828125 0.1455078125 0.1025390625
1 0.33056640625 0.326171875 0.1474609375 0.109375
1 0.400390625 0.63427734375 0.142578125 0.1064453125
1 0.33203125 0.3583984375 0.14453125 0.10546875
1 0.35546875 0.44140625 0.146484375 0.107421875
1 0.36669921875 0.4794921875 0.1376953125 0.1015625
1 0.37060546875 0.5166015625 0.1376953125 0.1015625
1 0.39111328125 0.564453125 0.1435546875 0.10546875
1 0.388671875 0.59375 0.146484375 0.107421875
1 0.3388671875 0.939453125 0.15234375 0.111328125
1 0.60888671875 0.921875 0.0517578125 0.15625
1 0.6953125 0.68603515625 0.09765625 0.1474609375
1 0.64990234375 0.44140625 0.0986328125 0.15234375
1 0.6494140625 0.498046875 0.095703125 0.1484375
1 0.66552734375 0.525390625 0.0986328125 0.1484375
1 0.66455078125 0.57861328125 0.0966796875 0.1513671875
1 0.67529296875 0.61083984375 0.0986328125 0.1513671875
1 0.68994140625 0.6455078125 0.0966796875 0.150390625
1 0.70068359375 0.73828125 0.1005859375 0.150390625
1 0.619140625 0.39111328125 0.099609375 0.1474609375
1 0.716796875 0.76171875 0.095703125 0.14453125
1 0.72265625 0.8017578125 0.099609375 0.150390625
1 0.73828125 0.83154296875 0.08984375 0.1298828125
1 0.74169921875 0.88525390625 0.1025390625 0.1513671875
1 0.76904296875 0.9384765625 0.0888671875 0.123046875
1 0.6484375 0.392578125 0.099609375 0.1484375
1 0.62841796875 0.31591796875 0.0830078125 0.1279296875
1 0.30615234375 0.84912109375 0.1474609375 0.1103515625
1 0.1845703125 0.3388671875 0.142578125 0.10546875
1 0.28369140625 0.767578125 0.1435546875 0.107421875
1 0.25732421875 0.65478515625 0.1455078125 0.1064453125
1 0.23193359375 0.6025390625 0.0830078125 0.0625
1 0.2666015625 0.59375 0.111328125 0.083984375
1 0.248046875 0.548828125 0.12109375 0.087890625
1 0.19384765625 0.380859375 0.1474609375 0.107421875
1 0.1396484375 0.21435546875 0.146484375 0.1064453125
1 0.61572265625 0.28662109375 0.0986328125 0.1513671875
1 0.13671875 0.14208984375 0.150390625 0.1083984375
1 0.1298828125 0.10595703125 0.1484375 0.1044921875
1 0.58642578125 0.1142578125 0.1005859375 0.154296875
1 0.5849609375 0.1748046875 0.1015625 0.154296875
1 0.5986328125 0.2021484375 0.09375 0.15234375
1 0.61181640625 0.2373046875 0.0947265625 0.15234375
1 0.26171875 0.080078125 0.146484375 0.107421875
