4 0.02978515625 0.365234375 0.0341796875 0.044921875
4 0.07373046875 0.375 0.0888671875 0.1171875
4 0.1865234375 0.44677734375 0.080078125 0.1083984375
4 0.2353515625 0.44970703125 0.037109375 0.0517578125
4 0.3828125 0.5712890625 0.08203125 0.107421875
4 0.41796875 0.57373046875 0.029296875 0.0361328125
4 0.45361328125 0.63232421875 0.0341796875 0.0439453125
4 0.48876953125 0.64208984375 0.0751953125 0.0966796875
4 0.685546875 0.732421875 0.0390625 0.046875
4 0.7138671875 0.744140625 0.044921875 0.0625
5 0.2412109375 0.57421875 0.119140625 0.166015625
5 0.044921875 0.40869140625 0.087890625 0.1591796875
5 0.087890625 0.44384765625 0.1171875 0.1630859375
5 0.162109375 0.4833984375 0.15234375 0.193359375
5 0.36376953125 0.59619140625 0.1337890625 0.1669921875
5 0.94873046875 0.939453125 0.1025390625 0.12109375
5 0.4306640625 0.64208984375 0.123046875 0.1689453125
5 0.482421875 0.673828125 0.119140625 0.169921875
5 0.5400390625 0.7158203125 0.123046875 0.173828125
5 0.5986328125 0.748046875 0.12890625 0.1796875
5 0.66796875 0.796875 0.126953125 0.169921875
5 0.71875 0.82080078125 0.1328125 0.1787109375
5 0.77587890625 0.8564453125 0.1279296875 0.17578125
5 0.833984375 0.896484375 0.134765625 0.1796875
5 0.89892578125 0.919921875 0.1123046875 0.16015625
4 0.7646484375 0.77880859375 0.03515625 0.0458984375
4 0.966796875 0.92822265625 0.06640625 0.1005859375
0 0.04150390625 0.95068359375 0.0419921875 0.0302734375
0 0.087890625 0.80908203125 0.037109375 0.0322265625
0 0.03564453125 0.77734375 0.0380859375 0.03515625
