0 0.146484375 0.45654296875 0.029296875 0.0380859375
5 0.845703125 0.67236328125 0.111328125 0.1455078125
5 0.74169921875 0.63037109375 0.1103515625 0.1416015625
5 0.65966796875 0.59423828125 0.1181640625 0.1396484375
5 0.57568359375 0.56005859375 0.1044921875 0.1337890625
5 0.46826171875 0.51806640625 0.1220703125 0.1494140625
4 0.162109375 0.150390625 0.05859375 0.109375
4 0.03955078125 0.10546875 0.0791015625 0.07421875
4 0.251953125 0.1796875 0.04296875 0.0703125
4 0.41259765625 0.224609375 0.1435546875 0.09375
4 0.74072265625 0.6279296875 0.0400390625 0.056640625
4 0.80029296875 0.65966796875 0.0400390625 0.0556640625
4 0.93798828125 0.6845703125 0.0732421875 0.123046875
4 0.9072265625 0.66796875 0.029296875 0.04296875
5 0.92626953125 0.70654296875 0.1064453125 0.1376953125
5 0.0595703125 0.11083984375 0.11328125 0.1552734375
5 0.3740234375 0.2666015625 0.119140625 0.099609375
5 0.28662109375 0.2099609375 0.1005859375 0.119140625
5 0.64453125 0.025390625 0.125 0.048828125
0 0.08203125 0.439453125 0.033203125 0.04296875
0 0.67578125 0.9619140625 0.02734375 0.04296875
0 0.6552734375 0.958984375 0.025390625 0.041015625
0 0.2724609375 0.869140625 0.033203125 0.046875
0 0.23291015625 0.83642578125 0.0361328125 0.0439453125
0 0.3388671875 0.7900390625 0.03515625 0.04296875
0 0.14453125 0.57470703125 0.044921875 0.0419921875
0 0.06787109375 0.53564453125 0.0361328125 0.0361328125
0 0.6953125 0.97021484375 0.029296875 0.0419921875
0 0.1298828125 0.76220703125 0.03515625 0.0380859375
0 0.12451171875 0.4560546875 0.0302734375 0.041015625
0 0.10302734375 0.44873046875 0.0263671875 0.0341796875
0 0.0888671875 0.54541015625 0.04296875 0.0400390625
0 0.0234375 0.521484375 0.044921875 0.044921875
0 0.0458984375 0.71044921875 0.037109375 0.0419921875
