4 0.36572265625 0.015625 0.0537109375 0.029296875
4 0.3056640625 0.07177734375 0.21484375 0.1416015625
4 0.5615234375 0.1591796875 0.05078125 0.0625
5 0.923828125 0.375 0.15234375 0.2109375
5 0.77392578125 0.25439453125 0.2763671875 0.2939453125
5 0.64404296875 0.16064453125 0.1708984375 0.2080078125
5 0.5556640625 0.09619140625 0.189453125 0.1904296875
4 0.5263671875 0.10009765625 0.138671875 0.1767578125
4 0.63330078125 0.18212890625 0.1181640625 0.1494140625
4 0.69775390625 0.15771484375 0.0380859375 0.0419921875
4 0.98583984375 0.4189453125 0.0283203125 0.052734375
4 0.9423828125 0.38623046875 0.115234375 0.1552734375
4 0.720703125 0.25927734375 0.107421875 0.1279296875
