5 0.54736328125 0.650390625 0.2041015625 0.248046875
5 0.98388671875 0.875 0.0322265625 0.1640625
5 0.8388671875 0.83154296875 0.1484375 0.2119140625
5 0.634765625 0.716796875 0.212890625 0.2578125
5 0.4404296875 0.572265625 0.1875 0.240234375
5 0.3310546875 0.50537109375 0.181640625 0.2314453125
5 0.2578125 0.45263671875 0.189453125 0.2197265625
5 0.15087890625 0.36962890625 0.2158203125 0.2216796875
4 0.95068359375 0.88916015625 0.0439453125 0.1416015625
0 0.89501953125 0.20947265625 0.0380859375 0.0361328125
4 0.83251953125 0.890625 0.0302734375 0.052734375
4 0.3427734375 0.55224609375 0.04296875 0.0517578125
4 0.28857421875 0.544921875 0.0439453125 0.052734375
4 0.23583984375 0.4970703125 0.0400390625 0.048828125
4 0.20654296875 0.48876953125 0.0439453125 0.0537109375
4 0.19140625 0.4169921875 0.048828125 0.056640625
4 0.138671875 0.38623046875 0.1171875 0.1552734375
