4 0.5859375 0.61865234375 0.025390625 0.0087890625
4 0.62939453125 0.6162109375 0.0283203125 0.009765625
4 0.62841796875 0.60009765625 0.0244140625 0.0107421875
4 0.62548828125 0.58447265625 0.0224609375 0.0107421875
4 0.62255859375 0.56689453125 0.0224609375 0.0087890625
4 0.62158203125 0.548828125 0.0322265625 0.01171875
4 0.62353515625 0.52978515625 0.0302734375 0.0126953125
4 0.62353515625 0.51318359375 0.0361328125 0.0146484375
4 0.6171875 0.49560546875 0.03515625 0.0166015625
4 0.61474609375 0.4794921875 0.0283203125 0.013671875
4 0.6162109375 0.458984375 0.03125 0.01171875
4 0.6162109375 0.44189453125 0.033203125 0.0126953125
4 0.61767578125 0.42529296875 0.0361328125 0.0126953125
4 0.61865234375 0.408203125 0.0302734375 0.013671875
4 0.611328125 0.3896484375 0.037109375 0.013671875
4 0.60791015625 0.37158203125 0.0361328125 0.0146484375
4 0.6064453125 0.353515625 0.037109375 0.017578125
4 0.607421875 0.33203125 0.037109375 0.013671875
4 0.60498046875 0.3134765625 0.0439453125 0.017578125
4 0.60693359375 0.2919921875 0.0400390625 0.015625
4 0.64501953125 0.265625 0.0478515625 0.025390625
4 0.48876953125 0.41357421875 0.0263671875 0.0107421875
4 0.14453125 0.57275390625 0.037109375 0.0146484375
4 0.150390625 0.60595703125 0.02734375 0.0126953125
4 0.21484375 0.5048828125 0.0234375 0.01171875
4 0.259765625 0.5380859375 0.033203125 0.017578125
4 0.25634765625 0.51806640625 0.0205078125 0.0107421875
4 0.25732421875 0.50341796875 0.0302734375 0.0126953125
4 0.25927734375 0.48486328125 0.0341796875 0.0146484375
4 0.25341796875 0.4677734375 0.0263671875 0.01171875
4 0.24853515625 0.44677734375 0.0380859375 0.0126953125
4 0.21044921875 0.451171875 0.0380859375 0.013671875
4 0.208984375 0.47265625 0.029296875 0.013671875
4 0.2158203125 0.48486328125 0.02734375 0.0107421875
4 0.2265625 0.6474609375 0.025390625 0.01171875
4 0.15380859375 0.62158203125 0.0224609375 0.0107421875
4 0.22509765625 0.6337890625 0.0263671875 0.009765625
4 0.22607421875 0.6201171875 0.0205078125 0.009765625
4 0.22509765625 0.6025390625 0.0263671875 0.01171875
4 0.21875 0.58544921875 0.029296875 0.0126953125
4 0.220703125 0.57080078125 0.025390625 0.0107421875
4 0.21875 0.55419921875 0.033203125 0.0146484375
4 0.21923828125 0.53564453125 0.0263671875 0.0107421875
4 0.15869140625 0.65380859375 0.0302734375 0.0107421875
4 0.1552734375 0.63916015625 0.025390625 0.0107421875
4 0.60595703125 0.2490234375 0.0537109375 0.01953125
4 0.60107421875 0.22802734375 0.0419921875 0.0185546875
4 0.564453125 0.205078125 0.07421875 0.01953125
4 0.75732421875 0.40478515625 0.0263671875 0.0146484375
4 0.7265625 0.5673828125 0.0390625 0.021484375
4 0.7294921875 0.5498046875 0.046875 0.021484375
4 0.7314453125 0.52978515625 0.04296875 0.0205078125
4 0.69970703125 0.51513671875 0.0166015625 0.0283203125
4 0.736328125 0.51171875 0.04296875 0.0234375
4 0.73828125 0.49462890625 0.0390625 0.0185546875
4 0.7451171875 0.4560546875 0.04296875 0.021484375
4 0.7509765625 0.4384765625 0.04296875 0.0234375
4 0.7509765625 0.4189453125 0.0390625 0.01953125
4 0.75634765625 0.3837890625 0.0361328125 0.01953125
4 0.72119140625 0.60498046875 0.0283203125 0.0146484375
4 0.7626953125 0.3642578125 0.0390625 0.021484375
4 0.76953125 0.328125 0.04296875 0.0234375
4 0.76953125 0.30908203125 0.0390625 0.0205078125
4 0.77880859375 0.27294921875 0.0419921875 0.0224609375
4 0.78125 0.25439453125 0.0390625 0.0205078125
4 0.787109375 0.2353515625 0.041015625 0.021484375
4 0.7900390625 0.216796875 0.0390625 0.021484375
4 0.73583984375 0.197265625 0.0458984375 0.025390625
4 0.72705078125 0.2197265625 0.0576171875 0.029296875
4 0.72021484375 0.5859375 0.0400390625 0.021484375
4 0.71630859375 0.62109375 0.0263671875 0.015625
4 0.5537109375 0.23046875 0.03125 0.01171875
4 0.5693359375 0.43115234375 0.033203125 0.0126953125
4 0.55517578125 0.244140625 0.0224609375 0.013671875
4 0.55615234375 0.2607421875 0.0341796875 0.013671875
4 0.58251953125 0.59765625 0.0302734375 0.01171875
4 0.58251953125 0.58349609375 0.0244140625 0.0146484375
4 0.58056640625 0.56689453125 0.0224609375 0.0087890625
4 0.5771484375 0.54931640625 0.03125 0.0107421875
4 0.57861328125 0.5322265625 0.0322265625 0.013671875
4 0.576171875 0.51513671875 0.03125 0.0126953125
4 0.57421875 0.49609375 0.02734375 0.013671875
4 0.56787109375 0.412109375 0.0244140625 0.01171875
4 0.6845703125 0.60791015625 0.013671875 0.0244140625
4 0.5673828125 0.39599609375 0.02734375 0.0146484375
4 0.56640625 0.37890625 0.033203125 0.013671875
4 0.5625 0.36376953125 0.03515625 0.0126953125
4 0.56201171875 0.3291015625 0.0302734375 0.01171875
4 0.55859375 0.3125 0.03125 0.013671875
4 0.55810546875 0.29248046875 0.0263671875 0.0107421875
4 0.5556640625 0.27783203125 0.037109375 0.0146484375
9 0.54443359375 0.6943359375 0.0380859375 0.021484375
4 0.69482421875 0.546875 0.0146484375 0.02734375
4 0.26123046875 0.55615234375 0.0361328125 0.0126953125
4 0.263671875 0.57421875 0.025390625 0.01171875
4 0.263671875 0.58837890625 0.02734375 0.0126953125
4 0.46240234375 0.5615234375 0.0263671875 0.009765625
4 0.49853515625 0.53515625 0.0263671875 0.01171875
4 0.5009765625 0.5478515625 0.025390625 0.01171875
4 0.50341796875 0.5654296875 0.0244140625 0.009765625
4 0.5029296875 0.603515625 0.02734375 0.013671875
4 0.50927734375 0.6259765625 0.0244140625 0.009765625
4 0.38818359375 0.6171875 0.0341796875 0.013671875
4 0.46337890625 0.59619140625 0.0283203125 0.0146484375
4 0.46484375 0.62646484375 0.025390625 0.0087890625
4 0.462890625 0.61181640625 0.02734375 0.0126953125
4 0.4599609375 0.54638671875 0.03125 0.0126953125
4 0.4970703125 0.4990234375 0.02734375 0.013671875
4 0.458984375 0.5283203125 0.033203125 0.013671875
4 0.45458984375 0.49365234375 0.0322265625 0.0126953125
4 0.451171875 0.47802734375 0.033203125 0.0146484375
4 0.44775390625 0.4267578125 0.0283203125 0.01171875
4 0.4462890625 0.4111328125 0.037109375 0.013671875
4 0.44482421875 0.3935546875 0.0361328125 0.013671875
4 0.44140625 0.37548828125 0.03125 0.0126953125
4 0.44580078125 0.3603515625 0.0283203125 0.01171875
4 0.443359375 0.34326171875 0.025390625 0.0126953125
4 0.5009765625 0.51513671875 0.03125 0.0146484375
4 0.49560546875 0.4794921875 0.0322265625 0.013671875
4 0.43896484375 0.3271484375 0.0263671875 0.01171875
5 0.72705078125 0.41162109375 0.1591796875 0.4482421875
5 0.2421875 0.556640625 0.0859375 0.2109375
5 0.35009765625 0.43798828125 0.1064453125 0.4150390625
5 0.47216796875 0.42724609375 0.1083984375 0.4130859375
5 0.59130859375 0.4111328125 0.1103515625 0.40625
5 0.86572265625 0.423828125 0.1689453125 0.453125
4 0.45068359375 0.21533203125 0.0673828125 0.0224609375
4 0.49658203125 0.4619140625 0.0263671875 0.01171875
4 0.43310546875 0.24072265625 0.0341796875 0.0146484375
4 0.4765625 0.236328125 0.03515625 0.013671875
4 0.47607421875 0.2578125 0.0224609375 0.01171875
4 0.478515625 0.27099609375 0.025390625 0.0107421875
4 0.478515625 0.29248046875 0.033203125 0.0126953125
4 0.490234375 0.3623046875 0.033203125 0.013671875
4 0.48681640625 0.37646484375 0.0263671875 0.0107421875
4 0.4892578125 0.39697265625 0.0234375 0.0107421875
4 0.4931640625 0.44384765625 0.025390625 0.0107421875
4 0.48193359375 0.30908203125 0.0302734375 0.0126953125
4 0.439453125 0.3095703125 0.029296875 0.013671875
4 0.267578125 0.6083984375 0.03515625 0.01171875
4 0.34375 0.59228515625 0.0234375 0.0087890625
4 0.337890625 0.50390625 0.02734375 0.013671875
4 0.384765625 0.60107421875 0.025390625 0.0087890625
4 0.3857421875 0.5849609375 0.021484375 0.009765625
4 0.38232421875 0.5673828125 0.0244140625 0.009765625
4 0.380859375 0.55078125 0.0234375 0.009765625
4 0.37890625 0.53076171875 0.03125 0.0146484375
4 0.34521484375 0.63720703125 0.0263671875 0.0107421875
4 0.34423828125 0.62109375 0.0263671875 0.01171875
4 0.34326171875 0.607421875 0.0341796875 0.01171875
4 0.33935546875 0.57421875 0.0205078125 0.009765625
4 0.3779296875 0.49658203125 0.025390625 0.0107421875
4 0.34130859375 0.55517578125 0.0283203125 0.0126953125
4 0.337890625 0.521484375 0.03125 0.013671875
4 0.33544921875 0.4892578125 0.0283203125 0.013671875
4 0.373046875 0.4619140625 0.021484375 0.009765625
4 0.3671875 0.36767578125 0.029296875 0.0126953125
4 0.3212890625 0.2255859375 0.060546875 0.01953125
4 0.36181640625 0.22802734375 0.0185546875 0.0087890625
4 0.27001953125 0.64501953125 0.0244140625 0.0087890625
4 0.265625 0.62548828125 0.033203125 0.0146484375
4 0.376953125 0.51318359375 0.033203125 0.0146484375
4 0.333984375 0.4697265625 0.03515625 0.013671875
4 0.43505859375 0.27294921875 0.0322265625 0.0126953125
4 0.31982421875 0.3359375 0.0341796875 0.013671875
4 0.43359375 0.25732421875 0.03125 0.0126953125
4 0.314453125 0.24951171875 0.033203125 0.0107421875
4 0.3564453125 0.24658203125 0.029296875 0.0126953125
4 0.35791015625 0.26416015625 0.0341796875 0.0126953125
4 0.3583984375 0.28076171875 0.033203125 0.0126953125
4 0.359375 0.30029296875 0.02734375 0.0107421875
4 0.31884765625 0.28369140625 0.0322265625 0.0126953125
4 0.3212890625 0.30029296875 0.03125 0.0126953125
4 0.3193359375 0.31884765625 0.03515625 0.0146484375
4 0.36376953125 0.3515625 0.0283203125 0.01171875
4 0.376953125 0.47802734375 0.03515625 0.0126953125
4 0.32275390625 0.37060546875 0.0341796875 0.0126953125
4 0.369140625 0.38623046875 0.03515625 0.0126953125
4 0.32470703125 0.38623046875 0.0302734375 0.0146484375
4 0.326171875 0.40380859375 0.03515625 0.0146484375
4 0.32275390625 0.4208984375 0.0361328125 0.013671875
4 0.37109375 0.423828125 0.02734375 0.013671875
4 0.3740234375 0.44091796875 0.0390625 0.0146484375
4 0.32861328125 0.4345703125 0.0263671875 0.01171875
4 0.33154296875 0.4541015625 0.0302734375 0.013671875
4 0.72119140625 0.2421875 0.0576171875 0.029296875
4 0.7236328125 0.26416015625 0.048828125 0.0283203125
4 0.7255859375 0.28564453125 0.0390625 0.0205078125
4 0.7216796875 0.30712890625 0.04296875 0.0263671875
4 0.81396484375 0.5830078125 0.0400390625 0.021484375
4 0.9248046875 0.248046875 0.048828125 0.025390625
4 0.92626953125 0.2255859375 0.0400390625 0.01953125
4 0.908203125 0.19580078125 0.080078125 0.0361328125
4 0.87255859375 0.2158203125 0.0458984375 0.025390625
4 0.87451171875 0.23486328125 0.0439453125 0.0244140625
4 0.87548828125 0.2548828125 0.0380859375 0.01953125
4 0.80078125 0.634765625 0.03515625 0.01953125
4 0.80810546875 0.619140625 0.0283203125 0.015625
4 0.810546875 0.6005859375 0.037109375 0.017578125
4 0.81787109375 0.56640625 0.0400390625 0.01953125
4 0.9169921875 0.2890625 0.046875 0.025390625
4 0.82080078125 0.54638671875 0.0400390625 0.0185546875
4 0.8251953125 0.529296875 0.03515625 0.015625
4 0.82666015625 0.51171875 0.0361328125 0.015625
4 0.82666015625 0.490234375 0.0419921875 0.025390625
4 0.83349609375 0.47216796875 0.0419921875 0.0205078125
4 0.83642578125 0.45556640625 0.0380859375 0.0166015625
4 0.84033203125 0.4345703125 0.0419921875 0.021484375
4 0.84326171875 0.4169921875 0.0400390625 0.021484375
4 0.84423828125 0.3798828125 0.0419921875 0.021484375
4 0.9228515625 0.2685546875 0.048828125 0.0234375
4 0.912109375 0.3095703125 0.041015625 0.021484375
4 0.85693359375 0.34228515625 0.0380859375 0.0205078125
4 0.8623046875 0.62158203125 0.046875 0.0224609375
4 0.7177734375 0.326171875 0.044921875 0.025390625
4 0.7099609375 0.345703125 0.046875 0.025390625
4 0.7109375 0.36669921875 0.044921875 0.0224609375
4 0.70947265625 0.38525390625 0.0419921875 0.0224609375
4 0.70703125 0.4033203125 0.0390625 0.021484375
4 0.69921875 0.4208984375 0.041015625 0.0234375
4 0.70263671875 0.44287109375 0.0263671875 0.0146484375
4 0.69921875 0.45849609375 0.037109375 0.0205078125
4 0.859375 0.64306640625 0.044921875 0.0205078125
4 0.8681640625 0.57958984375 0.048828125 0.0224609375
4 0.90966796875 0.33251953125 0.0400390625 0.0205078125
4 0.86865234375 0.55712890625 0.0400390625 0.0224609375
4 0.8740234375 0.5380859375 0.044921875 0.0234375
4 0.87451171875 0.5166015625 0.0419921875 0.0234375
4 0.8798828125 0.4970703125 0.044921875 0.0234375
4 0.88232421875 0.47509765625 0.0439453125 0.0224609375
4 0.89453125 0.45556640625 0.048828125 0.0244140625
4 0.8955078125 0.43408203125 0.044921875 0.0224609375
4 0.90380859375 0.39404296875 0.0478515625 0.0224609375
4 0.90966796875 0.3525390625 0.0517578125 0.02734375
4 0.85302734375 0.3623046875 0.0400390625 0.021484375
4 0.85986328125 0.32470703125 0.0400390625 0.0205078125
4 0.99462890625 0.60791015625 0.0107421875 0.0166015625
4 0.99462890625 0.6318359375 0.0107421875 0.015625
4 0.99365234375 0.65185546875 0.0126953125 0.0126953125
4 0.86328125 0.306640625 0.0390625 0.01953125
4 0.97998046875 0.51220703125 0.0400390625 0.0224609375
4 0.85986328125 0.2880859375 0.0439453125 0.0234375
4 0.99658203125 0.66650390625 0.0068359375 0.0126953125
4 0.953125 0.65966796875 0.046875 0.0244140625
4 0.95849609375 0.63818359375 0.0439453125 0.0224609375
4 0.96142578125 0.61572265625 0.0458984375 0.0244140625
4 0.96533203125 0.59326171875 0.0419921875 0.0185546875
4 0.9697265625 0.57421875 0.046875 0.025390625
4 0.97314453125 0.55224609375 0.0439453125 0.0224609375
4 0.97216796875 0.53173828125 0.0458984375 0.0244140625
4 0.98095703125 0.48876953125 0.0380859375 0.0205078125
4 0.98388671875 0.46728515625 0.0322265625 0.0166015625
4 0.98291015625 0.44921875 0.0341796875 0.021484375
4 0.98779296875 0.42822265625 0.0244140625 0.0185546875
4 0.99072265625 0.408203125 0.0185546875 0.015625
4 0.9892578125 0.38623046875 0.021484375 0.0185546875
4 0.99072265625 0.3642578125 0.0185546875 0.017578125
4 0.99365234375 0.34375 0.0126953125 0.015625
4 0.99609375 0.30029296875 0.0078125 0.0146484375
4 0.99853515625 0.2802734375 0.0029296875 0.013671875
5 0.1474609375 0.6240234375 0.046875 0.095703125
