4 0.61767578125 0.640625 0.0107421875 0.021484375
4 0.580078125 0.6376953125 0.009765625 0.025390625
4 0.56884765625 0.63916015625 0.0107421875 0.0224609375
4 0.55322265625 0.64306640625 0.0146484375 0.0263671875
4 0.41845703125 0.6416015625 0.0107421875 0.02734375
4 0.40478515625 0.63232421875 0.0107421875 0.0244140625
4 0.392578125 0.63037109375 0.009765625 0.0283203125
4 0.37890625 0.6328125 0.009765625 0.021484375
4 0.3681640625 0.63134765625 0.009765625 0.0244140625
4 0.35302734375 0.6318359375 0.0107421875 0.021484375
4 0.34375 0.62841796875 0.009765625 0.0263671875
4 0.32275390625 0.630859375 0.0087890625 0.021484375
4 0.3115234375 0.6298828125 0.01171875 0.0234375
4 0.29736328125 0.6279296875 0.0126953125 0.02734375
4 0.26123046875 0.62646484375 0.0126953125 0.0263671875
8 0.1357421875 0.2119140625 0.048828125 0.095703125
5 0.93212890625 0.6298828125 0.1357421875 0.078125
5 0.6416015625 0.62548828125 0.173828125 0.0751953125
4 0.59375 0.63916015625 0.01171875 0.0244140625
4 0.6181640625 0.66162109375 0.025390625 0.0107421875
4 0.62890625 0.64208984375 0.009765625 0.0205078125
4 0.9580078125 0.64892578125 0.013671875 0.0263671875
4 0.92529296875 0.64990234375 0.0126953125 0.0244140625
4 0.8994140625 0.64990234375 0.009765625 0.0224609375
4 0.88623046875 0.6494140625 0.0107421875 0.0234375
4 0.8759765625 0.64892578125 0.009765625 0.0224609375
4 0.86083984375 0.6533203125 0.0107421875 0.0234375
4 0.724609375 0.6484375 0.013671875 0.025390625
4 0.69921875 0.64404296875 0.009765625 0.0224609375
4 0.6748046875 0.6435546875 0.01171875 0.021484375
4 0.66064453125 0.64111328125 0.0087890625 0.0263671875
4 0.64892578125 0.64208984375 0.0107421875 0.0224609375
5 0.33544921875 0.60986328125 0.1767578125 0.0830078125
