4 0.09765625 0.70166015625 0.0390625 0.0166015625
5 0.82421875 0.71826171875 0.08203125 0.0576171875
5 0.68115234375 0.71533203125 0.0830078125 0.0751953125
5 0.4091796875 0.6953125 0.091796875 0.10546875
9 0.3837890625 0.39990234375 0.05859375 0.0341796875
5 0.263671875 0.68603515625 0.08984375 0.0966796875
5 0.1201171875 0.6728515625 0.08984375 0.10546875
4 0.09326171875 0.6826171875 0.0458984375 0.017578125
4 0.677734375 0.74853515625 0.072265625 0.0224609375
4 0.8037109375 0.69970703125 0.025390625 0.0107421875
4 0.84912109375 0.7001953125 0.0263671875 0.009765625
4 0.84814453125 0.71484375 0.0263671875 0.009765625
4 0.84619140625 0.73193359375 0.0263671875 0.0107421875
4 0.81689453125 0.75341796875 0.0693359375 0.0205078125
4 0.13134765625 0.7275390625 0.0556640625 0.01953125
4 0.8017578125 0.7138671875 0.029296875 0.01171875
4 0.7060546875 0.728515625 0.04296875 0.013671875
4 0.705078125 0.7109375 0.0390625 0.01171875
4 0.09521484375 0.66357421875 0.0439453125 0.0185546875
4 0.10107421875 0.642578125 0.0302734375 0.01171875
4 0.09716796875 0.6279296875 0.0302734375 0.013671875
4 0.146484375 0.6513671875 0.041015625 0.013671875
4 0.14306640625 0.669921875 0.0263671875 0.01171875
4 0.14697265625 0.68896484375 0.0439453125 0.0146484375
4 0.1455078125 0.70556640625 0.041015625 0.0146484375
4 0.2431640625 0.673828125 0.037109375 0.017578125
4 0.2421875 0.654296875 0.046875 0.015625
4 0.2978515625 0.65625 0.044921875 0.01953125
4 0.2958984375 0.677734375 0.0234375 0.013671875
4 0.24365234375 0.69091796875 0.0283203125 0.0126953125
4 0.24169921875 0.7080078125 0.0400390625 0.017578125
4 0.291015625 0.7099609375 0.048828125 0.017578125
4 0.2783203125 0.73388671875 0.064453125 0.0224609375
4 0.376953125 0.7373046875 0.048828125 0.017578125
4 0.3818359375 0.71435546875 0.044921875 0.0146484375
4 0.38037109375 0.69482421875 0.0244140625 0.0126953125
4 0.4384765625 0.66162109375 0.0390625 0.0185546875
4 0.4326171875 0.69921875 0.04296875 0.015625
4 0.43310546875 0.71630859375 0.0419921875 0.0166015625
4 0.4287109375 0.73681640625 0.04296875 0.0205078125
4 0.51123046875 0.69775390625 0.0224609375 0.0751953125
4 0.53662109375 0.69775390625 0.0244140625 0.0771484375
4 0.5732421875 0.7109375 0.021484375 0.05859375
4 0.65576171875 0.72802734375 0.0341796875 0.0107421875
4 0.6572265625 0.7080078125 0.0234375 0.009765625
4 0.65771484375 0.6943359375 0.0244140625 0.009765625
4 0.70703125 0.69482421875 0.029296875 0.0107421875
