9 0.5703125 0.05126953125 0.068359375 0.0888671875
5 0.47998046875 0.66259765625 0.0517578125 0.0263671875
5 0.41943359375 0.78173828125 0.0439453125 0.0537109375
5 0.48681640625 0.79052734375 0.0380859375 0.0537109375
5 0.5458984375 0.79638671875 0.041015625 0.0537109375
5 0.59912109375 0.80126953125 0.0478515625 0.0556640625
5 0.65185546875 0.80712890625 0.0537109375 0.0556640625
5 0.70361328125 0.8154296875 0.0439453125 0.052734375
5 0.75732421875 0.8203125 0.0458984375 0.0546875
5 0.82763671875 0.8271484375 0.0419921875 0.0546875
5 0.87255859375 0.8310546875 0.0400390625 0.05078125
5 0.92919921875 0.8408203125 0.0458984375 0.056640625
5 0.982421875 0.84423828125 0.013671875 0.0498046875
5 0.41015625 0.66015625 0.064453125 0.025390625
5 0.3173828125 0.77099609375 0.041015625 0.0595703125
5 0.32568359375 0.65576171875 0.0771484375 0.0615234375
5 0.2578125 0.63232421875 0.060546875 0.0634765625
5 0.21533203125 0.6083984375 0.0595703125 0.064453125
5 0.1455078125 0.556640625 0.06640625 0.06640625
5 0.10302734375 0.5283203125 0.0615234375 0.064453125
5 0.04248046875 0.48388671875 0.0654296875 0.0673828125
5 0.0166015625 0.4599609375 0.03125 0.068359375
5 0.37353515625 0.77734375 0.0341796875 0.0546875
5 0.2607421875 0.76318359375 0.041015625 0.0556640625
5 0.19287109375 0.7578125 0.0439453125 0.056640625
5 0.029296875 0.740234375 0.03515625 0.05859375
5 0.0927734375 0.75244140625 0.017578125 0.0458984375
5 0.13818359375 0.748046875 0.0439453125 0.0546875
8 0.59375 0.38232421875 0.076171875 0.0986328125
4 0.255859375 0.6337890625 0.033203125 0.044921875
4 0.60302734375 0.80517578125 0.0146484375 0.0263671875
4 0.65771484375 0.8037109375 0.0224609375 0.046875
4 0.76123046875 0.81396484375 0.0205078125 0.0478515625
4 0.82958984375 0.82373046875 0.0185546875 0.0517578125
4 0.857421875 0.8193359375 0.009765625 0.0234375
4 0.87353515625 0.826171875 0.0224609375 0.052734375
4 0.89208984375 0.84228515625 0.0107421875 0.0205078125
4 0.9345703125 0.82666015625 0.02734375 0.0673828125
4 0.4150390625 0.6796875 0.056640625 0.021484375
4 0.32958984375 0.66796875 0.0556640625 0.021484375
4 0.30078125 0.64111328125 0.021484375 0.0361328125
4 0.18798828125 0.60400390625 0.0439453125 0.0576171875
4 0.46728515625 0.79150390625 0.0146484375 0.0302734375
4 0.14013671875 0.56884765625 0.0458984375 0.0556640625
4 0.0966796875 0.5400390625 0.021484375 0.0234375
4 0.0078125 0.482421875 0.013671875 0.021484375
8 0.494140625 0.33740234375 0.076171875 0.1005859375
8 0.54345703125 0.35986328125 0.0771484375 0.1005859375
4 0.54345703125 0.7939453125 0.0224609375 0.056640625
4 0.3203125 0.76123046875 0.0234375 0.0537109375
4 0.12353515625 0.73583984375 0.0107421875 0.0244140625
4 0.0380859375 0.72802734375 0.015625 0.0361328125
4 0.04052734375 0.75927734375 0.0244140625 0.0126953125
