5 0.5693359375 0.93359375 0.16015625 0.1328125
5 0.67919921875 0.96435546875 0.1240234375 0.0712890625
5 0.44287109375 0.896484375 0.1826171875 0.20703125
5 0.3310546875 0.84619140625 0.181640625 0.2314453125
5 0.2578125 0.79345703125 0.189453125 0.2197265625
5 0.15087890625 0.71044921875 0.2158203125 0.2216796875
0 0.89501953125 0.55029296875 0.0380859375 0.0361328125
0 0.37548828125 0.20263671875 0.0478515625 0.0380859375
0 0.06640625 0.04248046875 0.046875 0.0400390625
1 0.3291015625 0.17578125 0.046875 0.041015625
4 0.3427734375 0.89306640625 0.04296875 0.0517578125
4 0.28857421875 0.8857421875 0.0439453125 0.052734375
4 0.23583984375 0.837890625 0.0400390625 0.048828125
4 0.20654296875 0.82958984375 0.0439453125 0.0537109375
4 0.19140625 0.7578125 0.048828125 0.056640625
4 0.138671875 0.72705078125 0.1171875 0.1552734375
