5 0.48193359375 0.310546875 0.0537109375 0.212890625
9 0.328125 0.64404296875 0.03515625 0.0693359375
5 0.97216796875 0.30126953125 0.0537109375 0.2138671875
5 0.85205078125 0.3115234375 0.0947265625 0.2109375
5 0.70263671875 0.29833984375 0.0498046875 0.2119140625
5 0.55615234375 0.2998046875 0.0556640625 0.212890625
5 0.3935546875 0.3125 0.091796875 0.232421875
5 0.2412109375 0.2890625 0.138671875 0.224609375
5 0.07763671875 0.279296875 0.1005859375 0.2265625
4 0.09130859375 0.21630859375 0.0224609375 0.0458984375
4 0.2041015625 0.208984375 0.025390625 0.05859375
4 0.2802734375 0.22705078125 0.02734375 0.0810546875
4 0.48046875 0.2294921875 0.0234375 0.041015625
4 0.55712890625 0.22607421875 0.0302734375 0.0771484375
4 0.86669921875 0.19775390625 0.0537109375 0.0224609375
4 0.97119140625 0.2763671875 0.0244140625 0.052734375
0 0.0048828125 0.65478515625 0.0078125 0.0361328125
