0 0.63427734375 0.56982421875 0.0205078125 0.0458984375
4 0.013671875 0.2265625 0.025390625 0.091796875
9 0.9853515625 0.64404296875 0.029296875 0.0693359375
0 0.6279296875 0.70654296875 0.017578125 0.0380859375
5 0.9013671875 0.2890625 0.138671875 0.224609375
5 0.73779296875 0.279296875 0.1005859375 0.2265625
5 0.5830078125 0.296875 0.0859375 0.23046875
5 0.4638671875 0.2900390625 0.0859375 0.19921875
5 0.373046875 0.28759765625 0.08203125 0.2041015625
5 0.28564453125 0.3125 0.0419921875 0.26171875
4 0.20068359375 0.21240234375 0.0244140625 0.0439453125
4 0.27001953125 0.22998046875 0.0205078125 0.0439453125
4 0.33056640625 0.2333984375 0.0283203125 0.076171875
4 0.37451171875 0.22412109375 0.0439453125 0.1357421875
4 0.4697265625 0.228515625 0.037109375 0.09765625
4 0.5087890625 0.2744140625 0.021484375 0.05078125
4 0.5419921875 0.21630859375 0.029296875 0.0615234375
4 0.578125 0.23828125 0.03515625 0.109375
4 0.75146484375 0.21630859375 0.0224609375 0.0458984375
4 0.8642578125 0.208984375 0.025390625 0.05859375
4 0.9404296875 0.22705078125 0.02734375 0.0810546875
0 0.61083984375 0.70556640625 0.0166015625 0.0380859375
0 0.66064453125 0.65478515625 0.0166015625 0.0361328125
5 0.2138671875 0.3193359375 0.041015625 0.2734375
