0 0.58837890625 0.36328125 0.0419921875 0.0390625
0 0.6025390625 0.3466796875 0.044921875 0.0390625
1 0.6982421875 0.02294921875 0.0703125 0.0439453125
1 0.40478515625 0.57666015625 0.0869140625 0.1259765625
1 0.30078125 0.50732421875 0.07421875 0.0654296875
1 0.2783203125 0.52294921875 0.060546875 0.0537109375
1 0.25439453125 0.54150390625 0.0537109375 0.0458984375
1 0.24072265625 0.56787109375 0.0595703125 0.0517578125
1 0.2138671875 0.58935546875 0.046875 0.0419921875
1 0.177734375 0.63623046875 0.05078125 0.0458984375
0 0.61962890625 0.09814453125 0.0400390625 0.0380859375
0 0.6328125 0.08056640625 0.041015625 0.0400390625
0 0.521484375 0.18798828125 0.046875 0.0458984375
0 0.06787109375 0.791015625 0.0439453125 0.0390625
0 0.05078125 0.80322265625 0.041015625 0.0400390625
0 0.04052734375 0.81982421875 0.0361328125 0.0341796875
0 0.02587890625 0.83642578125 0.0361328125 0.0361328125
0 0.16162109375 0.962890625 0.0380859375 0.033203125
0 0.17138671875 0.9443359375 0.0400390625 0.03515625
1 0.05224609375 0.927734375 0.0595703125 0.07421875
1 0.4716796875 0.29931640625 0.07421875 0.0673828125
1 0.478515625 0.2626953125 0.05859375 0.05078125
0 0.86962890625 0.00830078125 0.0400390625 0.0146484375
0 0.7265625 0.18701171875 0.046875 0.0419921875
0 0.71533203125 0.2041015625 0.0419921875 0.037109375
0 0.69580078125 0.23486328125 0.0478515625 0.0419921875
0 0.669921875 0.2646484375 0.0390625 0.03515625
0 0.65234375 0.27685546875 0.04296875 0.0341796875
1 0.73046875 0.009765625 0.03515625 0.017578125
