0 0.18701171875 0.40576171875 0.0615234375 0.0322265625
0 0.2763671875 0.38671875 0.064453125 0.03515625
1 0.1162109375 0.31298828125 0.056640625 0.0322265625
1 0.27587890625 0.3310546875 0.0556640625 0.029296875
1 0.19775390625 0.3486328125 0.0498046875 0.033203125
1 0.1240234375 0.3662109375 0.080078125 0.0390625
1 0.36181640625 0.33740234375 0.0849609375 0.0380859375
1 0.36962890625 0.36181640625 0.0830078125 0.0361328125
1 0.203125 0.42626953125 0.083984375 0.0400390625
1 0.13134765625 0.41650390625 0.0498046875 0.0302734375
1 0.17041015625 0.5126953125 0.0771484375 0.037109375
1 0.29150390625 0.52685546875 0.0751953125 0.0400390625
1 0.13037109375 0.28515625 0.0810546875 0.037109375
1 0.30810546875 0.271484375 0.0654296875 0.03515625
1 0.35205078125 0.41796875 0.0810546875 0.041015625
0 0.29541015625 0.0849609375 0.0263671875 0.048828125
0 0.31787109375 0.08544921875 0.0224609375 0.0361328125
0 0.14794921875 0.1513671875 0.0322265625 0.046875
0 0.494140625 0.298828125 0.041015625 0.025390625
0 0.3173828125 0.4951171875 0.046875 0.029296875
0 0.375 0.462890625 0.060546875 0.03515625
1 0.1943359375 0.29736328125 0.08203125 0.0361328125
