1 0.24658203125 0.9609375 0.0458984375 0.068359375
1 0.21630859375 0.96728515625 0.0439453125 0.0654296875
0 0.08642578125 0.373046875 0.0380859375 0.0703125
0 0.13427734375 0.2578125 0.0615234375 0.03125
1 0.955078125 0.9609375 0.04296875 0.068359375
1 0.89599609375 0.9658203125 0.0478515625 0.068359375
1 0.92626953125 0.77978515625 0.0537109375 0.0986328125
1 0.73681640625 0.8232421875 0.0478515625 0.083984375
0 0.86279296875 0.978515625 0.0380859375 0.04296875
0 0.755859375 0.11962890625 0.033203125 0.0439453125
1 0.76513671875 0.81591796875 0.0478515625 0.0751953125
1 0.79345703125 0.8037109375 0.0498046875 0.076171875
1 0.8525390625 0.7900390625 0.05078125 0.08203125
1 0.95751953125 0.77880859375 0.0556640625 0.1044921875
1 0.88525390625 0.79248046875 0.0517578125 0.1044921875
1 0.9462890625 0.5966796875 0.060546875 0.09765625
1 0.70703125 0.650390625 0.046875 0.09375
1 0.76708984375 0.63232421875 0.0517578125 0.0966796875
0 0.95654296875 0.0732421875 0.0341796875 0.041015625
0 0.66357421875 0.138671875 0.0341796875 0.04296875
0 0.7236328125 0.126953125 0.03125 0.04296875
1 0.994140625 0.416015625 0.01171875 0.025390625
