0 0.58837890625 0.4951171875 0.0419921875 0.0390625
0 0.6025390625 0.478515625 0.044921875 0.0390625
1 0.69677734375 0.1455078125 0.0732421875 0.0625
1 0.40478515625 0.70849609375 0.0869140625 0.1259765625
1 0.30078125 0.63916015625 0.07421875 0.0654296875
1 0.2783203125 0.65478515625 0.060546875 0.0537109375
1 0.25439453125 0.67333984375 0.0537109375 0.0458984375
1 0.24072265625 0.69970703125 0.0595703125 0.0517578125
1 0.2138671875 0.72119140625 0.046875 0.0419921875
1 0.177734375 0.76806640625 0.05078125 0.0458984375
0 0.61962890625 0.22998046875 0.0400390625 0.0380859375
0 0.6328125 0.21240234375 0.041015625 0.0400390625
0 0.521484375 0.31982421875 0.046875 0.0458984375
0 0.06787109375 0.9228515625 0.0439453125 0.0390625
0 0.05078125 0.93505859375 0.041015625 0.0400390625
0 0.04052734375 0.95166015625 0.0361328125 0.0341796875
0 0.02587890625 0.96826171875 0.0361328125 0.0361328125
1 0.4716796875 0.43115234375 0.07421875 0.0673828125
1 0.478515625 0.39453125 0.05859375 0.05078125
0 0.86962890625 0.1376953125 0.0400390625 0.01953125
0 0.873046875 0.11376953125 0.033203125 0.0185546875
0 0.7265625 0.31884765625 0.046875 0.0419921875
0 0.71533203125 0.3359375 0.0419921875 0.037109375
0 0.69580078125 0.36669921875 0.0478515625 0.0419921875
0 0.669921875 0.396484375 0.0390625 0.03515625
0 0.65234375 0.40869140625 0.04296875 0.0341796875
1 0.712890625 0.1201171875 0.0703125 0.060546875
