0 0.9326171875 0.8779296875 0.03125 0.048828125
1 0.24658203125 0.6337890625 0.0458984375 0.068359375
1 0.21630859375 0.642578125 0.0439453125 0.0703125
0 0.08642578125 0.0458984375 0.0380859375 0.0703125
1 0.955078125 0.6337890625 0.04296875 0.068359375
1 0.89697265625 0.642578125 0.0498046875 0.076171875
1 0.92626953125 0.45263671875 0.0537109375 0.0986328125
1 0.73681640625 0.49609375 0.0478515625 0.083984375
1 0.3388671875 0.703125 0.099609375 0.05078125
0 0.86376953125 0.65869140625 0.0400390625 0.0576171875
1 0.76513671875 0.48876953125 0.0478515625 0.0751953125
1 0.79345703125 0.4765625 0.0498046875 0.076171875
1 0.8525390625 0.462890625 0.05078125 0.08203125
1 0.95751953125 0.45166015625 0.0556640625 0.1044921875
1 0.88525390625 0.46533203125 0.0517578125 0.1044921875
1 0.9462890625 0.26953125 0.060546875 0.09765625
1 0.70703125 0.3232421875 0.046875 0.09375
1 0.76708984375 0.30517578125 0.0517578125 0.0966796875
1 0.994140625 0.0888671875 0.01171875 0.025390625
