0 0.62060546875 0.033203125 0.0400390625 0.02734375
5 0.71142578125 0.58349609375 0.0654296875 0.0556640625
5 0.783203125 0.6953125 0.07421875 0.06640625
5 0.81787109375 0.74462890625 0.0771484375 0.0693359375
5 0.849609375 0.7880859375 0.068359375 0.060546875
5 0.888671875 0.83837890625 0.083984375 0.0732421875
5 0.927734375 0.90380859375 0.080078125 0.0712890625
5 0.9609375 0.95068359375 0.072265625 0.0693359375
4 0.1630859375 0.04150390625 0.09375 0.0791015625
4 0.1904296875 0.10205078125 0.076171875 0.0654296875
4 0.314453125 0.0556640625 0.046875 0.041015625
4 0.21142578125 0.13671875 0.0498046875 0.041015625
4 0.3291015625 0.115234375 0.041015625 0.052734375
4 0.36181640625 0.1123046875 0.0400390625 0.046875
4 0.39599609375 0.2275390625 0.0673828125 0.0703125
4 0.37744140625 0.3173828125 0.0634765625 0.076171875
4 0.33251953125 0.31591796875 0.0439453125 0.0361328125
4 0.447265625 0.28564453125 0.041015625 0.0439453125
4 0.48486328125 0.341796875 0.0478515625 0.05078125
4 0.4482421875 0.4599609375 0.041015625 0.041015625
4 0.5234375 0.39404296875 0.044921875 0.0458984375
5 0.66796875 0.533203125 0.083984375 0.072265625
5 0.6318359375 0.474609375 0.072265625 0.0625
5 0.59033203125 0.42138671875 0.0791015625 0.0654296875
5 0.56884765625 0.6640625 0.0849609375 0.0859375
5 0.15869140625 0.07275390625 0.0654296875 0.0576171875
5 0.19677734375 0.12744140625 0.0654296875 0.0576171875
5 0.22802734375 0.1826171875 0.0693359375 0.06640625
5 0.298828125 0.28857421875 0.072265625 0.0673828125
5 0.33984375 0.3427734375 0.0703125 0.064453125
5 0.37939453125 0.39306640625 0.0673828125 0.0576171875
5 0.4150390625 0.44970703125 0.072265625 0.0634765625
5 0.4619140625 0.501953125 0.072265625 0.064453125
5 0.49755859375 0.5556640625 0.0751953125 0.072265625
5 0.60498046875 0.7158203125 0.0791015625 0.072265625
5 0.55810546875 0.3642578125 0.0791015625 0.064453125
5 0.6376953125 0.7744140625 0.091796875 0.080078125
5 0.681640625 0.81640625 0.0703125 0.0625
5 0.71826171875 0.8681640625 0.0634765625 0.056640625
5 0.7421875 0.93310546875 0.08984375 0.0791015625
5 0.77685546875 0.97119140625 0.0908203125 0.0576171875
5 0.3564453125 0.08837890625 0.099609375 0.1083984375
5 0.42236328125 0.18603515625 0.0927734375 0.0908203125
5 0.478515625 0.2578125 0.072265625 0.06640625
5 0.51953125 0.31005859375 0.068359375 0.0576171875
4 0.2529296875 0.20166015625 0.033203125 0.0322265625
4 0.3955078125 0.17529296875 0.04296875 0.0380859375
4 0.4091796875 0.37646484375 0.029296875 0.0380859375
0 0.15869140625 0.89208984375 0.0458984375 0.0419921875
0 0.07373046875 0.513671875 0.0458984375 0.052734375
0 0.14794921875 0.53759765625 0.0361328125 0.0400390625
0 0.1689453125 0.56591796875 0.03125 0.0380859375
0 0.107421875 0.5615234375 0.03515625 0.041015625
0 0.177734375 0.6640625 0.03125 0.037109375
0 0.23291015625 0.7392578125 0.0380859375 0.041015625
0 0.27734375 0.75927734375 0.01953125 0.0361328125
0 0.34375 0.72802734375 0.03515625 0.0341796875
0 0.35498046875 0.75 0.0361328125 0.03515625
0 0.2021484375 0.8603515625 0.0390625 0.03515625
0 0.9404296875 0.44140625 0.029296875 0.03515625
0 0.37451171875 0.859375 0.0361328125 0.041015625
0 0.3388671875 0.892578125 0.037109375 0.0390625
0 0.3720703125 0.93994140625 0.03515625 0.0419921875
0 0.39892578125 0.9765625 0.0322265625 0.037109375
0 0.9189453125 0.4072265625 0.03515625 0.037109375
0 0.826171875 0.10400390625 0.044921875 0.0302734375
0 0.93603515625 0.205078125 0.0322265625 0.0390625
0 0.0419921875 0.46728515625 0.03515625 0.0400390625
0 0.91796875 0.5322265625 0.037109375 0.03515625
4 0.39990234375 0.4091796875 0.0400390625 0.03515625
4 0.81884765625 0.8125 0.0400390625 0.04296875
4 0.49609375 0.4755859375 0.04296875 0.0546875
4 0.51123046875 0.6044921875 0.0341796875 0.03125
4 0.5341796875 0.6171875 0.044921875 0.03125
4 0.6435546875 0.6923828125 0.037109375 0.04296875
4 0.712890625 0.7939453125 0.0390625 0.05078125
4 0.7890625 0.89697265625 0.03515625 0.0419921875
4 0.93115234375 0.9765625 0.0400390625 0.046875
4 0.8525390625 0.865234375 0.03515625 0.0390625
4 0.76220703125 0.67138671875 0.0478515625 0.0400390625
4 0.7412109375 0.64599609375 0.033203125 0.0205078125
4 0.7255859375 0.63720703125 0.03125 0.0263671875
4 0.67724609375 0.60302734375 0.0400390625 0.0498046875
0 0.748046875 0.0751953125 0.041015625 0.02734375
0 0.78955078125 0.18017578125 0.0361328125 0.0498046875
0 0.982421875 0.1591796875 0.03515625 0.025390625
0 0.79150390625 0.2275390625 0.0361328125 0.04296875
0 0.84228515625 0.298828125 0.0361328125 0.04296875
0 0.86767578125 0.333984375 0.0400390625 0.048828125
5 0.1044921875 0.025390625 0.080078125 0.048828125
