4 0.37890625 0.56201171875 0.044921875 0.0341796875
4 0.369140625 0.580078125 0.037109375 0.02734375
4 0.35546875 0.59619140625 0.033203125 0.0244140625
4 0.34912109375 0.61279296875 0.0498046875 0.0361328125
4 0.337890625 0.62890625 0.046875 0.03515625
4 0.32666015625 0.64599609375 0.0439453125 0.0341796875
4 0.28271484375 0.67236328125 0.0830078125 0.0634765625
4 0.41796875 0.72412109375 0.05078125 0.0400390625
4 0.4287109375 0.7021484375 0.052734375 0.0390625
4 0.45166015625 0.6640625 0.0517578125 0.0390625
4 0.4677734375 0.6455078125 0.044921875 0.033203125
4 0.48681640625 0.60546875 0.0439453125 0.033203125
4 0.47802734375 0.62548828125 0.0537109375 0.0400390625
4 0.5263671875 0.65966796875 0.048828125 0.0380859375
4 0.5107421875 0.6748046875 0.04296875 0.03515625
4 0.50146484375 0.697265625 0.0517578125 0.0390625
4 0.47998046875 0.71435546875 0.0263671875 0.0185546875
4 0.4775390625 0.73193359375 0.041015625 0.0302734375
4 0.46923828125 0.75439453125 0.0517578125 0.0400390625
4 0.39013671875 0.54541015625 0.0322265625 0.0263671875
4 0.32763671875 0.5498046875 0.0380859375 0.029296875
4 0.3193359375 0.5654296875 0.03125 0.0234375
4 0.248046875 0.50830078125 0.03125 0.0244140625
4 0.078125 0.5458984375 0.06640625 0.046875
4 0.1650390625 0.576171875 0.025390625 0.021484375
4 0.173828125 0.5634765625 0.02734375 0.021484375
4 0.181640625 0.55126953125 0.02734375 0.0224609375
4 0.189453125 0.53857421875 0.02734375 0.0224609375
4 0.21142578125 0.49560546875 0.0263671875 0.0224609375
4 0.2373046875 0.455078125 0.029296875 0.0234375
4 0.26708984375 0.478515625 0.0224609375 0.01953125
4 0.2392578125 0.52490234375 0.0234375 0.0166015625
4 0.3076171875 0.5771484375 0.03125 0.025390625
4 0.2314453125 0.53955078125 0.025390625 0.0205078125
4 0.22412109375 0.5546875 0.0302734375 0.0234375
4 0.21533203125 0.5673828125 0.0283203125 0.021484375
4 0.1982421875 0.59326171875 0.025390625 0.0205078125
4 0.17333984375 0.6044921875 0.0732421875 0.052734375
4 0.2744140625 0.638671875 0.037109375 0.029296875
4 0.28173828125 0.62451171875 0.0380859375 0.0283203125
4 0.29248046875 0.609375 0.0419921875 0.033203125
4 0.4033203125 0.74072265625 0.048828125 0.0400390625
4 0.45458984375 0.771484375 0.0478515625 0.03515625
4 0.5625 0.8359375 0.05078125 0.037109375
5 0.33056640625 0.59716796875 0.1494140625 0.1787109375
4 0.8427734375 0.9677734375 0.048828125 0.064453125
4 0.86669921875 0.97412109375 0.0458984375 0.0517578125
4 0.892578125 0.9814453125 0.0390625 0.037109375
4 0.9228515625 0.98095703125 0.041015625 0.0380859375
5 0.84765625 0.9462890625 0.134765625 0.107421875
5 0.78173828125 0.884765625 0.1279296875 0.1484375
5 0.62841796875 0.78173828125 0.1728515625 0.1865234375
5 0.47265625 0.68310546875 0.16796875 0.1904296875
5 0.21435546875 0.53125 0.1298828125 0.166015625
4 0.794921875 0.94140625 0.04296875 0.0546875
5 0.1181640625 0.47216796875 0.126953125 0.1630859375
9 0.92822265625 0.83544921875 0.0947265625 0.0810546875
9 0.73046875 0.6875 0.0546875 0.048828125
4 0.82373046875 0.9501953125 0.0419921875 0.056640625
4 0.734375 0.9423828125 0.05859375 0.044921875
4 0.572265625 0.818359375 0.044921875 0.033203125
4 0.63330078125 0.8291015625 0.0458984375 0.037109375
4 0.58203125 0.79833984375 0.05078125 0.0380859375
4 0.5888671875 0.7783203125 0.048828125 0.0390625
4 0.60498046875 0.76220703125 0.0458984375 0.0341796875
4 0.61767578125 0.7431640625 0.0478515625 0.037109375
4 0.62646484375 0.724609375 0.0458984375 0.03515625
4 0.67333984375 0.7744140625 0.0517578125 0.0390625
4 0.6533203125 0.79248046875 0.037109375 0.0302734375
4 0.6455078125 0.81005859375 0.05078125 0.0380859375
4 0.623046875 0.8486328125 0.046875 0.03515625
4 0.75146484375 0.921875 0.0634765625 0.046875
4 0.61181640625 0.869140625 0.0634765625 0.046875
4 0.802734375 0.83349609375 0.05859375 0.0498046875
4 0.7919921875 0.85400390625 0.05859375 0.0458984375
4 0.8994140625 0.8935546875 0.02734375 0.021484375
4 0.8564453125 0.9169921875 0.025390625 0.01953125
4 0.88134765625 0.9326171875 0.0283203125 0.021484375
4 0.77978515625 0.87890625 0.0517578125 0.041015625
4 0.76220703125 0.8984375 0.0576171875 0.04296875
4 0.10009765625 0.53564453125 0.0263671875 0.0205078125
4 0.11181640625 0.52294921875 0.0283203125 0.0224609375
4 0.13525390625 0.48046875 0.0224609375 0.01953125
4 0.00927734375 0.42333984375 0.0166015625 0.0126953125
4 0.00634765625 0.43212890625 0.0107421875 0.0146484375
4 0.0185546875 0.40478515625 0.01953125 0.0146484375
4 0.01123046875 0.4150390625 0.0205078125 0.013671875
4 0.0263671875 0.392578125 0.021484375 0.013671875
4 0.12744140625 0.49462890625 0.0283203125 0.0224609375
4 0.099609375 0.466796875 0.025390625 0.021484375
4 0.09228515625 0.48095703125 0.0263671875 0.0205078125
4 0.08447265625 0.494140625 0.0244140625 0.01953125
4 0.0771484375 0.50634765625 0.0234375 0.0205078125
4 0.06982421875 0.51953125 0.0244140625 0.01953125
4 0.1181640625 0.5048828125 0.025390625 0.01953125
4 0.107421875 0.45556640625 0.025390625 0.0205078125
4 0.0302734375 0.38134765625 0.01953125 0.0126953125
4 0.115234375 0.44189453125 0.025390625 0.0205078125
4 0.150390625 0.45458984375 0.02734375 0.0224609375
4 0.123046875 0.43017578125 0.0234375 0.0185546875
4 0.0791015625 0.38671875 0.021484375 0.029296875
4 0.05224609375 0.43701171875 0.0419921875 0.0576171875
4 0.0087890625 0.36865234375 0.015625 0.0185546875
4 0.19384765625 0.5234375 0.0283203125 0.0234375
4 0.12939453125 0.41748046875 0.0244140625 0.0185546875
4 0.1396484375 0.40087890625 0.02734375 0.0224609375
4 0.16455078125 0.4287109375 0.0224609375 0.017578125
4 0.15625 0.43994140625 0.025390625 0.0205078125
4 0.140625 0.46630859375 0.02734375 0.0224609375
4 0.22900390625 0.46728515625 0.0244140625 0.0205078125
4 0.22021484375 0.4814453125 0.0263671875 0.021484375
9 0.6005859375 0.0986328125 0.056640625 0.04296875
