1 0.607421875 0.72314453125 0.06640625 0.0361328125
1 0.310546875 0.9609375 0.04296875 0.068359375
1 0.25146484375 0.9658203125 0.0478515625 0.068359375
1 0.28173828125 0.77978515625 0.0537109375 0.0986328125
1 0.09228515625 0.8232421875 0.0478515625 0.083984375
1 0.7099609375 0.80517578125 0.072265625 0.0341796875
1 0.64404296875 0.7783203125 0.0986328125 0.041015625
1 0.63525390625 0.74755859375 0.0986328125 0.0439453125
1 0.64111328125 0.68896484375 0.1025390625 0.0439453125
1 0.396484375 0.58642578125 0.046875 0.0966796875
1 0.4560546875 0.5673828125 0.044921875 0.095703125
1 0.64990234375 0.44580078125 0.0517578125 0.0322265625
1 0.58544921875 0.45556640625 0.0634765625 0.0380859375
1 0.45556640625 0.48095703125 0.0908203125 0.0400390625
0 0.21826171875 0.978515625 0.0380859375 0.04296875
1 0.51708984375 0.90185546875 0.0458984375 0.0751953125
0 0.111328125 0.11962890625 0.033203125 0.0439453125
1 0.4853515625 0.9072265625 0.0546875 0.095703125
1 0.45068359375 0.90478515625 0.0498046875 0.0771484375
1 0.42333984375 0.91650390625 0.0576171875 0.0986328125
1 0.396484375 0.923828125 0.056640625 0.09765625
1 0.3671875 0.94091796875 0.0546875 0.0791015625
1 0.12060546875 0.81591796875 0.0478515625 0.0751953125
1 0.14892578125 0.8037109375 0.0498046875 0.076171875
1 0.2080078125 0.7900390625 0.05078125 0.08203125
1 0.31298828125 0.77880859375 0.0556640625 0.1044921875
1 0.24072265625 0.79248046875 0.0517578125 0.1044921875
1 0.36279296875 0.591796875 0.0537109375 0.103515625
1 0.3017578125 0.5966796875 0.060546875 0.09765625
1 0.0625 0.650390625 0.046875 0.09375
1 0.12255859375 0.63232421875 0.0517578125 0.0966796875
0 0.31201171875 0.0732421875 0.0341796875 0.041015625
0 0.01904296875 0.138671875 0.0341796875 0.04296875
0 0.0791015625 0.126953125 0.03125 0.04296875
1 0.37451171875 0.41064453125 0.0615234375 0.0361328125
