5 0.71142578125 0.52392578125 0.0654296875 0.0556640625
5 0.783203125 0.6357421875 0.07421875 0.06640625
5 0.81787109375 0.68505859375 0.0771484375 0.0693359375
5 0.849609375 0.728515625 0.068359375 0.060546875
5 0.888671875 0.77880859375 0.083984375 0.0732421875
5 0.927734375 0.84423828125 0.080078125 0.0712890625
5 0.9609375 0.89111328125 0.072265625 0.0693359375
5 0.98193359375 0.94921875 0.0361328125 0.05078125
4 0.1904296875 0.04248046875 0.076171875 0.0654296875
4 0.3076171875 0.0087890625 0.033203125 0.015625
4 0.21142578125 0.0771484375 0.0498046875 0.041015625
4 0.3291015625 0.0556640625 0.041015625 0.052734375
4 0.36181640625 0.052734375 0.0400390625 0.046875
4 0.39599609375 0.16796875 0.0673828125 0.0703125
4 0.37744140625 0.2578125 0.0634765625 0.076171875
4 0.33251953125 0.25634765625 0.0439453125 0.0361328125
4 0.447265625 0.22607421875 0.041015625 0.0439453125
4 0.48486328125 0.2822265625 0.0478515625 0.05078125
4 0.4482421875 0.400390625 0.041015625 0.041015625
4 0.5234375 0.33447265625 0.044921875 0.0458984375
5 0.66796875 0.4736328125 0.083984375 0.072265625
5 0.6318359375 0.4150390625 0.072265625 0.0625
5 0.59033203125 0.36181640625 0.0791015625 0.0654296875
5 0.56884765625 0.6044921875 0.0849609375 0.0859375
5 0.15771484375 0.021484375 0.0634765625 0.041015625
5 0.19677734375 0.06787109375 0.0654296875 0.0576171875
5 0.22802734375 0.123046875 0.0693359375 0.06640625
5 0.298828125 0.22900390625 0.072265625 0.0673828125
5 0.33984375 0.283203125 0.0703125 0.064453125
5 0.37939453125 0.33349609375 0.0673828125 0.0576171875
5 0.4150390625 0.39013671875 0.072265625 0.0634765625
5 0.4619140625 0.4423828125 0.072265625 0.064453125
5 0.49755859375 0.49609375 0.0751953125 0.072265625
5 0.60498046875 0.65625 0.0791015625 0.072265625
5 0.55810546875 0.3046875 0.0791015625 0.064453125
5 0.6376953125 0.71484375 0.091796875 0.080078125
5 0.681640625 0.7568359375 0.0703125 0.0625
5 0.71826171875 0.80859375 0.0634765625 0.056640625
5 0.7421875 0.87353515625 0.08984375 0.0791015625
5 0.7763671875 0.92333984375 0.091796875 0.0810546875
5 0.35986328125 0.0419921875 0.0927734375 0.08203125
5 0.42236328125 0.12646484375 0.0927734375 0.0908203125
5 0.478515625 0.1982421875 0.072265625 0.06640625
5 0.51953125 0.25048828125 0.068359375 0.0576171875
4 0.2529296875 0.14208984375 0.033203125 0.0322265625
4 0.3955078125 0.11572265625 0.04296875 0.0380859375
4 0.4091796875 0.31689453125 0.029296875 0.0380859375
0 0.15869140625 0.83251953125 0.0458984375 0.0419921875
0 0.07373046875 0.4541015625 0.0458984375 0.052734375
0 0.14794921875 0.47802734375 0.0361328125 0.0400390625
0 0.1689453125 0.50634765625 0.03125 0.0380859375
0 0.107421875 0.501953125 0.03515625 0.041015625
0 0.177734375 0.6044921875 0.03125 0.037109375
0 0.23291015625 0.6796875 0.0380859375 0.041015625
0 0.27734375 0.69970703125 0.01953125 0.0361328125
0 0.34375 0.66845703125 0.03515625 0.0341796875
0 0.35498046875 0.6904296875 0.0361328125 0.03515625
0 0.2021484375 0.80078125 0.0390625 0.03515625
0 0.9404296875 0.3818359375 0.029296875 0.03515625
0 0.37451171875 0.7998046875 0.0361328125 0.041015625
0 0.3388671875 0.8330078125 0.037109375 0.0390625
0 0.3720703125 0.88037109375 0.03515625 0.0419921875
0 0.39892578125 0.9169921875 0.0322265625 0.037109375
0 0.9189453125 0.34765625 0.03515625 0.037109375
0 0.826171875 0.04443359375 0.044921875 0.0302734375
0 0.93603515625 0.1455078125 0.0322265625 0.0390625
0 0.0419921875 0.40771484375 0.03515625 0.0400390625
0 0.91796875 0.47265625 0.037109375 0.03515625
4 0.39990234375 0.349609375 0.0400390625 0.03515625
4 0.81884765625 0.7529296875 0.0400390625 0.04296875
4 0.49609375 0.416015625 0.04296875 0.0546875
4 0.51123046875 0.544921875 0.0341796875 0.03125
4 0.5341796875 0.5576171875 0.044921875 0.03125
4 0.6435546875 0.6328125 0.037109375 0.04296875
4 0.712890625 0.734375 0.0390625 0.05078125
4 0.7890625 0.83740234375 0.03515625 0.0419921875
4 0.962890625 0.96337890625 0.04296875 0.0517578125
4 0.93115234375 0.9169921875 0.0400390625 0.046875
4 0.8525390625 0.8056640625 0.03515625 0.0390625
4 0.76220703125 0.61181640625 0.0478515625 0.0400390625
4 0.7412109375 0.58642578125 0.033203125 0.0205078125
4 0.7255859375 0.57763671875 0.03125 0.0263671875
4 0.67724609375 0.54345703125 0.0400390625 0.0498046875
0 0.748046875 0.015625 0.041015625 0.02734375
0 0.78955078125 0.12060546875 0.0361328125 0.0498046875
0 0.982421875 0.099609375 0.03515625 0.025390625
0 0.79150390625 0.16796875 0.0361328125 0.04296875
0 0.84228515625 0.2392578125 0.0361328125 0.04296875
0 0.86767578125 0.2744140625 0.0400390625 0.048828125
