5 0.517578125 0.45703125 0.091796875 0.076171875
5 0.53466796875 0.09765625 0.1025390625 0.033203125
5 0.7080078125 0.099609375 0.111328125 0.037109375
5 0.8525390625 0.09521484375 0.0703125 0.0615234375
5 0.9462890625 0.33251953125 0.037109375 0.0673828125
5 0.89208984375 0.35791015625 0.0693359375 0.0810546875
5 0.83349609375 0.400390625 0.0712890625 0.080078125
5 0.77392578125 0.43994140625 0.0732421875 0.0830078125
5 0.65576171875 0.5009765625 0.0458984375 0.037109375
5 0.71826171875 0.48193359375 0.0673828125 0.0751953125
5 0.470703125 0.27392578125 0.1015625 0.0244140625
5 0.333984375 0.2841796875 0.048828125 0.07421875
5 0.2666015625 0.27880859375 0.05078125 0.0693359375
5 0.1923828125 0.275390625 0.052734375 0.068359375
5 0.1259765625 0.2705078125 0.044921875 0.076171875
5 0.05517578125 0.26513671875 0.0380859375 0.0654296875
4 0.02490234375 0.04345703125 0.0478515625 0.0419921875
4 0.083984375 0.02294921875 0.046875 0.0458984375
4 0.07177734375 0.05908203125 0.0537109375 0.0712890625
4 0.5107421875 0.11767578125 0.052734375 0.0224609375
4 0.54052734375 0.078125 0.0341796875 0.01953125
4 0.56103515625 0.119140625 0.0439453125 0.017578125
4 0.6787109375 0.11669921875 0.05859375 0.0283203125
4 0.85693359375 0.1318359375 0.0458984375 0.01953125
4 0.8740234375 0.31884765625 0.0546875 0.0439453125
4 0.806640625 0.3662109375 0.0546875 0.046875
4 0.75146484375 0.40478515625 0.0439453125 0.0400390625
4 0.7333984375 0.45947265625 0.044921875 0.0537109375
4 0.6884765625 0.4814453125 0.04296875 0.05078125
4 0.67578125 0.49853515625 0.0390625 0.0419921875
4 0.54345703125 0.41796875 0.0673828125 0.0546875
4 0.4541015625 0.28271484375 0.05078125 0.0205078125
4 0.45068359375 0.25048828125 0.0693359375 0.0244140625
4 0.32763671875 0.26025390625 0.0126953125 0.0361328125
4 0.3671875 0.27099609375 0.021484375 0.0478515625
4 0.1953125 0.232421875 0.044921875 0.017578125
4 0.09912109375 0.25244140625 0.0205078125 0.0478515625
4 0.083984375 0.263671875 0.0234375 0.037109375
4 0.03076171875 0.255859375 0.0224609375 0.044921875
