4 0.54931640625 0.14111328125 0.0361328125 0.0224609375
4 0.4658203125 0.22021484375 0.0390625 0.0224609375
4 0.46533203125 0.201171875 0.0439453125 0.025390625
4 0.45947265625 0.18359375 0.0478515625 0.02734375
4 0.45361328125 0.16552734375 0.0419921875 0.0244140625
4 0.44873046875 0.1474609375 0.0400390625 0.0234375
4 0.537109375 0.1064453125 0.037109375 0.01953125
4 0.54150390625 0.12353515625 0.0380859375 0.0205078125
4 0.58642578125 0.11083984375 0.0341796875 0.0205078125
4 0.5908203125 0.1298828125 0.03515625 0.01953125
4 0.55078125 0.15966796875 0.0390625 0.0224609375
4 0.46435546875 0.41357421875 0.0439453125 0.0224609375
4 0.55810546875 0.17431640625 0.0380859375 0.0244140625
4 0.59375 0.14794921875 0.03515625 0.0205078125
4 0.6015625 0.16455078125 0.041015625 0.0224609375
4 0.60498046875 0.18408203125 0.0361328125 0.0205078125
4 0.56005859375 0.193359375 0.0361328125 0.01953125
4 0.564453125 0.21240234375 0.041015625 0.0224609375
4 0.5703125 0.22998046875 0.041015625 0.0244140625
4 0.57958984375 0.265625 0.0400390625 0.021484375
4 0.62548828125 0.44287109375 0.0400390625 0.0224609375
4 0.47216796875 0.2373046875 0.0400390625 0.0234375
4 0.47802734375 0.25537109375 0.0419921875 0.0244140625
4 0.4814453125 0.275390625 0.044921875 0.021484375
4 0.4853515625 0.29296875 0.04296875 0.0234375
4 0.474609375 0.44873046875 0.04296875 0.0244140625
4 0.47705078125 0.46728515625 0.0458984375 0.0263671875
4 0.484375 0.48583984375 0.04296875 0.0244140625
4 0.4677734375 0.53662109375 0.033203125 0.0634765625
4 0.49462890625 0.533203125 0.0322265625 0.064453125
4 0.5205078125 0.52587890625 0.03125 0.0595703125
4 0.54638671875 0.541015625 0.0283203125 0.05078125
4 0.56640625 0.533203125 0.029296875 0.052734375
4 0.54345703125 0.50341796875 0.0302734375 0.0166015625
4 0.54150390625 0.4892578125 0.0302734375 0.017578125
4 0.53173828125 0.4736328125 0.0400390625 0.021484375
4 0.52783203125 0.4560546875 0.0419921875 0.0234375
4 0.52197265625 0.43798828125 0.0419921875 0.0224609375
4 0.5166015625 0.4208984375 0.041015625 0.021484375
4 0.51318359375 0.40234375 0.0439453125 0.0234375
4 0.50830078125 0.3828125 0.0419921875 0.0234375
4 0.5009765625 0.3662109375 0.037109375 0.021484375
4 0.49560546875 0.3291015625 0.0380859375 0.021484375
4 0.4912109375 0.310546875 0.04296875 0.0234375
4 0.6220703125 0.4228515625 0.033203125 0.017578125
4 0.6171875 0.40673828125 0.0390625 0.0205078125
4 0.61376953125 0.388671875 0.0400390625 0.021484375
4 0.66259765625 0.50146484375 0.0302734375 0.0615234375
4 0.6650390625 0.728515625 0.025390625 0.046875
4 0.68408203125 0.6943359375 0.0498046875 0.09765625
4 0.70947265625 0.6689453125 0.0341796875 0.0625
4 0.74169921875 0.6103515625 0.0654296875 0.037109375
4 0.75439453125 0.6337890625 0.0615234375 0.03515625
4 0.75732421875 0.65771484375 0.0556640625 0.0302734375
4 0.76318359375 0.6806640625 0.0615234375 0.033203125
4 0.77001953125 0.70361328125 0.0595703125 0.0322265625
4 0.77734375 0.7265625 0.056640625 0.029296875
4 0.77978515625 0.74951171875 0.0556640625 0.0302734375
4 0.787109375 0.77197265625 0.056640625 0.0322265625
4 0.791015625 0.7939453125 0.048828125 0.02734375
4 0.79736328125 0.814453125 0.0576171875 0.033203125
4 0.93701171875 0.779296875 0.0556640625 0.029296875
4 0.93115234375 0.75830078125 0.0517578125 0.0263671875
4 0.92333984375 0.73681640625 0.0595703125 0.0283203125
4 0.9228515625 0.712890625 0.056640625 0.03125
4 0.921875 0.6884765625 0.048828125 0.02734375
4 0.90771484375 0.66748046875 0.0537109375 0.0263671875
4 0.6865234375 0.49560546875 0.029296875 0.0576171875
4 0.6416015625 0.50390625 0.03125 0.060546875
4 0.60400390625 0.35400390625 0.0400390625 0.0205078125
4 0.61767578125 0.50341796875 0.0302734375 0.0654296875
4 0.59912109375 0.3359375 0.0400390625 0.0234375
4 0.59423828125 0.31787109375 0.0380859375 0.0205078125
4 0.58837890625 0.30078125 0.0361328125 0.01953125
4 0.58447265625 0.283203125 0.0341796875 0.01953125
4 0.60888671875 0.20166015625 0.0341796875 0.0205078125
4 0.6142578125 0.21875 0.041015625 0.0234375
4 0.61865234375 0.236328125 0.0400390625 0.025390625
4 0.62158203125 0.2548828125 0.0341796875 0.021484375
4 0.6298828125 0.27099609375 0.0390625 0.0244140625
4 0.63427734375 0.2900390625 0.0400390625 0.0234375
4 0.638671875 0.30712890625 0.03515625 0.0205078125
4 0.64306640625 0.32470703125 0.0341796875 0.0205078125
4 0.6474609375 0.34228515625 0.0390625 0.0224609375
4 0.6494140625 0.36083984375 0.037109375 0.0224609375
4 0.65380859375 0.3779296875 0.0341796875 0.021484375
4 0.66064453125 0.39599609375 0.0361328125 0.0205078125
4 0.66552734375 0.41455078125 0.0419921875 0.0244140625
4 0.66943359375 0.43115234375 0.0341796875 0.0224609375
4 0.67578125 0.44921875 0.0390625 0.0234375
4 0.46826171875 0.43115234375 0.0458984375 0.0224609375
4 0.4609375 0.39501953125 0.041015625 0.0224609375
4 0.89697265625 0.62060546875 0.0615234375 0.0302734375
4 0.78955078125 0.4091796875 0.0322265625 0.017578125
4 0.927734375 0.439453125 0.025390625 0.04296875
4 0.767578125 0.4814453125 0.025390625 0.044921875
4 0.78515625 0.474609375 0.0234375 0.041015625
4 0.802734375 0.47021484375 0.0234375 0.0400390625
4 0.82373046875 0.46435546875 0.0302734375 0.0478515625
4 0.7958984375 0.4375 0.03125 0.017578125
4 0.7587890625 0.4462890625 0.03515625 0.01953125
4 0.75439453125 0.43310546875 0.0361328125 0.0205078125
4 0.79248046875 0.42431640625 0.0263671875 0.0146484375
4 0.75048828125 0.41748046875 0.0322265625 0.0185546875
4 0.45654296875 0.376953125 0.0458984375 0.0234375
4 0.7470703125 0.40185546875 0.025390625 0.0166015625
4 0.783203125 0.39404296875 0.02734375 0.0166015625
4 0.78076171875 0.37841796875 0.0283203125 0.0166015625
4 0.7431640625 0.3876953125 0.03515625 0.01953125
4 0.70068359375 0.22412109375 0.0341796875 0.0205078125
4 0.7060546875 0.23876953125 0.029296875 0.0166015625
4 0.70947265625 0.25390625 0.0322265625 0.017578125
4 0.71142578125 0.26904296875 0.0322265625 0.0185546875
4 0.7158203125 0.28515625 0.03515625 0.01953125
4 0.9091796875 0.44384765625 0.025390625 0.0419921875
4 0.88916015625 0.4482421875 0.0263671875 0.044921875
4 0.87255859375 0.45703125 0.0224609375 0.044921875
4 0.89892578125 0.41259765625 0.0283203125 0.0166015625
4 0.82763671875 0.12939453125 0.0283203125 0.0166015625
4 0.8330078125 0.1435546875 0.029296875 0.017578125
4 0.83642578125 0.15869140625 0.0322265625 0.0185546875
4 0.84130859375 0.17333984375 0.0322265625 0.0166015625
4 0.84423828125 0.1884765625 0.0322265625 0.017578125
4 0.84814453125 0.203125 0.0322265625 0.017578125
4 0.85205078125 0.21826171875 0.0322265625 0.0166015625
4 0.8564453125 0.232421875 0.033203125 0.01953125
4 0.8583984375 0.2470703125 0.02734375 0.017578125
4 0.8642578125 0.26220703125 0.033203125 0.0185546875
4 0.8671875 0.27734375 0.03125 0.017578125
4 0.87060546875 0.29345703125 0.0322265625 0.0166015625
4 0.8759765625 0.3076171875 0.029296875 0.017578125
4 0.8798828125 0.32177734375 0.03125 0.0166015625
4 0.8798828125 0.33837890625 0.03125 0.0185546875
4 0.8857421875 0.35205078125 0.03515625 0.0205078125
4 0.8896484375 0.36767578125 0.03515625 0.0205078125
4 0.89208984375 0.38232421875 0.0302734375 0.0185546875
4 0.8955078125 0.3974609375 0.03125 0.017578125
4 0.7197265625 0.2978515625 0.03125 0.017578125
4 0.72314453125 0.31298828125 0.0322265625 0.0185546875
4 0.7265625 0.3291015625 0.033203125 0.01953125
4 0.72021484375 0.1396484375 0.0302734375 0.017578125
4 0.6787109375 0.13427734375 0.033203125 0.0185546875
4 0.71240234375 0.11083984375 0.0302734375 0.0166015625
4 0.67626953125 0.11962890625 0.0322265625 0.0166015625
4 0.67236328125 0.103515625 0.0263671875 0.015625
4 0.708984375 0.0947265625 0.03125 0.01953125
4 0.705078125 0.080078125 0.029296875 0.015625
4 0.6689453125 0.09033203125 0.02734375 0.0166015625
4 0.392578125 0.14404296875 0.033203125 0.0205078125
4 0.39892578125 0.16015625 0.0439453125 0.025390625
4 0.4052734375 0.177734375 0.04296875 0.025390625
4 0.41455078125 0.21337890625 0.0419921875 0.0244140625
4 0.41943359375 0.2314453125 0.0419921875 0.025390625
4 0.42236328125 0.25 0.0458984375 0.025390625
4 0.4267578125 0.2685546875 0.044921875 0.025390625
4 0.43310546875 0.2861328125 0.0439453125 0.0234375
4 0.43701171875 0.3046875 0.0439453125 0.0234375
4 0.43994140625 0.32373046875 0.0322265625 0.0185546875
4 0.44775390625 0.34130859375 0.0380859375 0.0224609375
4 0.45166015625 0.3583984375 0.0419921875 0.0234375
4 0.7158203125 0.12548828125 0.029296875 0.0166015625
4 0.68505859375 0.1484375 0.0302734375 0.017578125
4 0.7314453125 0.34326171875 0.03125 0.0185546875
4 0.72412109375 0.154296875 0.0322265625 0.017578125
4 0.7353515625 0.35791015625 0.033203125 0.0185546875
4 0.73876953125 0.373046875 0.0380859375 0.021484375
4 0.77685546875 0.36376953125 0.0302734375 0.0185546875
4 0.7734375 0.349609375 0.029296875 0.017578125
4 0.76953125 0.333984375 0.033203125 0.017578125
4 0.7666015625 0.3193359375 0.03125 0.017578125
4 0.76025390625 0.30517578125 0.0302734375 0.0166015625
4 0.75732421875 0.28955078125 0.0322265625 0.0185546875
4 0.75439453125 0.27490234375 0.0322265625 0.0185546875
4 0.74951171875 0.259765625 0.0302734375 0.017578125
4 0.748046875 0.24365234375 0.03125 0.0185546875
4 0.7412109375 0.22998046875 0.029296875 0.0185546875
4 0.73779296875 0.21533203125 0.0283203125 0.0166015625
4 0.69775390625 0.2080078125 0.0322265625 0.017578125
4 0.6953125 0.19384765625 0.029296875 0.0166015625
4 0.7314453125 0.18505859375 0.03125 0.0166015625
4 0.6904296875 0.17822265625 0.03515625 0.0205078125
4 0.7275390625 0.169921875 0.03125 0.017578125
4 0.68798828125 0.16357421875 0.0224609375 0.0146484375
4 0.904296875 0.6455078125 0.0625 0.03125
4 0.89697265625 0.5966796875 0.0498046875 0.025390625
4 0.81298828125 0.06884765625 0.0322265625 0.0185546875
4 0.32763671875 0.7099609375 0.0380859375 0.03125
4 0.34130859375 0.69140625 0.0419921875 0.033203125
4 0.34716796875 0.67138671875 0.0341796875 0.0283203125
4 0.35400390625 0.6552734375 0.0302734375 0.025390625
4 0.36328125 0.64111328125 0.03125 0.0263671875
4 0.369140625 0.5966796875 0.0390625 0.025390625
4 0.38818359375 0.5712890625 0.0517578125 0.025390625
4 0.38427734375 0.5478515625 0.0556640625 0.0234375
4 0.37744140625 0.52490234375 0.0556640625 0.0263671875
4 0.365234375 0.494140625 0.04296875 0.025390625
4 0.36181640625 0.47412109375 0.0498046875 0.0283203125
4 0.35498046875 0.45458984375 0.0478515625 0.0263671875
5 0.98046875 0.080078125 0.0390625 0.158203125
5 0.93017578125 0.20068359375 0.1396484375 0.3701171875
5 0.84033203125 0.2578125 0.1728515625 0.4375
5 0.736328125 0.2822265625 0.173828125 0.439453125
5 0.615234375 0.314453125 0.18359375 0.447265625
5 0.4716796875 0.34912109375 0.189453125 0.4501953125
4 0.349609375 0.43310546875 0.046875 0.0263671875
5 0.89599609375 0.93701171875 0.2080078125 0.1259765625
4 0.34375 0.4130859375 0.044921875 0.025390625
4 0.33935546875 0.39306640625 0.0478515625 0.0283203125
4 0.3359375 0.373046875 0.0546875 0.029296875
4 0.33056640625 0.353515625 0.0478515625 0.025390625
4 0.3251953125 0.33203125 0.046875 0.02734375
4 0.31884765625 0.3125 0.0458984375 0.025390625
4 0.3134765625 0.2919921875 0.046875 0.02734375
4 0.31005859375 0.271484375 0.0517578125 0.029296875
4 0.3056640625 0.24951171875 0.0546875 0.0302734375
4 0.2958984375 0.23095703125 0.04296875 0.0263671875
4 0.2939453125 0.2109375 0.04296875 0.025390625
4 0.28955078125 0.1904296875 0.0458984375 0.02734375
4 0.28564453125 0.1728515625 0.0380859375 0.021484375
5 0.544921875 0.79443359375 0.080078125 0.0732421875
5 0.65283203125 0.74072265625 0.0341796875 0.0751953125
5 0.60009765625 0.7529296875 0.0322265625 0.072265625
5 0.34130859375 0.67578125 0.0986328125 0.1328125
5 0.767578125 0.72265625 0.115234375 0.22265625
5 0.93017578125 0.67724609375 0.1396484375 0.2333984375
4 0.94140625 0.56103515625 0.046875 0.0283203125
4 0.84619140625 0.9765625 0.0205078125 0.037109375
4 0.78662109375 0.85498046875 0.0224609375 0.0380859375
4 0.90087890625 0.916015625 0.0224609375 0.0390625
4 0.884765625 0.92138671875 0.01953125 0.0341796875
4 0.86865234375 0.9267578125 0.0205078125 0.037109375
4 0.8515625 0.93115234375 0.01953125 0.0361328125
4 0.83447265625 0.93212890625 0.0205078125 0.0380859375
4 0.81982421875 0.93798828125 0.0224609375 0.0400390625
4 0.8037109375 0.9423828125 0.017578125 0.03125
4 0.830078125 0.97998046875 0.01953125 0.0361328125
4 0.8623046875 0.97314453125 0.01953125 0.0341796875
4 0.8779296875 0.96728515625 0.01953125 0.0361328125
4 0.89306640625 0.96435546875 0.0205078125 0.0380859375
4 0.92578125 0.95654296875 0.01953125 0.0341796875
4 0.9150390625 0.90966796875 0.01953125 0.0341796875
4 0.93212890625 0.91015625 0.0205078125 0.037109375
4 0.9501953125 0.90576171875 0.01953125 0.0361328125
4 0.96435546875 0.89990234375 0.0205078125 0.0341796875
4 0.98046875 0.896484375 0.01953125 0.03515625
4 0.943359375 0.95068359375 0.021484375 0.0361328125
4 0.81201171875 0.85009765625 0.0185546875 0.0341796875
4 0.84521484375 0.84130859375 0.0263671875 0.0478515625
4 0.85888671875 0.83740234375 0.0224609375 0.0400390625
4 0.87353515625 0.8349609375 0.0185546875 0.03515625
4 0.94970703125 0.5830078125 0.0458984375 0.02734375
4 0.95654296875 0.60400390625 0.0478515625 0.0283203125
4 0.96337890625 0.62548828125 0.0439453125 0.0244140625
4 0.9677734375 0.64453125 0.05078125 0.02734375
4 0.974609375 0.666015625 0.05078125 0.02734375
4 0.9794921875 0.6826171875 0.0390625 0.021484375
4 0.97802734375 0.70458984375 0.0439453125 0.0224609375
4 0.98291015625 0.724609375 0.0341796875 0.021484375
4 0.98388671875 0.7451171875 0.0322265625 0.0234375
4 0.986328125 0.765625 0.02734375 0.025390625
4 0.99267578125 0.8037109375 0.0146484375 0.04296875
4 0.98095703125 0.8056640625 0.0185546875 0.033203125
4 0.96484375 0.81201171875 0.017578125 0.0322265625
4 0.94921875 0.81298828125 0.0234375 0.0400390625
4 0.91943359375 0.82177734375 0.0224609375 0.0380859375
4 0.904296875 0.82568359375 0.021484375 0.0361328125
4 0.8896484375 0.8291015625 0.01953125 0.037109375
4 0.95947265625 0.94580078125 0.0205078125 0.0361328125
4 0.97509765625 0.94140625 0.0185546875 0.033203125
4 0.9912109375 0.939453125 0.017578125 0.03515625
4 0.9931640625 0.89208984375 0.013671875 0.0380859375
4 0.8203125 0.099609375 0.03125 0.017578125
4 0.8076171875 0.0537109375 0.02734375 0.017578125
4 0.77197265625 0.0634765625 0.0283203125 0.017578125
4 0.9951171875 0.1337890625 0.009765625 0.013671875
4 0.9931640625 0.11865234375 0.013671875 0.0146484375
4 0.99072265625 0.1025390625 0.0185546875 0.017578125
4 0.9853515625 0.0556640625 0.029296875 0.017578125
4 0.9814453125 0.04248046875 0.029296875 0.0185546875
4 0.943359375 0.15234375 0.02734375 0.015625
4 0.935546875 0.125 0.029296875 0.017578125
4 0.9326171875 0.11083984375 0.029296875 0.0185546875
4 0.92431640625 0.0830078125 0.0283203125 0.015625
4 0.916015625 0.05615234375 0.025390625 0.0146484375
4 0.91064453125 0.04296875 0.0244140625 0.015625
4 0.9052734375 0.158203125 0.029296875 0.017578125
4 0.96142578125 0.3642578125 0.0322265625 0.0546875
4 0.8603515625 0.4072265625 0.03125 0.017578125
4 0.85400390625 0.39208984375 0.0283203125 0.0166015625
4 0.84765625 0.36083984375 0.03125 0.0185546875
4 0.84375 0.3466796875 0.03125 0.017578125
4 0.841796875 0.3310546875 0.029296875 0.017578125
4 0.8369140625 0.3173828125 0.03125 0.01953125
4 0.83251953125 0.30224609375 0.0322265625 0.0185546875
4 0.8134765625 0.2431640625 0.03125 0.01953125
4 0.80908203125 0.21240234375 0.0302734375 0.0185546875
4 0.814453125 0.22705078125 0.03125 0.0185546875
4 0.80712890625 0.19775390625 0.0341796875 0.0205078125
4 0.80322265625 0.18212890625 0.0302734375 0.0185546875
4 0.7978515625 0.16845703125 0.033203125 0.0205078125
4 0.791015625 0.138671875 0.02734375 0.017578125
4 0.78857421875 0.123046875 0.0322265625 0.01953125
4 0.7841796875 0.107421875 0.03125 0.01953125
4 0.77783203125 0.09423828125 0.0322265625 0.0185546875
4 0.77685546875 0.0791015625 0.0283203125 0.01953125
4 0.76513671875 0.05029296875 0.0322265625 0.0185546875
4 0.8623046875 0.42236328125 0.033203125 0.0185546875
4 0.97412109375 0.30078125 0.0302734375 0.052734375
4 0.90283203125 0.14306640625 0.0302734375 0.0166015625
4 0.9482421875 0.32080078125 0.033203125 0.0205078125
4 0.8984375 0.12744140625 0.03125 0.0185546875
4 0.89111328125 0.09765625 0.0341796875 0.01953125
4 0.8828125 0.0673828125 0.033203125 0.017578125
4 0.8876953125 0.083984375 0.02734375 0.015625
4 0.87841796875 0.0380859375 0.0283203125 0.017578125
4 0.94677734375 0.1669921875 0.0263671875 0.015625
4 0.91064453125 0.17236328125 0.0322265625 0.0185546875
4 0.91552734375 0.1865234375 0.0302734375 0.017578125
4 0.94921875 0.18017578125 0.03125 0.0166015625
4 0.9501953125 0.19482421875 0.0234375 0.0146484375
4 0.92333984375 0.2158203125 0.0322265625 0.017578125
4 0.95361328125 0.2080078125 0.0224609375 0.015625
4 0.95751953125 0.22216796875 0.0244140625 0.0166015625
4 0.9638671875 0.23486328125 0.029296875 0.0166015625
4 0.92822265625 0.24755859375 0.0322265625 0.0185546875
4 0.96484375 0.25 0.025390625 0.015625
4 0.93701171875 0.27734375 0.0341796875 0.01953125
4 0.94140625 0.291015625 0.033203125 0.01953125
4 0.9443359375 0.30615234375 0.03125 0.0185546875
5 0.33251953125 0.39013671875 0.1689453125 0.4384765625
