4 0.150390625 0.61083984375 0.017578125 0.0302734375
4 0.6796875 0.1884765625 0.033203125 0.015625
4 0.67333984375 0.15869140625 0.0380859375 0.0185546875
4 0.67041015625 0.14453125 0.0361328125 0.01953125
4 0.66650390625 0.12939453125 0.0322265625 0.0166015625
4 0.6630859375 0.1162109375 0.029296875 0.015625
4 0.62255859375 0.125 0.0302734375 0.017578125
4 0.62060546875 0.111328125 0.0244140625 0.013671875
4 0.6640625 0.10107421875 0.033203125 0.0185546875
4 0.728515625 0.08544921875 0.03125 0.0185546875
4 0.76806640625 0.0751953125 0.0322265625 0.017578125
4 0.734375 0.10009765625 0.02734375 0.0166015625
4 0.77294921875 0.091796875 0.0302734375 0.017578125
4 0.775390625 0.10693359375 0.0234375 0.0146484375
4 0.77734375 0.12255859375 0.033203125 0.0185546875
4 0.74755859375 0.13916015625 0.0302734375 0.0556640625
4 0.779296875 0.13818359375 0.029296875 0.0166015625
4 0.67724609375 0.17431640625 0.0380859375 0.0185546875
4 0.68359375 0.20263671875 0.037109375 0.0205078125
4 0.6875 0.42041015625 0.037109375 0.0185546875
4 0.68701171875 0.216796875 0.0361328125 0.01953125
4 0.7138671875 0.45751953125 0.064453125 0.0283203125
4 0.73388671875 0.43212890625 0.0361328125 0.0185546875
4 0.73046875 0.41650390625 0.03515625 0.0185546875
4 0.72802734375 0.400390625 0.0361328125 0.01953125
4 0.72412109375 0.38525390625 0.0361328125 0.0185546875
4 0.720703125 0.3701171875 0.03515625 0.017578125
4 0.71435546875 0.35400390625 0.0322265625 0.0166015625
4 0.71337890625 0.337890625 0.0361328125 0.01953125
4 0.708984375 0.3232421875 0.03515625 0.017578125
4 0.70654296875 0.306640625 0.0361328125 0.01953125
4 0.70263671875 0.29296875 0.0341796875 0.017578125
4 0.70166015625 0.275390625 0.0341796875 0.017578125
4 0.69775390625 0.2607421875 0.0341796875 0.017578125
4 0.69287109375 0.24462890625 0.0380859375 0.0205078125
4 0.689453125 0.2314453125 0.033203125 0.017578125
4 0.7841796875 0.15380859375 0.029296875 0.0166015625
4 0.78857421875 0.1689453125 0.0341796875 0.01953125
4 0.76513671875 0.20361328125 0.0302734375 0.0654296875
4 0.79736328125 0.19921875 0.0322265625 0.01953125
4 0.89453125 0.306640625 0.033203125 0.017578125
4 0.89306640625 0.29150390625 0.0341796875 0.0166015625
4 0.89013671875 0.27685546875 0.0302734375 0.0166015625
4 0.88427734375 0.26318359375 0.0322265625 0.0166015625
4 0.8798828125 0.2333984375 0.03125 0.017578125
4 0.87451171875 0.2197265625 0.0341796875 0.017578125
4 0.8701171875 0.189453125 0.03125 0.017578125
4 0.86572265625 0.17529296875 0.0302734375 0.0166015625
4 0.86328125 0.16259765625 0.03125 0.0166015625
4 0.8603515625 0.146484375 0.03125 0.017578125
4 0.85791015625 0.1318359375 0.0302734375 0.017578125
4 0.853515625 0.1181640625 0.033203125 0.01953125
4 0.85009765625 0.10400390625 0.0302734375 0.0166015625
4 0.84765625 0.0888671875 0.03125 0.017578125
4 0.841796875 0.0751953125 0.033203125 0.01953125
4 0.900390625 0.3203125 0.0234375 0.01171875
4 0.9033203125 0.3349609375 0.029296875 0.017578125
4 0.9052734375 0.35009765625 0.025390625 0.0146484375
4 0.82177734375 0.3203125 0.0244140625 0.013671875
4 0.8037109375 0.22998046875 0.033203125 0.0185546875
4 0.80712890625 0.24560546875 0.0322265625 0.0166015625
4 0.78125 0.2783203125 0.037109375 0.0859375
4 0.8154296875 0.27685546875 0.033203125 0.0185546875
4 0.8173828125 0.29248046875 0.02734375 0.0166015625
4 0.82080078125 0.3056640625 0.0224609375 0.015625
4 0.82666015625 0.33447265625 0.0302734375 0.0185546875
4 0.9091796875 0.36376953125 0.033203125 0.0146484375
4 0.83154296875 0.34814453125 0.0341796875 0.0185546875
4 0.83544921875 0.3623046875 0.0341796875 0.017578125
4 0.83837890625 0.3779296875 0.0322265625 0.015625
4 0.8037109375 0.373046875 0.02734375 0.056640625
4 0.82470703125 0.41552734375 0.0615234375 0.0322265625
4 0.84228515625 0.39111328125 0.0322265625 0.0166015625
4 0.69140625 0.43896484375 0.041015625 0.0185546875
4 0.6826171875 0.40380859375 0.0390625 0.0185546875
4 0.8828125 0.0810546875 0.03515625 0.017578125
4 0.3232421875 0.244140625 0.015625 0.0234375
4 0.3623046875 0.22900390625 0.015625 0.0244140625
4 0.375 0.22412109375 0.017578125 0.0283203125
4 0.3876953125 0.2197265625 0.017578125 0.025390625
4 0.400390625 0.21533203125 0.015625 0.0244140625
4 0.4130859375 0.21044921875 0.017578125 0.0263671875
4 0.4775390625 0.1826171875 0.052734375 0.033203125
4 0.48828125 0.19921875 0.044921875 0.0234375
4 0.49658203125 0.2177734375 0.0478515625 0.0234375
4 0.50146484375 0.236328125 0.0439453125 0.0234375
4 0.50439453125 0.25634765625 0.0478515625 0.0263671875
4 0.5078125 0.27734375 0.05078125 0.02734375
4 0.5146484375 0.29736328125 0.052734375 0.0283203125
4 0.5166015625 0.31787109375 0.044921875 0.0224609375
4 0.51953125 0.33837890625 0.048828125 0.0244140625
4 0.52734375 0.35888671875 0.052734375 0.0283203125
4 0.3369140625 0.2392578125 0.015625 0.0234375
4 0.29833984375 0.2548828125 0.0185546875 0.029296875
4 0.6806640625 0.3857421875 0.03515625 0.01953125
4 0.28564453125 0.2578125 0.0166015625 0.02734375
4 0.1318359375 0.48974609375 0.029296875 0.0166015625
4 0.1298828125 0.478515625 0.02734375 0.017578125
4 0.15673828125 0.470703125 0.0302734375 0.017578125
4 0.12744140625 0.46826171875 0.0283203125 0.0185546875
4 0.1201171875 0.44775390625 0.02734375 0.0166015625
4 0.35107421875 0.353515625 0.0263671875 0.041015625
4 0.33349609375 0.3603515625 0.0263671875 0.04296875
4 0.3154296875 0.36669921875 0.02734375 0.0439453125
4 0.29736328125 0.37353515625 0.0283203125 0.0439453125
4 0.27880859375 0.37939453125 0.0244140625 0.0419921875
4 0.26220703125 0.38623046875 0.0263671875 0.0439453125
4 0.2451171875 0.3935546875 0.0234375 0.041015625
4 0.23486328125 0.27880859375 0.0166015625 0.0283203125
4 0.25927734375 0.26806640625 0.0166015625 0.0263671875
4 0.2724609375 0.2646484375 0.017578125 0.02734375
4 0.533203125 0.37939453125 0.05078125 0.0244140625
4 0.537109375 0.39990234375 0.048828125 0.0244140625
4 0.54052734375 0.421875 0.0439453125 0.021484375
4 0.5439453125 0.44287109375 0.052734375 0.0263671875
4 0.54150390625 0.18310546875 0.0380859375 0.0205078125
4 0.5322265625 0.1474609375 0.041015625 0.021484375
4 0.62890625 0.14501953125 0.0390625 0.0205078125
4 0.63232421875 0.1650390625 0.0341796875 0.01953125
4 0.6357421875 0.18408203125 0.033203125 0.0166015625
4 0.63916015625 0.20263671875 0.0361328125 0.0205078125
4 0.642578125 0.22412109375 0.029296875 0.0166015625
4 0.64599609375 0.240234375 0.0400390625 0.01953125
4 0.650390625 0.25830078125 0.041015625 0.0224609375
4 0.6572265625 0.275390625 0.037109375 0.01953125
4 0.6591796875 0.29443359375 0.037109375 0.0185546875
4 0.66357421875 0.3125 0.0400390625 0.021484375
4 0.66748046875 0.3310546875 0.0400390625 0.01953125
4 0.671875 0.349609375 0.03515625 0.017578125
4 0.67333984375 0.36865234375 0.0380859375 0.0205078125
4 0.54443359375 0.201171875 0.0400390625 0.021484375
4 0.5498046875 0.21826171875 0.037109375 0.0185546875
4 0.5537109375 0.236328125 0.0390625 0.021484375
4 0.59130859375 0.4140625 0.0341796875 0.01953125
4 0.5498046875 0.4638671875 0.044921875 0.021484375
4 0.55517578125 0.4833984375 0.0498046875 0.025390625
4 0.587890625 0.50244140625 0.08984375 0.0380859375
4 0.603515625 0.4736328125 0.03515625 0.021484375
4 0.603515625 0.45458984375 0.0390625 0.0185546875
4 0.59521484375 0.43359375 0.0341796875 0.01953125
4 0.58642578125 0.39453125 0.0341796875 0.017578125
4 0.55615234375 0.25634765625 0.0341796875 0.0205078125
4 0.58642578125 0.3740234375 0.0439453125 0.021484375
4 0.5791015625 0.3544921875 0.0390625 0.01953125
4 0.57421875 0.3349609375 0.0390625 0.01953125
4 0.5703125 0.314453125 0.041015625 0.021484375
4 0.56396484375 0.2958984375 0.0361328125 0.021484375
4 0.5615234375 0.275390625 0.041015625 0.0234375
4 0.8798828125 0.06640625 0.03125 0.01953125
4 0.88671875 0.095703125 0.03125 0.015625
4 0.134765625 0.5 0.029296875 0.015625
5 0.89453125 0.6298828125 0.125 0.236328125
5 0.771484375 0.669921875 0.126953125 0.220703125
5 0.62744140625 0.71875 0.1416015625 0.234375
5 0.46142578125 0.76611328125 0.1240234375 0.2001953125
5 0.36572265625 0.51513671875 0.2255859375 0.1845703125
5 0.322265625 0.3427734375 0.201171875 0.14453125
5 0.322265625 0.2412109375 0.203125 0.10546875
5 0.8896484375 0.20068359375 0.14453125 0.3720703125
5 0.78564453125 0.23779296875 0.1416015625 0.3583984375
5 0.67626953125 0.27978515625 0.1435546875 0.3583984375
4 0.888671875 0.10986328125 0.029296875 0.0166015625
4 0.99365234375 0.23291015625 0.0126953125 0.0166015625
4 0.98681640625 0.1982421875 0.0263671875 0.021484375
4 0.98583984375 0.1787109375 0.0283203125 0.01953125
4 0.98388671875 0.162109375 0.0322265625 0.01953125
4 0.9833984375 0.14306640625 0.033203125 0.0205078125
4 0.97900390625 0.126953125 0.0361328125 0.01953125
4 0.97314453125 0.10986328125 0.0380859375 0.0205078125
4 0.97119140625 0.0908203125 0.0361328125 0.01953125
4 0.96923828125 0.07373046875 0.0380859375 0.0205078125
4 0.962890625 0.056640625 0.03515625 0.01953125
4 0.9580078125 0.03955078125 0.041015625 0.0224609375
4 0.95458984375 0.02099609375 0.0361328125 0.0205078125
4 0.9482421875 0.00830078125 0.037109375 0.0146484375
4 0.9912109375 0.21630859375 0.017578125 0.0166015625
4 0.9306640625 0.3779296875 0.052734375 0.025390625
4 0.94873046875 0.3564453125 0.0322265625 0.017578125
4 0.8935546875 0.12451171875 0.03515625 0.0185546875
4 0.89453125 0.13818359375 0.029296875 0.0166015625
4 0.8984375 0.15380859375 0.029296875 0.0166015625
4 0.9033203125 0.16796875 0.033203125 0.017578125
4 0.90625 0.18212890625 0.033203125 0.0185546875
4 0.9091796875 0.197265625 0.03125 0.015625
4 0.9140625 0.21044921875 0.03515625 0.0185546875
4 0.91845703125 0.24072265625 0.0302734375 0.0166015625
4 0.92333984375 0.25390625 0.0341796875 0.01953125
4 0.92724609375 0.2685546875 0.0322265625 0.017578125
4 0.92822265625 0.28369140625 0.0302734375 0.0166015625
4 0.93310546875 0.29833984375 0.0361328125 0.0185546875
4 0.93603515625 0.3134765625 0.0283203125 0.015625
4 0.93994140625 0.3271484375 0.0322265625 0.017578125
4 0.93994140625 0.34228515625 0.0283203125 0.0146484375
4 0.9912109375 0.01220703125 0.017578125 0.0166015625
4 0.9912109375 0.03125 0.017578125 0.015625
4 0.99365234375 0.04931640625 0.0126953125 0.0166015625
4 0.99609375 0.06689453125 0.0078125 0.0146484375
4 0.9970703125 0.08447265625 0.005859375 0.0146484375
4 0.99560546875 0.2509765625 0.0087890625 0.015625
4 0.9970703125 0.27001953125 0.005859375 0.0126953125
4 0.1630859375 0.4931640625 0.03125 0.017578125
4 0.13720703125 0.51123046875 0.0302734375 0.0166015625
4 0.1298828125 0.61572265625 0.017578125 0.0380859375
4 0.98046875 0.54248046875 0.03125 0.0185546875
4 0.9853515625 0.55712890625 0.029296875 0.0185546875
4 0.9853515625 0.57421875 0.029296875 0.01953125
4 0.98779296875 0.58984375 0.0244140625 0.017578125
4 0.99169921875 0.62109375 0.0166015625 0.015625
4 0.99365234375 0.63720703125 0.0126953125 0.0166015625
4 0.99658203125 0.65185546875 0.0068359375 0.0126953125
4 0.99658203125 0.66796875 0.0068359375 0.013671875
4 0.99609375 0.50537109375 0.0078125 0.0146484375
4 0.9765625 0.5263671875 0.033203125 0.01953125
4 0.96875 0.49609375 0.033203125 0.01953125
4 0.369140625 0.34619140625 0.02734375 0.0439453125
4 0.119140625 0.61962890625 0.017578125 0.0380859375
4 0.1103515625 0.62255859375 0.021484375 0.0400390625
4 0.97802734375 0.98583984375 0.0380859375 0.0244140625
4 0.9765625 0.96533203125 0.037109375 0.0224609375
4 0.9658203125 0.93017578125 0.037109375 0.0205078125
4 0.96923828125 0.94873046875 0.0322265625 0.0224609375
4 0.11376953125 0.76513671875 0.0380859375 0.0224609375
4 0.26123046875 0.33935546875 0.0224609375 0.0341796875
4 0.2763671875 0.3349609375 0.01953125 0.029296875
4 0.29052734375 0.32958984375 0.0224609375 0.0361328125
4 0.30419921875 0.32373046875 0.0224609375 0.0341796875
4 0.3203125 0.31884765625 0.0234375 0.0341796875
4 0.3369140625 0.31591796875 0.017578125 0.0244140625
4 0.3486328125 0.30517578125 0.01953125 0.0322265625
4 0.36279296875 0.302734375 0.0205078125 0.03125
4 0.37890625 0.30029296875 0.017578125 0.0263671875
4 0.3916015625 0.29296875 0.01953125 0.03125
4 0.40478515625 0.2880859375 0.0185546875 0.02734375
4 0.4208984375 0.31591796875 0.03125 0.0517578125
4 0.404296875 0.33203125 0.02734375 0.04296875
4 0.3876953125 0.33935546875 0.025390625 0.0400390625
4 0.17041015625 0.5244140625 0.0263671875 0.015625
4 0.43994140625 0.791015625 0.0302734375 0.017578125
4 0.43359375 0.7626953125 0.02734375 0.015625
4 0.42919921875 0.748046875 0.0322265625 0.017578125
4 0.4697265625 0.69091796875 0.048828125 0.0244140625
4 0.423828125 0.70703125 0.033203125 0.0625
4 0.400390625 0.712890625 0.025390625 0.044921875
4 0.4775390625 0.50732421875 0.033203125 0.0556640625
4 0.4521484375 0.5146484375 0.0390625 0.068359375
4 0.42919921875 0.5234375 0.0361328125 0.056640625
4 0.4560546875 0.45068359375 0.0390625 0.0615234375
4 0.4326171875 0.44970703125 0.02734375 0.0439453125
4 0.41455078125 0.45751953125 0.0283203125 0.0439453125
4 0.392578125 0.46240234375 0.033203125 0.0537109375
4 0.373046875 0.47119140625 0.02734375 0.0458984375
4 0.35400390625 0.4794921875 0.0302734375 0.048828125
4 0.2724609375 0.50537109375 0.03125 0.0517578125
4 0.431640625 0.7783203125 0.03515625 0.01953125
4 0.4423828125 0.80419921875 0.029296875 0.0166015625
4 0.6328125 0.626953125 0.041015625 0.021484375
4 0.44677734375 0.8193359375 0.0322265625 0.017578125
4 0.51123046875 0.8525390625 0.0263671875 0.015625
4 0.49755859375 0.8369140625 0.0478515625 0.025390625
4 0.49365234375 0.8173828125 0.0498046875 0.025390625
4 0.48681640625 0.796875 0.0478515625 0.02734375
4 0.4873046875 0.775390625 0.05078125 0.02734375
4 0.48095703125 0.75439453125 0.0556640625 0.0302734375
4 0.47998046875 0.7333984375 0.0595703125 0.03125
4 0.47412109375 0.71240234375 0.0595703125 0.0302734375
4 0.46142578125 0.671875 0.0556640625 0.029296875
4 0.328125 0.8056640625 0.0390625 0.033203125
4 0.32421875 0.8603515625 0.0625 0.048828125
4 0.3291015625 0.8310546875 0.06640625 0.05078125
4 0.3798828125 0.8408203125 0.033203125 0.05859375
4 0.419921875 0.857421875 0.03515625 0.017578125
4 0.4501953125 0.83349609375 0.033203125 0.0185546875
4 0.29248046875 0.4990234375 0.0283203125 0.046875
4 0.3125 0.49365234375 0.029296875 0.0478515625
4 0.33251953125 0.48583984375 0.0322265625 0.0517578125
4 0.3974609375 0.52587890625 0.033203125 0.0498046875
4 0.07373046875 0.447265625 0.0244140625 0.01171875
4 0.08056640625 0.46484375 0.0244140625 0.015625
4 0.08251953125 0.474609375 0.0244140625 0.015625
4 0.08203125 0.4853515625 0.0234375 0.015625
4 0.08544921875 0.49462890625 0.0224609375 0.0146484375
4 0.08935546875 0.5048828125 0.0224609375 0.013671875
4 0.09228515625 0.5234375 0.0244140625 0.013671875
4 0.0947265625 0.533203125 0.025390625 0.015625
4 0.09765625 0.54248046875 0.025390625 0.0146484375
4 0.10205078125 0.55224609375 0.0263671875 0.0146484375
4 0.10205078125 0.56298828125 0.0263671875 0.0146484375
4 0.10546875 0.5732421875 0.03125 0.017578125
4 0.17041015625 0.56005859375 0.0361328125 0.0205078125
4 0.15234375 0.55419921875 0.03125 0.0185546875
4 0.14404296875 0.54443359375 0.0283203125 0.0166015625
4 0.205078125 0.474609375 0.02734375 0.015625
4 0.2080078125 0.484375 0.025390625 0.015625
4 0.21240234375 0.4931640625 0.0302734375 0.017578125
4 0.2890625 0.62451171875 0.01953125 0.0458984375
4 0.3759765625 0.53857421875 0.037109375 0.0654296875
4 0.35400390625 0.55419921875 0.0341796875 0.0556640625
4 0.32763671875 0.56591796875 0.0341796875 0.0634765625
4 0.298828125 0.5654296875 0.03515625 0.060546875
4 0.21826171875 0.5224609375 0.0302734375 0.017578125
4 0.2265625 0.541015625 0.033203125 0.01953125
4 0.26953125 0.63232421875 0.033203125 0.0576171875
4 0.21533203125 0.5029296875 0.0263671875 0.015625
4 0.2529296875 0.67138671875 0.037109375 0.0791015625
4 0.220703125 0.66259765625 0.046875 0.0908203125
4 0.1904296875 0.64208984375 0.013671875 0.0302734375
4 0.1767578125 0.6015625 0.017578125 0.033203125
4 0.1875 0.60009765625 0.017578125 0.0322265625
4 0.197265625 0.59423828125 0.01953125 0.0361328125
4 0.62890625 0.6064453125 0.05078125 0.02734375
4 0.63916015625 0.64453125 0.0419921875 0.0234375
4 0.92138671875 0.658203125 0.0361328125 0.01953125
4 0.931640625 0.693359375 0.0390625 0.01953125
4 0.935546875 0.71142578125 0.033203125 0.0185546875
4 0.94189453125 0.728515625 0.0341796875 0.01953125
4 0.94287109375 0.74560546875 0.0322265625 0.0185546875
4 0.90673828125 0.60400390625 0.0341796875 0.0205078125
4 0.90380859375 0.58447265625 0.0380859375 0.0205078125
4 0.8974609375 0.5673828125 0.037109375 0.021484375
4 0.8955078125 0.54638671875 0.041015625 0.0224609375
4 0.85302734375 0.552734375 0.0322265625 0.01953125
4 0.84912109375 0.5380859375 0.0302734375 0.017578125
4 0.88818359375 0.52783203125 0.0302734375 0.0166015625
4 0.86181640625 0.51318359375 0.0712890625 0.0380859375
4 0.783203125 0.78759765625 0.0390625 0.0224609375
4 0.7744140625 0.7705078125 0.04296875 0.025390625
4 0.77587890625 0.751953125 0.0322265625 0.01953125
4 0.92919921875 0.6748046875 0.0419921875 0.021484375
4 0.9169921875 0.640625 0.03515625 0.01953125
4 0.58056640625 0.64111328125 0.0556640625 0.0283203125
4 0.912109375 0.6220703125 0.03515625 0.021484375
4 0.99462890625 0.48876953125 0.0107421875 0.0146484375
4 0.9736328125 0.47509765625 0.052734375 0.0302734375
4 0.8916015625 0.70556640625 0.033203125 0.0205078125
4 0.88671875 0.69091796875 0.033203125 0.0185546875
4 0.884765625 0.67431640625 0.033203125 0.0185546875
4 0.88037109375 0.6591796875 0.0341796875 0.01953125
4 0.8759765625 0.6435546875 0.03125 0.017578125
4 0.8740234375 0.62744140625 0.033203125 0.0185546875
4 0.8662109375 0.61279296875 0.03515625 0.0205078125
4 0.865234375 0.59716796875 0.03125 0.0185546875
4 0.8603515625 0.58251953125 0.03125 0.0185546875
4 0.857421875 0.5673828125 0.033203125 0.01953125
4 0.81787109375 0.75830078125 0.0380859375 0.0224609375
4 0.81494140625 0.740234375 0.0380859375 0.021484375
4 0.81005859375 0.72119140625 0.0419921875 0.0205078125
4 0.76611328125 0.73193359375 0.0380859375 0.0224609375
4 0.6171875 0.787109375 0.056640625 0.029296875
4 0.6240234375 0.80810546875 0.044921875 0.0244140625
4 0.68408203125 0.8125 0.0380859375 0.0234375
4 0.67822265625 0.79296875 0.0419921875 0.021484375
4 0.673828125 0.7734375 0.044921875 0.0234375
4 0.6708984375 0.75390625 0.04296875 0.025390625
4 0.6640625 0.736328125 0.044921875 0.0234375
4 0.66064453125 0.71826171875 0.0439453125 0.0244140625
4 0.60400390625 0.724609375 0.0478515625 0.025390625
4 0.599609375 0.7041015625 0.05078125 0.025390625
4 0.65478515625 0.69873046875 0.0439453125 0.0263671875
4 0.64697265625 0.681640625 0.0380859375 0.0234375
4 0.64208984375 0.66357421875 0.0419921875 0.0244140625
4 0.59423828125 0.6826171875 0.0498046875 0.02734375
4 0.58935546875 0.66259765625 0.0458984375 0.0244140625
4 0.61376953125 0.76611328125 0.0498046875 0.0263671875
4 0.7392578125 0.56103515625 0.05859375 0.0302734375
4 0.72900390625 0.58544921875 0.0419921875 0.0244140625
4 0.791015625 0.6484375 0.0390625 0.021484375
4 0.763671875 0.71337890625 0.0390625 0.0224609375
4 0.80517578125 0.70263671875 0.0341796875 0.0205078125
4 0.79833984375 0.68505859375 0.0361328125 0.0185546875
4 0.75927734375 0.6953125 0.0361328125 0.021484375
4 0.751953125 0.67822265625 0.044921875 0.0244140625
4 0.79345703125 0.66552734375 0.0380859375 0.0224609375
4 0.74951171875 0.66015625 0.0361328125 0.021484375
4 0.77099609375 0.57470703125 0.0361328125 0.0205078125
4 0.7451171875 0.6396484375 0.041015625 0.0234375
4 0.787109375 0.62939453125 0.041015625 0.0224609375
4 0.77978515625 0.611328125 0.0380859375 0.0234375
4 0.73828125 0.6220703125 0.04296875 0.025390625
4 0.73388671875 0.60400390625 0.0419921875 0.0244140625
4 0.775390625 0.59375 0.037109375 0.021484375
5 0.54345703125 0.32958984375 0.1591796875 0.3525390625
