4 0.95751953125 0.5947265625 0.0302734375 0.064453125
4 0.986328125 0.52490234375 0.02734375 0.0478515625
4 0.9619140625 0.53125 0.02734375 0.048828125
4 0.9404296875 0.53369140625 0.0234375 0.0517578125
4 0.91796875 0.5419921875 0.025390625 0.044921875
4 0.99267578125 0.583984375 0.0146484375 0.064453125
4 0.978515625 0.58740234375 0.029296875 0.0556640625
4 0.9384765625 0.60791015625 0.029296875 0.0537109375
4 0.9931640625 0.39794921875 0.013671875 0.0537109375
5 0.92236328125 0.3935546875 0.1552734375 0.138671875
5 0.96728515625 0.74609375 0.0654296875 0.0859375
5 0.94384765625 0.56640625 0.1123046875 0.1328125
5 0.90234375 0.23486328125 0.1953125 0.1357421875
5 0.89599609375 0.09716796875 0.2080078125 0.1298828125
4 0.97802734375 0.40380859375 0.0244140625 0.0439453125
4 0.84619140625 0.134765625 0.0205078125 0.037109375
4 0.78662109375 0.0166015625 0.0224609375 0.03125
4 0.90087890625 0.07421875 0.0224609375 0.0390625
4 0.884765625 0.07958984375 0.01953125 0.0341796875
4 0.86865234375 0.0849609375 0.0205078125 0.037109375
4 0.8515625 0.08935546875 0.01953125 0.0361328125
4 0.83447265625 0.09033203125 0.0205078125 0.0380859375
4 0.81982421875 0.09619140625 0.0224609375 0.0400390625
4 0.8037109375 0.1005859375 0.017578125 0.03125
4 0.830078125 0.13818359375 0.01953125 0.0361328125
4 0.8623046875 0.13134765625 0.01953125 0.0341796875
4 0.95703125 0.40869140625 0.025390625 0.0439453125
4 0.8779296875 0.12548828125 0.01953125 0.0361328125
4 0.89306640625 0.12255859375 0.0205078125 0.0380859375
4 0.92578125 0.11474609375 0.01953125 0.0341796875
4 0.9150390625 0.06787109375 0.01953125 0.0341796875
4 0.93212890625 0.068359375 0.0205078125 0.037109375
4 0.9501953125 0.06396484375 0.01953125 0.0361328125
4 0.96435546875 0.05810546875 0.0205078125 0.0341796875
4 0.98046875 0.0546875 0.01953125 0.03515625
4 0.943359375 0.10888671875 0.021484375 0.0361328125
4 0.8125 0.01318359375 0.017578125 0.0244140625
4 0.84765625 0.01220703125 0.021484375 0.0224609375
4 0.86181640625 0.00830078125 0.0166015625 0.0146484375
4 0.8759765625 0.005859375 0.013671875 0.009765625
4 0.892578125 0.00341796875 0.013671875 0.0048828125
4 0.95947265625 0.10400390625 0.0205078125 0.0361328125
4 0.97509765625 0.099609375 0.0185546875 0.033203125
4 0.9912109375 0.09765625 0.017578125 0.03515625
4 0.849609375 0.22021484375 0.021484375 0.0380859375
4 0.99365234375 0.23681640625 0.0126953125 0.0439453125
4 0.98193359375 0.24755859375 0.0263671875 0.0458984375
4 0.96044921875 0.24560546875 0.0205078125 0.0380859375
4 0.94287109375 0.25 0.0244140625 0.04296875
4 0.923828125 0.25341796875 0.025390625 0.0458984375
4 0.90576171875 0.25927734375 0.0224609375 0.0400390625
4 0.8876953125 0.26220703125 0.0234375 0.0439453125
4 0.87060546875 0.267578125 0.0224609375 0.04296875
4 0.84912109375 0.27587890625 0.0244140625 0.0419921875
4 0.9873046875 0.34619140625 0.0234375 0.0419921875
4 0.97119140625 0.3544921875 0.0244140625 0.041015625
4 0.953125 0.359375 0.0234375 0.041015625
4 0.875 0.375 0.025390625 0.04296875
4 0.89501953125 0.3720703125 0.0244140625 0.044921875
4 0.91259765625 0.3642578125 0.0244140625 0.044921875
4 0.9326171875 0.3642578125 0.0234375 0.041015625
4 0.89111328125 0.43115234375 0.0224609375 0.0458984375
4 0.91162109375 0.419921875 0.0283203125 0.052734375
4 0.9345703125 0.41748046875 0.025390625 0.0478515625
4 0.81982421875 0.22802734375 0.0166015625 0.0244140625
4 0.8671875 0.22314453125 0.01953125 0.0341796875
4 0.88525390625 0.21875 0.0185546875 0.033203125
4 0.9931640625 0.05029296875 0.013671875 0.0380859375
4 0.99365234375 0.18701171875 0.0126953125 0.0380859375
4 0.96435546875 0.1943359375 0.0205078125 0.03515625
4 0.94873046875 0.19775390625 0.0205078125 0.0322265625
4 0.93505859375 0.20361328125 0.0185546875 0.0322265625
4 0.91748046875 0.208984375 0.0224609375 0.03515625
4 0.900390625 0.21240234375 0.021484375 0.0361328125
4 0.9462890625 0.7265625 0.015625 0.02734375
4 0.98974609375 0.73828125 0.0205078125 0.064453125
4 0.970703125 0.7392578125 0.033203125 0.056640625
