5 0.134765625 0.962890625 0.12109375 0.07421875
5 0.13232421875 0.67333984375 0.2626953125 0.1943359375
8 0.02587890625 0.607421875 0.0478515625 0.060546875
5 0.7216796875 0.7685546875 0.142578125 0.19140625
5 0.6318359375 0.8037109375 0.162109375 0.232421875
5 0.5322265625 0.857421875 0.1640625 0.232421875
5 0.423828125 0.89794921875 0.162109375 0.2041015625
5 0.291015625 0.92724609375 0.15234375 0.1455078125
4 0.30908203125 0.919921875 0.0400390625 0.03125
4 0.30078125 0.9033203125 0.04296875 0.033203125
4 0.291015625 0.88818359375 0.041015625 0.0302734375
4 0.283203125 0.87353515625 0.0390625 0.0302734375
4 0.27197265625 0.85498046875 0.0439453125 0.0341796875
4 0.2294921875 0.876953125 0.052734375 0.0390625
4 0.23876953125 0.896484375 0.0439453125 0.03125
4 0.24755859375 0.9111328125 0.0439453125 0.03125
4 0.25634765625 0.92724609375 0.0419921875 0.0322265625
4 0.27099609375 0.95947265625 0.0439453125 0.0322265625
4 0.27880859375 0.97509765625 0.0458984375 0.0322265625
4 0.28857421875 0.9873046875 0.0400390625 0.025390625
4 0.3251953125 0.95068359375 0.041015625 0.0302734375
4 0.2021484375 0.513671875 0.017578125 0.025390625
4 0.15087890625 0.56689453125 0.0224609375 0.0302734375
4 0.162109375 0.56494140625 0.021484375 0.0302734375
4 0.17236328125 0.55908203125 0.0205078125 0.0302734375
4 0.103515625 0.98583984375 0.046875 0.0283203125
4 0.09423828125 0.97119140625 0.0478515625 0.0341796875
4 0.08935546875 0.94921875 0.0517578125 0.0390625
4 0.13623046875 0.92724609375 0.0439453125 0.0283203125
4 0.14404296875 0.9462890625 0.0419921875 0.03125
4 0.15380859375 0.962890625 0.0419921875 0.03125
4 0.16064453125 0.98095703125 0.0439453125 0.0341796875
4 0.17333984375 0.990234375 0.0419921875 0.01953125
4 0.19287109375 0.51171875 0.0146484375 0.02734375
4 0.18505859375 0.509765625 0.0146484375 0.02734375
4 0.17626953125 0.5068359375 0.0146484375 0.02734375
4 0.12353515625 0.5859375 0.0224609375 0.03125
4 0.0078125 0.74072265625 0.013671875 0.0302734375
4 0.01806640625 0.72998046875 0.0341796875 0.0498046875
4 0.03466796875 0.71728515625 0.0419921875 0.0537109375
4 0.05615234375 0.70654296875 0.0400390625 0.0537109375
4 0.076171875 0.6982421875 0.037109375 0.05078125
4 0.09228515625 0.68505859375 0.0322265625 0.0458984375
4 0.1142578125 0.6806640625 0.033203125 0.048828125
4 0.13232421875 0.66943359375 0.0380859375 0.0537109375
4 0.169921875 0.6484375 0.033203125 0.046875
4 0.18994140625 0.6376953125 0.0419921875 0.056640625
4 0.2841796875 0.63134765625 0.048828125 0.0341796875
4 0.13232421875 0.58056640625 0.0205078125 0.0302734375
4 0.1689453125 0.50439453125 0.013671875 0.0283203125
4 0.142578125 0.57421875 0.021484375 0.029296875
4 0.05810546875 0.5478515625 0.0283203125 0.0234375
4 0.06396484375 0.55810546875 0.0283203125 0.0205078125
4 0.0712890625 0.5673828125 0.025390625 0.01953125
4 0.07470703125 0.57666015625 0.0283203125 0.0185546875
4 0.07958984375 0.59619140625 0.0224609375 0.0185546875
4 0.0859375 0.60546875 0.029296875 0.0234375
4 0.064453125 0.48095703125 0.017578125 0.0302734375
4 0.0751953125 0.48193359375 0.015625 0.0283203125
4 0.0849609375 0.48388671875 0.015625 0.0283203125
4 0.0947265625 0.486328125 0.015625 0.029296875
4 0.15234375 0.5009765625 0.013671875 0.029296875
4 0.16015625 0.5029296875 0.013671875 0.029296875
4 0.31640625 0.93505859375 0.0390625 0.0302734375
4 0.33203125 0.96728515625 0.037109375 0.0283203125
4 0.716796875 0.7255859375 0.025390625 0.01953125
4 0.67333984375 0.83837890625 0.0244140625 0.0205078125
4 0.68359375 0.85107421875 0.029296875 0.0224609375
4 0.69140625 0.8642578125 0.025390625 0.01953125
4 0.697265625 0.87744140625 0.025390625 0.0185546875
4 0.66015625 0.8974609375 0.033203125 0.0234375
4 0.65234375 0.884765625 0.03125 0.0234375
4 0.64599609375 0.8701171875 0.0341796875 0.025390625
4 0.6376953125 0.85693359375 0.033203125 0.0244140625
4 0.630859375 0.84326171875 0.03125 0.0224609375
4 0.625 0.830078125 0.033203125 0.02734375
4 0.61767578125 0.81640625 0.0322265625 0.0234375
4 0.6123046875 0.80126953125 0.029296875 0.0224609375
4 0.60498046875 0.78857421875 0.0302734375 0.0224609375
4 0.59521484375 0.7763671875 0.0302734375 0.0234375
4 0.587890625 0.76220703125 0.03515625 0.0244140625
4 0.58154296875 0.74951171875 0.0322265625 0.0244140625
4 0.5751953125 0.73486328125 0.03125 0.0224609375
4 0.671875 0.71728515625 0.025390625 0.0205078125
4 0.67919921875 0.7294921875 0.0263671875 0.01953125
4 0.6865234375 0.7431640625 0.02734375 0.021484375
4 0.69287109375 0.7568359375 0.0263671875 0.01953125
4 0.70068359375 0.77001953125 0.0263671875 0.0185546875
4 0.70751953125 0.78466796875 0.0302734375 0.0224609375
4 0.7158203125 0.7978515625 0.025390625 0.01953125
4 0.72314453125 0.81103515625 0.0263671875 0.0185546875
4 0.73095703125 0.82470703125 0.0263671875 0.0185546875
4 0.7373046875 0.83984375 0.02734375 0.021484375
4 0.6953125 0.685546875 0.025390625 0.021484375
4 0.70263671875 0.6982421875 0.0263671875 0.021484375
4 0.658203125 0.81103515625 0.025390625 0.0205078125
4 0.65234375 0.79833984375 0.02734375 0.0205078125
4 0.6455078125 0.78369140625 0.02734375 0.0205078125
4 0.63623046875 0.77099609375 0.0263671875 0.0205078125
4 0.666015625 0.703125 0.025390625 0.01953125
4 0.56689453125 0.7001953125 0.0556640625 0.041015625
4 0.56591796875 0.72314453125 0.0322265625 0.0244140625
4 0.599609375 0.70458984375 0.021484375 0.0166015625
4 0.6083984375 0.7177734375 0.025390625 0.01953125
4 0.61767578125 0.7294921875 0.0283203125 0.021484375
4 0.62255859375 0.74462890625 0.0263671875 0.0205078125
4 0.6298828125 0.7578125 0.02734375 0.021484375
4 0.71044921875 0.712890625 0.0283203125 0.021484375
4 0.72412109375 0.74072265625 0.0244140625 0.0185546875
4 0.33984375 0.98388671875 0.03515625 0.0263671875
4 0.7314453125 0.75341796875 0.0234375 0.0185546875
4 0.4912109375 0.98193359375 0.03125 0.0244140625
4 0.48388671875 0.9658203125 0.0302734375 0.0234375
4 0.4755859375 0.95166015625 0.033203125 0.0263671875
4 0.44384765625 0.98828125 0.0341796875 0.0234375
4 0.43603515625 0.97265625 0.0361328125 0.02734375
4 0.46728515625 0.93603515625 0.0341796875 0.0263671875
4 0.4599609375 0.92041015625 0.03515625 0.0283203125
4 0.45166015625 0.90576171875 0.0322265625 0.0244140625
4 0.4443359375 0.8896484375 0.033203125 0.025390625
4 0.435546875 0.8740234375 0.03515625 0.02734375
4 0.42724609375 0.85888671875 0.0322265625 0.0244140625
4 0.4189453125 0.84130859375 0.033203125 0.0263671875
4 0.40966796875 0.82763671875 0.0302734375 0.0244140625
4 0.40380859375 0.81005859375 0.0361328125 0.0263671875
4 0.3740234375 0.8017578125 0.0546875 0.0390625
4 0.36328125 0.83154296875 0.03515625 0.0263671875
4 0.3701171875 0.84765625 0.0390625 0.029296875
4 0.376953125 0.865234375 0.037109375 0.02734375
4 0.38720703125 0.87890625 0.0361328125 0.02734375
4 0.39599609375 0.8935546875 0.0380859375 0.02734375
4 0.4033203125 0.90966796875 0.037109375 0.0283203125
4 0.4111328125 0.92578125 0.0390625 0.02734375
4 0.41748046875 0.94287109375 0.0419921875 0.0302734375
4 0.42626953125 0.95751953125 0.0419921875 0.0302734375
4 0.35107421875 0.99169921875 0.0361328125 0.0166015625
4 0.5341796875 0.9072265625 0.033203125 0.0234375
4 0.5263671875 0.892578125 0.033203125 0.025390625
4 0.52099609375 0.8779296875 0.0302734375 0.0234375
4 0.5576171875 0.8583984375 0.03125 0.021484375
4 0.7373046875 0.767578125 0.025390625 0.01953125
4 0.74609375 0.7802734375 0.02734375 0.021484375
4 0.7548828125 0.79345703125 0.02734375 0.0224609375
4 0.7646484375 0.80615234375 0.02734375 0.0205078125
4 0.77392578125 0.81982421875 0.0263671875 0.0205078125
4 0.78076171875 0.8330078125 0.0263671875 0.0234375
4 0.5966796875 0.927734375 0.03515625 0.025390625
4 0.55224609375 0.95166015625 0.0341796875 0.0263671875
4 0.548828125 0.9365234375 0.03125 0.0234375
4 0.54052734375 0.92138671875 0.0341796875 0.0263671875
4 0.57763671875 0.90283203125 0.0263671875 0.0205078125
4 0.56982421875 0.88818359375 0.0263671875 0.0205078125
4 0.5625 0.8740234375 0.029296875 0.021484375
4 0.54833984375 0.84521484375 0.0263671875 0.0224609375
4 0.51171875 0.8623046875 0.03515625 0.025390625
4 0.54248046875 0.82958984375 0.0244140625 0.0185546875
4 0.53466796875 0.81494140625 0.0322265625 0.0244140625
4 0.5263671875 0.7998046875 0.03515625 0.02734375
4 0.5166015625 0.78662109375 0.03125 0.0244140625
4 0.51220703125 0.77099609375 0.0341796875 0.0263671875
4 0.50341796875 0.7578125 0.0302734375 0.0234375
4 0.47607421875 0.74658203125 0.0634765625 0.0478515625
4 0.4658203125 0.7763671875 0.02734375 0.021484375
4 0.4736328125 0.791015625 0.03515625 0.02734375
4 0.4814453125 0.80712890625 0.033203125 0.0244140625
4 0.49072265625 0.81982421875 0.0302734375 0.0224609375
4 0.49853515625 0.833984375 0.0322265625 0.0234375
4 0.5048828125 0.8486328125 0.03125 0.0234375
