4 0.15673828125 0.05517578125 0.0361328125 0.0263671875
5 0.90380859375 0.810546875 0.1591796875 0.013671875
5 0.908203125 0.7421875 0.158203125 0.0625
5 0.83837890625 0.580078125 0.1142578125 0.1015625
5 0.78857421875 0.3505859375 0.1162109375 0.078125
5 0.76220703125 0.13134765625 0.0927734375 0.2607421875
5 0.2626953125 0.76220703125 0.115234375 0.1826171875
5 0.2177734375 0.63916015625 0.138671875 0.1240234375
5 0.1884765625 0.46875 0.224609375 0.1640625
5 0.138671875 0.318359375 0.228515625 0.158203125
5 0.10205078125 0.18212890625 0.2021484375 0.1455078125
5 0.08251953125 0.0546875 0.1630859375 0.107421875
4 0.1728515625 0.0224609375 0.033203125 0.04296875
4 0.09130859375 0.080078125 0.0400390625 0.02734375
4 0.14990234375 0.51171875 0.0244140625 0.04296875
4 0.9013671875 0.61376953125 0.015625 0.0439453125
4 0.95361328125 0.73046875 0.0107421875 0.03125
4 0.90185546875 0.73486328125 0.0517578125 0.0185546875
4 0.8994140625 0.751953125 0.05078125 0.017578125
4 0.8837890625 0.7822265625 0.1015625 0.02734375
4 0.294921875 0.849609375 0.052734375 0.03515625
4 0.2685546875 0.77001953125 0.052734375 0.0341796875
4 0.25390625 0.72900390625 0.052734375 0.0341796875
4 0.24658203125 0.70947265625 0.0498046875 0.0322265625
4 0.23291015625 0.65576171875 0.0830078125 0.0498046875
4 0.2734375 0.60498046875 0.02734375 0.0458984375
4 0.23291015625 0.6103515625 0.0263671875 0.04296875
4 0.189453125 0.62646484375 0.03125 0.0478515625
4 0.1923828125 0.4375 0.025390625 0.0390625
4 0.1611328125 0.4501953125 0.02734375 0.041015625
4 0.125 0.4638671875 0.01953125 0.033203125
4 0.1103515625 0.46728515625 0.025390625 0.0380859375
4 0.095703125 0.47119140625 0.01953125 0.0283203125
4 0.11474609375 0.52099609375 0.0205078125 0.0302734375
4 0.845703125 0.61083984375 0.01171875 0.0263671875
4 0.81005859375 0.61328125 0.0146484375 0.044921875
4 0.76513671875 0.26708984375 0.0478515625 0.0185546875
4 0.76220703125 0.24072265625 0.0498046875 0.0185546875
4 0.76611328125 0.03515625 0.0576171875 0.01953125
4 0.76513671875 0.10107421875 0.0517578125 0.0205078125
4 0.75537109375 0.12890625 0.0771484375 0.025390625
4 0.76171875 0.2021484375 0.05859375 0.01953125
4 0.13232421875 0.51806640625 0.0283203125 0.0478515625
4 0.16845703125 0.50341796875 0.0283203125 0.0498046875
4 0.1474609375 0.02099609375 0.03125 0.0400390625
4 0.18994140625 0.494140625 0.0302734375 0.048828125
4 0.076171875 0.2138671875 0.0234375 0.037109375
4 0.0478515625 0.22412109375 0.021484375 0.0322265625
4 0.03173828125 0.2265625 0.0244140625 0.037109375
4 0.00732421875 0.2392578125 0.0126953125 0.02734375
4 0.0185546875 0.1875 0.025390625 0.03515625
4 0.0068359375 0.19189453125 0.01171875 0.0322265625
4 0.0185546875 0.10986328125 0.03515625 0.0244140625
4 0.01220703125 0.05908203125 0.0224609375 0.0419921875
4 0.05712890625 0.04150390625 0.0380859375 0.0654296875
4 0.083984375 0.03662109375 0.03515625 0.0576171875
4 0.10400390625 0.029296875 0.0380859375 0.056640625
4 0.125 0.02587890625 0.03515625 0.0498046875
4 0.08984375 0.20556640625 0.021484375 0.0341796875
4 0.10302734375 0.20068359375 0.0205078125 0.0322265625
4 0.1328125 0.18994140625 0.025390625 0.0380859375
4 0.14501953125 0.28759765625 0.0224609375 0.0322265625
4 0.26318359375 0.49560546875 0.0556640625 0.0322265625
4 0.2548828125 0.43115234375 0.04296875 0.0283203125
4 0.24609375 0.4091796875 0.052734375 0.03125
4 0.201171875 0.263671875 0.0625 0.0390625
4 0.22119140625 0.310546875 0.0634765625 0.037109375
4 0.16259765625 0.33154296875 0.0244140625 0.0380859375
4 0.0390625 0.3251953125 0.013671875 0.01953125
4 0.05859375 0.37841796875 0.013671875 0.0244140625
4 0.13037109375 0.29296875 0.0244140625 0.037109375
4 0.171875 0.1728515625 0.0546875 0.033203125
4 0.083984375 0.31005859375 0.025390625 0.0380859375
4 0.05126953125 0.17431640625 0.0244140625 0.0361328125
4 0.06787109375 0.16845703125 0.0224609375 0.0341796875
4 0.10107421875 0.1552734375 0.0244140625 0.03515625
4 0.119140625 0.1494140625 0.01953125 0.025390625
4 0.14892578125 0.1123046875 0.0458984375 0.029296875
4 0.16015625 0.130859375 0.0546875 0.033203125
4 0.16552734375 0.1513671875 0.0478515625 0.033203125
