7 0.66064453125 0.47021484375 0.2138671875 0.3798828125
7 0.43701171875 0.4638671875 0.2158203125 0.376953125
8 0.0126953125 0.56640625 0.0234375 0.08984375
8 0.0107421875 0.7001953125 0.01953125 0.08984375
8 0.06591796875 0.7021484375 0.0458984375 0.08984375
8 0.06201171875 0.83544921875 0.0458984375 0.0888671875
8 0.12939453125 0.8388671875 0.0458984375 0.08984375
12 0.2001953125 0.701171875 0.060546875 0.1015625
12 0.13427734375 0.69970703125 0.0576171875 0.1025390625
9 0.2734375 0.197265625 0.0859375 0.046875
12 0.205078125 0.84033203125 0.060546875 0.1123046875
9 0.32763671875 0.12744140625 0.1884765625 0.0888671875
9 0.3779296875 0.03466796875 0.140625 0.0673828125
7 0.0927734375 0.2333984375 0.18359375 0.4140625
