7 0.96240234375 0.55712890625 0.0751953125 0.3759765625
7 0.80810546875 0.552734375 0.2158203125 0.376953125
8 0.23681640625 0.650390625 0.0439453125 0.08984375
8 0.3056640625 0.65283203125 0.044921875 0.0908203125
8 0.37255859375 0.6552734375 0.0458984375 0.08984375
8 0.3017578125 0.787109375 0.044921875 0.08984375
8 0.3681640625 0.7890625 0.046875 0.08984375
8 0.43701171875 0.791015625 0.0458984375 0.08984375
8 0.43310546875 0.92431640625 0.0458984375 0.0888671875
8 0.50048828125 0.927734375 0.0458984375 0.08984375
12 0.5712890625 0.7900390625 0.060546875 0.1015625
12 0.50537109375 0.78857421875 0.0576171875 0.1025390625
9 0.64453125 0.2861328125 0.0859375 0.046875
12 0.576171875 0.92919921875 0.060546875 0.1123046875
10 0.0791015625 0.19873046875 0.146484375 0.1416015625
9 0.69873046875 0.21630859375 0.1884765625 0.0888671875
9 0.7490234375 0.111328125 0.140625 0.091796875
7 0.4296875 0.32177734375 0.251953125 0.4150390625
