0 0.56787109375 0.75146484375 0.0205078125 0.0341796875
0 0.07421875 0.53515625 0.03515625 0.01953125
8 0.3154296875 0.2216796875 0.0859375 0.181640625
8 0.451171875 0.25634765625 0.091796875 0.1865234375
8 0.58544921875 0.291015625 0.0888671875 0.181640625
8 0.79150390625 0.33544921875 0.2001953125 0.1435546875
8 0.5732421875 0.58154296875 0.091796875 0.1826171875
8 0.43603515625 0.5751953125 0.0927734375 0.181640625
8 0.29833984375 0.5341796875 0.0927734375 0.1796875
9 0.7109375 0.4375 0.078125 0.05859375
8 0.9736328125 0.40576171875 0.052734375 0.0966796875
0 0.1826171875 0.537109375 0.033203125 0.017578125
0 0.34814453125 0.72509765625 0.0244140625 0.0361328125
0 0.18359375 0.576171875 0.033203125 0.017578125
0 0.1845703125 0.49560546875 0.033203125 0.0185546875
0 0.1875 0.4150390625 0.0390625 0.017578125
0 0.18603515625 0.43603515625 0.0341796875 0.0166015625
0 0.07958984375 0.51416015625 0.0400390625 0.0224609375
0 0.0859375 0.4765625 0.0234375 0.033203125
0 0.06201171875 0.4755859375 0.0205078125 0.041015625
0 0.18310546875 0.51416015625 0.0361328125 0.0185546875
0 0.0400390625 0.47705078125 0.01953125 0.0400390625
8 0.17431640625 0.21826171875 0.0927734375 0.1806640625
