0 0.01953125 0.88623046875 0.03515625 0.0478515625
0 0.04736328125 0.1318359375 0.0224609375 0.037109375
0 0.0283203125 0.38623046875 0.025390625 0.0380859375
0 0.01611328125 0.4287109375 0.0224609375 0.03515625
0 0.0361328125 0.4228515625 0.0234375 0.037109375
0 0.05908203125 0.42138671875 0.0244140625 0.0400390625
0 0.03759765625 0.30029296875 0.0224609375 0.0419921875
0 0.09033203125 0.27490234375 0.0263671875 0.0400390625
8 0.93408203125 0.75048828125 0.0986328125 0.1845703125
0 0.02099609375 0.84619140625 0.0302734375 0.0380859375
8 0.79833984375 0.76220703125 0.1005859375 0.1884765625
8 0.65673828125 0.7158203125 0.1005859375 0.185546875
8 0.52197265625 0.72607421875 0.0986328125 0.1845703125
8 0.765625 0.39990234375 0.099609375 0.1845703125
8 0.626953125 0.34716796875 0.099609375 0.1845703125
8 0.48583984375 0.3017578125 0.0986328125 0.185546875
8 0.255859375 0.37744140625 0.09765625 0.1826171875
0 0.05517578125 0.7109375 0.0263671875 0.0390625
0 0.04443359375 0.751953125 0.0263671875 0.04296875
0 0.033203125 0.7109375 0.025390625 0.0390625
0 0.20751953125 0.78076171875 0.0224609375 0.0380859375
0 0.060546875 0.84326171875 0.03125 0.0400390625
0 0.4111328125 0.63525390625 0.01953125 0.0361328125
0 0.03076171875 0.62109375 0.0185546875 0.0390625
0 0.2744140625 0.65576171875 0.021484375 0.0380859375
0 0.06787109375 0.7529296875 0.0302734375 0.04296875
0 0.2919921875 0.7822265625 0.029296875 0.041015625
0 0.01953125 0.9716796875 0.021484375 0.03515625
0 0.01904296875 0.76025390625 0.0302734375 0.0419921875
0 0.0126953125 0.70947265625 0.0234375 0.0341796875
0 0.2421875 0.73291015625 0.029296875 0.0478515625
0 0.35595703125 0.77294921875 0.0263671875 0.0400390625
0 0.27197265625 0.78076171875 0.0263671875 0.0380859375
0 0.19775390625 0.74560546875 0.0244140625 0.0380859375
0 0.22509765625 0.7841796875 0.0224609375 0.03515625
