4 0.18017578125 0.14208984375 0.0263671875 0.0263671875
4 0.19091796875 0.1328125 0.0263671875 0.02734375
4 0.20068359375 0.12255859375 0.0283203125 0.0302734375
4 0.21728515625 0.09912109375 0.0322265625 0.0224609375
4 0.23193359375 0.08740234375 0.0419921875 0.0322265625
4 0.2763671875 0.0126953125 0.048828125 0.0234375
4 0.26953125 0.02490234375 0.05078125 0.0380859375
4 0.25732421875 0.03857421875 0.0439453125 0.0361328125
4 0.25146484375 0.05517578125 0.0439453125 0.0341796875
4 0.23876953125 0.06982421875 0.0400390625 0.0283203125
5 0.24853515625 0.06201171875 0.1201171875 0.1220703125
5 0.376953125 0.13134765625 0.1875 0.2607421875
5 0.10986328125 0.22314453125 0.2177734375 0.2529296875
5 0.0361328125 0.73291015625 0.0703125 0.1259765625
5 0.083984375 0.59765625 0.166015625 0.2109375
5 0.13720703125 0.49853515625 0.1845703125 0.1904296875
5 0.205078125 0.41015625 0.1640625 0.16796875
5 0.27001953125 0.3212890625 0.1376953125 0.140625
4 0.06201171875 0.26513671875 0.0283203125 0.0302734375
4 0.07080078125 0.2529296875 0.0224609375 0.0234375
4 0.0810546875 0.244140625 0.0234375 0.0234375
4 0.09130859375 0.23583984375 0.0283203125 0.0283203125
4 0.11083984375 0.2138671875 0.0302734375 0.029296875
4 0.12109375 0.2041015625 0.025390625 0.025390625
4 0.14208984375 0.18310546875 0.0283203125 0.0302734375
4 0.1513671875 0.17431640625 0.02734375 0.0263671875
4 0.16064453125 0.16259765625 0.0244140625 0.0244140625
4 0.0556640625 0.751953125 0.029296875 0.02734375
4 0.0830078125 0.74951171875 0.0234375 0.0224609375
4 0.0390625 0.79345703125 0.025390625 0.0244140625
4 0.02587890625 0.78466796875 0.0283203125 0.0302734375
4 0.01708984375 0.77197265625 0.0322265625 0.0361328125
4 0.04736328125 0.740234375 0.0244140625 0.025390625
4 0.03564453125 0.72900390625 0.0283203125 0.0302734375
4 0.009765625 0.7587890625 0.017578125 0.025390625
4 0.0048828125 0.7412109375 0.0078125 0.017578125
4 0.0224609375 0.716796875 0.025390625 0.02734375
4 0.0146484375 0.7041015625 0.02734375 0.03125
4 0.04931640625 0.2724609375 0.0244140625 0.025390625
4 0.03125 0.2939453125 0.02734375 0.025390625
4 0.0205078125 0.3046875 0.025390625 0.0234375
4 0.01220703125 0.3134765625 0.0224609375 0.025390625
4 0.0078125 0.3271484375 0.013671875 0.021484375
4 0.27099609375 0.3447265625 0.0302734375 0.029296875
4 0.25927734375 0.333984375 0.0263671875 0.02734375
4 0.24853515625 0.322265625 0.0263671875 0.02734375
4 0.23779296875 0.3125 0.0283203125 0.029296875
4 0.228515625 0.30224609375 0.0234375 0.0244140625
4 0.21728515625 0.29150390625 0.0283203125 0.0283203125
4 0.12939453125 0.359375 0.0263671875 0.02734375
4 0.166015625 0.34375 0.0234375 0.02734375
4 0.17822265625 0.35302734375 0.0244140625 0.0283203125
4 0.18994140625 0.36474609375 0.0322265625 0.0322265625
4 0.19775390625 0.37744140625 0.0244140625 0.0263671875
4 0.16064453125 0.3916015625 0.0283203125 0.029296875
4 0.15087890625 0.38037109375 0.0244140625 0.0244140625
4 0.13916015625 0.369140625 0.0244140625 0.0234375
4 0.17333984375 0.40234375 0.0263671875 0.02734375
4 0.1845703125 0.41162109375 0.025390625 0.0244140625
4 0.193359375 0.4248046875 0.02734375 0.02734375
4 0.22900390625 0.40966796875 0.0244140625 0.0244140625
4 0.208984375 0.38525390625 0.02734375 0.0283203125
4 0.2041015625 0.43408203125 0.025390625 0.0263671875
4 0.2138671875 0.44580078125 0.029296875 0.0302734375
4 0.240234375 0.419921875 0.0234375 0.025390625
4 0.23583984375 0.46630859375 0.0263671875 0.0263671875
4 0.2470703125 0.47705078125 0.025390625 0.0263671875
4 0.25634765625 0.4892578125 0.0283203125 0.03125
4 0.27783203125 0.35888671875 0.0263671875 0.0283203125
4 0.29345703125 0.3671875 0.0263671875 0.029296875
4 0.32275390625 0.39208984375 0.0126953125 0.0224609375
4 0.34716796875 0.181640625 0.0419921875 0.033203125
4 0.43896484375 0.01171875 0.0341796875 0.021484375
4 0.42822265625 0.025390625 0.0380859375 0.029296875
4 0.42041015625 0.04248046875 0.0361328125 0.0302734375
4 0.40380859375 0.0546875 0.0283203125 0.0234375
4 0.40380859375 0.0703125 0.0361328125 0.02734375
4 0.39599609375 0.08544921875 0.0439453125 0.0322265625
4 0.388671875 0.1025390625 0.037109375 0.02734375
4 0.380859375 0.1181640625 0.037109375 0.02734375
4 0.369140625 0.1318359375 0.0390625 0.029296875
4 0.359375 0.14697265625 0.04296875 0.0341796875
4 0.35498046875 0.16455078125 0.0400390625 0.0302734375
4 0.33544921875 0.197265625 0.0458984375 0.03125
4 0.30322265625 0.3779296875 0.0244140625 0.02734375
4 0.36181640625 0.22314453125 0.0205078125 0.0263671875
4 0.3271484375 0.2119140625 0.046875 0.03515625
4 0.3212890625 0.23095703125 0.041015625 0.0322265625
4 0.2431640625 0.26806640625 0.025390625 0.0263671875
4 0.251953125 0.27734375 0.025390625 0.025390625
4 0.26318359375 0.28662109375 0.0283203125 0.0302734375
4 0.275390625 0.2978515625 0.02734375 0.029296875
4 0.28515625 0.30859375 0.02734375 0.029296875
4 0.2958984375 0.3203125 0.0234375 0.025390625
4 0.30615234375 0.3310546875 0.0283203125 0.02734375
4 0.314453125 0.3544921875 0.021484375 0.021484375
4 0.27294921875 0.45263671875 0.0244140625 0.0244140625
4 0.263671875 0.439453125 0.01953125 0.021484375
4 0.25927734375 0.51806640625 0.0146484375 0.0224609375
4 0.05322265625 0.62109375 0.0283203125 0.02734375
4 0.15234375 0.6591796875 0.02734375 0.02734375
4 0.13916015625 0.64697265625 0.0283203125 0.0302734375
4 0.12841796875 0.63623046875 0.0263671875 0.0283203125
4 0.10791015625 0.6787109375 0.0283203125 0.03125
4 0.09814453125 0.666015625 0.0322265625 0.033203125
4 0.11669921875 0.62451171875 0.0283203125 0.0302734375
4 0.0859375 0.65478515625 0.029296875 0.0302734375
4 0.0751953125 0.6435546875 0.03125 0.033203125
4 0.06494140625 0.63330078125 0.0283203125 0.0302734375
4 0.09423828125 0.60009765625 0.0341796875 0.0341796875
4 0.0703125 0.58154296875 0.033203125 0.0322265625
4 0.04150390625 0.609375 0.0322265625 0.033203125
4 0.1630859375 0.6689453125 0.025390625 0.025390625
4 0.06005859375 0.5673828125 0.0263671875 0.02734375
4 0.02978515625 0.5986328125 0.0263671875 0.02734375
4 0.0185546875 0.5859375 0.03125 0.03125
4 0.0478515625 0.55615234375 0.029296875 0.0283203125
4 0.03662109375 0.54345703125 0.0322265625 0.0341796875
4 0.01171875 0.57177734375 0.021484375 0.0302734375
4 0.00634765625 0.55712890625 0.0107421875 0.0205078125
4 0.02490234375 0.5322265625 0.0302734375 0.03125
4 0.013671875 0.521484375 0.025390625 0.02734375
4 0.0068359375 0.5068359375 0.01171875 0.01953125
4 0.12060546875 0.68603515625 0.0302734375 0.0302734375
4 0.056640625 0.42626953125 0.0390625 0.0400390625
4 0.2451171875 0.55029296875 0.0234375 0.0224609375
4 0.1484375 0.53515625 0.025390625 0.0234375
4 0.2001953125 0.59130859375 0.029296875 0.0302734375
4 0.1904296875 0.5771484375 0.02734375 0.02734375
4 0.21484375 0.55615234375 0.01953125 0.0185546875
4 0.205078125 0.5419921875 0.0234375 0.025390625
4 0.1796875 0.5654296875 0.02734375 0.02734375
4 0.16796875 0.5556640625 0.0234375 0.0234375
4 0.1962890625 0.52783203125 0.02734375 0.0283203125
4 0.18603515625 0.517578125 0.0244140625 0.025390625
4 0.15673828125 0.54638671875 0.0283203125 0.0302734375
4 0.17578125 0.50439453125 0.02734375 0.0283203125
4 0.138671875 0.52294921875 0.0234375 0.0244140625
4 0.16162109375 0.49658203125 0.0244140625 0.0263671875
4 0.06298828125 0.4462890625 0.0283203125 0.02734375
4 0.1513671875 0.48486328125 0.02734375 0.0302734375
4 0.1240234375 0.513671875 0.025390625 0.02734375
4 0.140625 0.4755859375 0.0234375 0.025390625
4 0.11474609375 0.5009765625 0.0283203125 0.029296875
4 0.1044921875 0.48974609375 0.02734375 0.0283203125
4 0.119140625 0.455078125 0.025390625 0.025390625
4 0.09375 0.47998046875 0.0234375 0.0244140625
4 0.1083984375 0.44287109375 0.025390625 0.0263671875
4 0.08642578125 0.421875 0.0263671875 0.02734375
4 0.08251953125 0.4697265625 0.0283203125 0.02734375
4 0.072265625 0.45947265625 0.02734375 0.0263671875
