0 0.388671875 0.958984375 0.03125 0.017578125
0 0.03076171875 0.30224609375 0.0263671875 0.0419921875
0 0.06982421875 0.103515625 0.0244140625 0.044921875
9 0.541015625 0.47998046875 0.13671875 0.0869140625
8 0.44580078125 0.787109375 0.0986328125 0.177734375
8 0.32177734375 0.771484375 0.1005859375 0.17578125
8 0.1767578125 0.7529296875 0.099609375 0.17578125
8 0.05322265625 0.73828125 0.1005859375 0.177734375
8 0.09716796875 0.490234375 0.0986328125 0.177734375
8 0.21875 0.50390625 0.099609375 0.177734375
8 0.14990234375 0.21923828125 0.1005859375 0.1767578125
8 0.2685546875 0.23291015625 0.099609375 0.1767578125
8 0.38720703125 0.24853515625 0.1005859375 0.1748046875
