10 0.74462890625 0.08154296875 0.2470703125 0.1611328125
0 0.02734375 0.681640625 0.041015625 0.03515625
0 0.0361328125 0.662109375 0.03515625 0.029296875
0 0.0419921875 0.6435546875 0.041015625 0.03125
0 0.0595703125 0.49462890625 0.048828125 0.0322265625
0 0.046875 0.45263671875 0.03515625 0.0302734375
0 0.0322265625 0.4345703125 0.0390625 0.03125
0 0.05029296875 0.4736328125 0.0361328125 0.029296875
0 0.0615234375 0.51416015625 0.03515625 0.0263671875
0 0.0703125 0.552734375 0.0390625 0.02734375
0 0.0693359375 0.591796875 0.041015625 0.033203125
0 0.05859375 0.60693359375 0.0390625 0.0322265625
0 0.0478515625 0.62548828125 0.0390625 0.0341796875
10 0.4931640625 0.5654296875 0.25 0.236328125
