4 0.46630859375 0.50927734375 0.0185546875 0.0380859375
4 0.2275390625 0.42529296875 0.015625 0.0419921875
4 0.20068359375 0.29931640625 0.0166015625 0.0419921875
4 0.181640625 0.30126953125 0.015625 0.0439453125
4 0.16455078125 0.3056640625 0.0146484375 0.044921875
4 0.1787109375 0.2490234375 0.015625 0.041015625
4 0.16064453125 0.25341796875 0.0166015625 0.0419921875
4 0.14111328125 0.25341796875 0.0185546875 0.0439453125
4 0.17333984375 0.42333984375 0.0166015625 0.0400390625
4 0.19140625 0.4248046875 0.015625 0.037109375
4 0.20849609375 0.42578125 0.0146484375 0.0390625
4 0.24462890625 0.41943359375 0.0166015625 0.0380859375
4 0.29931640625 0.41748046875 0.0166015625 0.0439453125
4 0.2626953125 0.41748046875 0.015625 0.0400390625
4 0.15771484375 0.48388671875 0.0185546875 0.0361328125
4 0.177734375 0.48193359375 0.017578125 0.0400390625
4 0.19482421875 0.48046875 0.0166015625 0.0390625
4 0.21337890625 0.478515625 0.0166015625 0.037109375
4 0.2314453125 0.4765625 0.013671875 0.037109375
4 0.25 0.47314453125 0.017578125 0.0419921875
4 0.267578125 0.47314453125 0.017578125 0.0439453125
4 0.28564453125 0.47216796875 0.0166015625 0.0419921875
4 0.19580078125 0.24951171875 0.0166015625 0.0439453125
4 0.2138671875 0.2490234375 0.017578125 0.044921875
4 0.23193359375 0.24658203125 0.0166015625 0.0419921875
4 0.25048828125 0.24462890625 0.0166015625 0.0380859375
4 0.13330078125 0.08984375 0.0224609375 0.01171875
4 0.119140625 0.060546875 0.01171875 0.029296875
4 0.16748046875 0.078125 0.0166015625 0.03515625
4 0.18701171875 0.0712890625 0.0185546875 0.044921875
4 0.20654296875 0.06982421875 0.0185546875 0.0458984375
4 0.2265625 0.0673828125 0.015625 0.044921875
4 0.24755859375 0.0673828125 0.0166015625 0.041015625
4 0.345703125 0.255859375 0.01953125 0.076171875
4 0.32666015625 0.2900390625 0.0166015625 0.037109375
4 0.30908203125 0.28955078125 0.0166015625 0.0380859375
4 0.28955078125 0.29296875 0.0166015625 0.046875
4 0.2724609375 0.294921875 0.013671875 0.04296875
4 0.2548828125 0.298828125 0.015625 0.0390625
4 0.23828125 0.298828125 0.015625 0.044921875
4 0.21728515625 0.2998046875 0.0166015625 0.046875
4 0.3232421875 0.24072265625 0.013671875 0.0419921875
4 0.3046875 0.23876953125 0.015625 0.0400390625
4 0.2861328125 0.23974609375 0.015625 0.0380859375
4 0.2685546875 0.24169921875 0.017578125 0.0478515625
4 0.28271484375 0.4189453125 0.0166015625 0.044921875
4 0.3037109375 0.46923828125 0.015625 0.0361328125
4 0.14990234375 0.13037109375 0.0166015625 0.0458984375
4 0.41259765625 0.875 0.0419921875 0.12890625
4 0.2431640625 0.58251953125 0.013671875 0.0361328125
4 0.22802734375 0.5849609375 0.0146484375 0.033203125
4 0.2109375 0.58740234375 0.013671875 0.0341796875
4 0.1962890625 0.587890625 0.013671875 0.033203125
4 0.18359375 0.5908203125 0.01171875 0.029296875
4 0.2880859375 0.72314453125 0.013671875 0.0302734375
4 0.30419921875 0.72216796875 0.0146484375 0.0419921875
4 0.32421875 0.7216796875 0.017578125 0.037109375
4 0.36181640625 0.71875 0.0146484375 0.04296875
4 0.673828125 0.7373046875 0.017578125 0.0390625
4 0.32275390625 0.4697265625 0.0166015625 0.044921875
4 0.68603515625 0.72802734375 0.0126953125 0.0283203125
4 0.70947265625 0.72705078125 0.0107421875 0.0263671875
4 0.7236328125 0.72412109375 0.0078125 0.0244140625
4 0.73681640625 0.72412109375 0.0107421875 0.0302734375
4 0.78076171875 0.7236328125 0.0146484375 0.03125
4 0.7607421875 0.6875 0.01171875 0.02734375
4 0.748046875 0.68896484375 0.01171875 0.0263671875
4 0.734375 0.68994140625 0.01171875 0.0283203125
4 0.72119140625 0.68994140625 0.0107421875 0.0263671875
4 0.2578125 0.58349609375 0.013671875 0.0302734375
4 0.2724609375 0.58056640625 0.013671875 0.0341796875
4 0.2880859375 0.57958984375 0.015625 0.0380859375
4 0.3037109375 0.578125 0.013671875 0.037109375
4 0.33984375 0.46728515625 0.015625 0.0380859375
4 0.31689453125 0.4169921875 0.0146484375 0.037109375
4 0.3359375 0.41455078125 0.015625 0.0419921875
4 0.35400390625 0.40673828125 0.0166015625 0.0400390625
4 0.36865234375 0.57470703125 0.0146484375 0.0419921875
4 0.37109375 0.61865234375 0.013671875 0.0380859375
4 0.3525390625 0.6181640625 0.013671875 0.041015625
4 0.33837890625 0.6201171875 0.0166015625 0.0390625
4 0.3232421875 0.61865234375 0.01171875 0.0302734375
4 0.3076171875 0.62109375 0.013671875 0.033203125
4 0.29296875 0.623046875 0.013671875 0.033203125
4 0.27783203125 0.62548828125 0.0166015625 0.0361328125
4 0.26123046875 0.6240234375 0.0146484375 0.03515625
4 0.24560546875 0.62744140625 0.0166015625 0.0400390625
4 0.23046875 0.626953125 0.013671875 0.03125
4 0.21484375 0.62841796875 0.01171875 0.0283203125
4 0.35107421875 0.57568359375 0.0146484375 0.0341796875
4 0.333984375 0.576171875 0.013671875 0.03515625
4 0.3203125 0.5751953125 0.01171875 0.029296875
4 0.130859375 0.134765625 0.017578125 0.048828125
4 0.171875 0.1240234375 0.013671875 0.041015625
5 0.57177734375 0.0224609375 0.2275390625 0.04296875
5 0.22412109375 0.09521484375 0.2099609375 0.1123046875
5 0.60498046875 0.12451171875 0.2138671875 0.0908203125
5 0.23583984375 0.271484375 0.2158203125 0.1171875
5 0.6181640625 0.25146484375 0.216796875 0.0908203125
5 0.6376953125 0.38037109375 0.236328125 0.0947265625
5 0.248046875 0.44677734375 0.216796875 0.1181640625
5 0.6533203125 0.50341796875 0.248046875 0.0927734375
5 0.2626953125 0.60302734375 0.208984375 0.0947265625
5 0.66748046875 0.6083984375 0.2626953125 0.087890625
5 0.685546875 0.72021484375 0.27734375 0.1044921875
5 0.76513671875 0.80029296875 0.1416015625 0.0302734375
5 0.3291015625 0.72412109375 0.09765625 0.0576171875
4 0.19091796875 0.1240234375 0.0146484375 0.03515625
4 0.330078125 0.06689453125 0.02734375 0.0556640625
4 0.3076171875 0.05810546875 0.017578125 0.0458984375
4 0.28759765625 0.0634765625 0.0146484375 0.04296875
4 0.26806640625 0.0634765625 0.0166015625 0.046875
4 0.2919921875 0.11669921875 0.017578125 0.0439453125
4 0.3115234375 0.1171875 0.015625 0.0390625
4 0.25146484375 0.11865234375 0.0146484375 0.0419921875
4 0.23095703125 0.12109375 0.0166015625 0.0390625
4 0.21044921875 0.126953125 0.0166015625 0.046875
4 0.7080078125 0.69140625 0.01171875 0.025390625
4 0.681640625 0.69384765625 0.01171875 0.0244140625
4 0.69580078125 0.69287109375 0.0126953125 0.0283203125
4 0.6572265625 0.1416015625 0.01171875 0.029296875
4 0.52880859375 0.1044921875 0.0126953125 0.0390625
4 0.5439453125 0.107421875 0.013671875 0.03125
4 0.56103515625 0.10595703125 0.0126953125 0.0322265625
4 0.576171875 0.1044921875 0.01171875 0.033203125
4 0.5927734375 0.1015625 0.01171875 0.037109375
4 0.6064453125 0.10205078125 0.013671875 0.0322265625
4 0.62255859375 0.1044921875 0.0126953125 0.029296875
4 0.6376953125 0.1005859375 0.01171875 0.033203125
4 0.65283203125 0.1005859375 0.0126953125 0.033203125
4 0.67138671875 0.142578125 0.0126953125 0.03125
4 0.50634765625 0.02197265625 0.0107421875 0.0283203125
4 0.6416015625 0.142578125 0.013671875 0.033203125
4 0.62548828125 0.14208984375 0.0146484375 0.0322265625
4 0.60888671875 0.1435546875 0.0126953125 0.037109375
4 0.6162109375 0.01806640625 0.013671875 0.0341796875
4 0.630859375 0.01513671875 0.01171875 0.0283203125
4 0.646484375 0.015625 0.01171875 0.029296875
4 0.58544921875 0.01904296875 0.0146484375 0.0361328125
4 0.56787109375 0.02099609375 0.0107421875 0.0224609375
4 0.5400390625 0.0205078125 0.013671875 0.037109375
4 0.513671875 0.107421875 0.013671875 0.03515625
4 0.51708984375 0.150390625 0.0126953125 0.037109375
4 0.53369140625 0.14794921875 0.0126953125 0.0322265625
4 0.546875 0.146484375 0.01171875 0.033203125
4 0.60498046875 0.2734375 0.0146484375 0.033203125
4 0.5888671875 0.2744140625 0.01171875 0.03515625
4 0.57373046875 0.27294921875 0.0126953125 0.0302734375
4 0.55908203125 0.279296875 0.0126953125 0.037109375
4 0.64794921875 0.2275390625 0.0126953125 0.03515625
4 0.662109375 0.22802734375 0.015625 0.0341796875
4 0.6328125 0.2275390625 0.015625 0.037109375
4 0.6162109375 0.22900390625 0.015625 0.0380859375
4 0.6025390625 0.23291015625 0.013671875 0.0322265625
4 0.58642578125 0.234375 0.0126953125 0.03125
4 0.5703125 0.2353515625 0.013671875 0.033203125
4 0.5546875 0.23583984375 0.01171875 0.0322265625
4 0.5390625 0.23779296875 0.013671875 0.0322265625
4 0.52490234375 0.23779296875 0.0146484375 0.0361328125
4 0.54296875 0.2783203125 0.013671875 0.033203125
4 0.52734375 0.2802734375 0.01171875 0.0390625
4 0.56298828125 0.1474609375 0.0146484375 0.037109375
4 0.5947265625 0.14453125 0.013671875 0.033203125
4 0.5791015625 0.14501953125 0.015625 0.0341796875
4 0.5234375 0.02001953125 0.01171875 0.0302734375
4 0.474609375 0.02685546875 0.013671875 0.0380859375
4 0.66748046875 0.69482421875 0.0107421875 0.0244140625
4 0.619140625 0.27001953125 0.01171875 0.0302734375
4 0.634765625 0.2724609375 0.013671875 0.03515625
4 0.65087890625 0.27001953125 0.0107421875 0.0322265625
4 0.56689453125 0.634765625 0.0126953125 0.02734375
4 0.5771484375 0.5986328125 0.009765625 0.025390625
4 0.58935546875 0.59619140625 0.0126953125 0.0283203125
4 0.603515625 0.59375 0.009765625 0.029296875
4 0.61767578125 0.5947265625 0.0107421875 0.02734375
4 0.63134765625 0.59423828125 0.0107421875 0.0263671875
4 0.6435546875 0.5927734375 0.01171875 0.025390625
4 0.65771484375 0.59130859375 0.0107421875 0.0302734375
4 0.67041015625 0.5908203125 0.0126953125 0.02734375
4 0.68359375 0.59033203125 0.01171875 0.0283203125
4 0.69873046875 0.625 0.0107421875 0.02734375
4 0.67236328125 0.3564453125 0.0146484375 0.033203125
4 0.7138671875 0.6220703125 0.01171875 0.029296875
4 0.7265625 0.62158203125 0.009765625 0.0244140625
4 0.74267578125 0.62158203125 0.0107421875 0.0263671875
4 0.755859375 0.62255859375 0.009765625 0.0283203125
4 0.69775390625 0.58984375 0.0107421875 0.02734375
4 0.7109375 0.59033203125 0.01171875 0.0224609375
4 0.7236328125 0.5869140625 0.01171875 0.029296875
4 0.73974609375 0.58642578125 0.0126953125 0.0283203125
4 0.7177734375 0.52099609375 0.01171875 0.0283203125
4 0.56396484375 0.59912109375 0.0107421875 0.0244140625
4 0.5498046875 0.59912109375 0.009765625 0.0263671875
4 0.68603515625 0.625 0.0107421875 0.025390625
4 0.67333984375 0.62646484375 0.0107421875 0.0244140625
4 0.6552734375 0.74169921875 0.017578125 0.0419921875
4 0.63818359375 0.7431640625 0.0166015625 0.044921875
4 0.6201171875 0.744140625 0.013671875 0.033203125
4 0.65478515625 0.6953125 0.0126953125 0.02734375
4 0.64111328125 0.6962890625 0.0107421875 0.029296875
4 0.62646484375 0.697265625 0.0126953125 0.029296875
4 0.61181640625 0.697265625 0.0126953125 0.03125
4 0.5986328125 0.69921875 0.009765625 0.029296875
4 0.5859375 0.69970703125 0.01171875 0.0302734375
4 0.57080078125 0.701171875 0.0126953125 0.029296875
4 0.5830078125 0.74560546875 0.017578125 0.0439453125
4 0.56494140625 0.748046875 0.0146484375 0.0390625
4 0.55810546875 0.70263671875 0.0107421875 0.0302734375
4 0.55419921875 0.63623046875 0.0126953125 0.0302734375
4 0.57958984375 0.63330078125 0.0107421875 0.0263671875
4 0.5927734375 0.6328125 0.009765625 0.025390625
4 0.6064453125 0.62939453125 0.009765625 0.0244140625
4 0.62060546875 0.62890625 0.0107421875 0.029296875
4 0.66015625 0.62646484375 0.01171875 0.0302734375
4 0.70458984375 0.5205078125 0.0107421875 0.025390625
4 0.69140625 0.5244140625 0.01171875 0.03125
4 0.67724609375 0.52197265625 0.0107421875 0.0283203125
4 0.6923828125 0.39892578125 0.013671875 0.0302734375
4 0.66162109375 0.396484375 0.0126953125 0.033203125
4 0.64501953125 0.40087890625 0.0146484375 0.0341796875
4 0.62890625 0.40185546875 0.01171875 0.0361328125
4 0.6142578125 0.40380859375 0.015625 0.0341796875
4 0.59912109375 0.40478515625 0.0107421875 0.0322265625
4 0.58349609375 0.40234375 0.0126953125 0.029296875
4 0.5693359375 0.4052734375 0.01171875 0.03125
4 0.552734375 0.40869140625 0.015625 0.0361328125
4 0.5361328125 0.4091796875 0.013671875 0.03125
4 0.51513671875 0.39306640625 0.0244140625 0.0771484375
4 0.53466796875 0.36669921875 0.0126953125 0.0322265625
4 0.548828125 0.36279296875 0.015625 0.0380859375
4 0.56494140625 0.36279296875 0.0146484375 0.0322265625
4 0.57958984375 0.36279296875 0.0166015625 0.0361328125
4 0.59619140625 0.36083984375 0.0126953125 0.0322265625
4 0.6123046875 0.36083984375 0.01171875 0.0341796875
4 0.6259765625 0.36083984375 0.013671875 0.0322265625
4 0.642578125 0.359375 0.015625 0.033203125
4 0.6572265625 0.3564453125 0.013671875 0.033203125
4 0.6767578125 0.39794921875 0.013671875 0.0361328125
4 0.7138671875 0.48095703125 0.013671875 0.0341796875
4 0.6650390625 0.5244140625 0.01171875 0.029296875
4 0.697265625 0.48193359375 0.01171875 0.0322265625
4 0.6513671875 0.5234375 0.009765625 0.029296875
4 0.6376953125 0.5244140625 0.009765625 0.02734375
4 0.62451171875 0.52490234375 0.0107421875 0.0302734375
4 0.611328125 0.52880859375 0.01171875 0.0302734375
4 0.59765625 0.529296875 0.01171875 0.029296875
4 0.583984375 0.5302734375 0.01171875 0.03125
4 0.5712890625 0.5322265625 0.009765625 0.029296875
4 0.55908203125 0.5322265625 0.0107421875 0.029296875
4 0.544921875 0.5341796875 0.009765625 0.025390625
4 0.54296875 0.494140625 0.01171875 0.033203125
4 0.55810546875 0.49267578125 0.0126953125 0.0361328125
4 0.57373046875 0.4931640625 0.0107421875 0.03125
4 0.59130859375 0.4912109375 0.0107421875 0.029296875
4 0.60498046875 0.490234375 0.0126953125 0.033203125
4 0.6220703125 0.4892578125 0.01171875 0.03125
4 0.63623046875 0.48779296875 0.0126953125 0.0341796875
4 0.6513671875 0.48779296875 0.013671875 0.0322265625
4 0.666015625 0.486328125 0.013671875 0.033203125
4 0.6826171875 0.4873046875 0.013671875 0.033203125
