4 0.65478515625 0.962890625 0.0341796875 0.05078125
4 0.81201171875 0.23681640625 0.0478515625 0.0380859375
4 0.68115234375 0.4755859375 0.0458984375 0.03515625
4 0.69873046875 0.4375 0.0419921875 0.03125
4 0.70751953125 0.42041015625 0.0439453125 0.0341796875
4 0.7216796875 0.40478515625 0.041015625 0.0322265625
4 0.74462890625 0.34765625 0.0478515625 0.03515625
4 0.7548828125 0.32666015625 0.056640625 0.0419921875
4 0.76171875 0.30517578125 0.0625 0.0458984375
4 0.7763671875 0.28955078125 0.05078125 0.0400390625
4 0.78955078125 0.27099609375 0.0478515625 0.0400390625
4 0.798828125 0.25244140625 0.048828125 0.0400390625
4 0.8203125 0.21923828125 0.041015625 0.0322265625
4 0.68212890625 0.90673828125 0.0283203125 0.0400390625
4 0.83154296875 0.19580078125 0.0498046875 0.0380859375
4 0.84033203125 0.17919921875 0.0439453125 0.0322265625
4 0.85302734375 0.15966796875 0.0537109375 0.0380859375
4 0.8623046875 0.14111328125 0.048828125 0.0380859375
4 0.89697265625 0.15673828125 0.0283203125 0.0361328125
4 0.87841796875 0.1181640625 0.0322265625 0.025390625
4 0.89208984375 0.103515625 0.0498046875 0.0390625
4 0.884765625 0.22265625 0.03125 0.025390625
4 0.86181640625 0.2646484375 0.0478515625 0.037109375
4 0.84716796875 0.27978515625 0.0400390625 0.0322265625
4 0.67236328125 0.494140625 0.0498046875 0.03515625
4 0.65869140625 0.51318359375 0.0361328125 0.0263671875
4 0.64794921875 0.52880859375 0.0439453125 0.0341796875
4 0.64306640625 0.5458984375 0.0498046875 0.0390625
4 0.74365234375 0.7314453125 0.0341796875 0.02734375
4 0.7529296875 0.7177734375 0.029296875 0.0234375
4 0.78076171875 0.72119140625 0.0244140625 0.0322265625
4 0.7568359375 0.70068359375 0.037109375 0.0283203125
4 0.76611328125 0.689453125 0.0302734375 0.0234375
4 0.7724609375 0.67578125 0.03125 0.025390625
4 0.77880859375 0.66162109375 0.0341796875 0.0263671875
4 0.78466796875 0.64892578125 0.0361328125 0.0263671875
4 0.80322265625 0.6806640625 0.0244140625 0.03125
4 0.68408203125 0.5966796875 0.0517578125 0.037109375
4 0.67041015625 0.609375 0.0478515625 0.037109375
4 0.66015625 0.62841796875 0.04296875 0.0341796875
4 0.64892578125 0.6474609375 0.0380859375 0.02734375
4 0.64208984375 0.66357421875 0.0439453125 0.0341796875
4 0.63232421875 0.6845703125 0.0400390625 0.029296875
4 0.5810546875 0.65673828125 0.0546875 0.0400390625
4 0.59130859375 0.63916015625 0.0498046875 0.0341796875
4 0.6025390625 0.62158203125 0.048828125 0.0361328125
4 0.61474609375 0.6044921875 0.0458984375 0.03515625
4 0.6259765625 0.587890625 0.044921875 0.037109375
4 0.63037109375 0.56396484375 0.0517578125 0.0400390625
4 0.837890625 0.29736328125 0.0390625 0.0302734375
4 0.83154296875 0.318359375 0.0498046875 0.0390625
4 0.81689453125 0.333984375 0.0419921875 0.03125
4 0.93310546875 0.51904296875 0.0419921875 0.0322265625
4 0.88720703125 0.49560546875 0.0439453125 0.0341796875
4 0.8994140625 0.4736328125 0.041015625 0.029296875
4 0.90869140625 0.45654296875 0.0419921875 0.0302734375
4 0.9560546875 0.482421875 0.04296875 0.033203125
4 0.94140625 0.49462890625 0.033203125 0.0244140625
4 0.97265625 0.46240234375 0.041015625 0.0283203125
4 0.921875 0.43798828125 0.0390625 0.0302734375
4 0.97265625 0.44287109375 0.04296875 0.0341796875
4 0.92919921875 0.41943359375 0.0439453125 0.0341796875
4 0.9365234375 0.39892578125 0.044921875 0.0361328125
4 0.98193359375 0.42333984375 0.0361328125 0.0302734375
4 0.947265625 0.3818359375 0.04296875 0.033203125
4 0.96142578125 0.36328125 0.0400390625 0.029296875
4 0.9931640625 0.3818359375 0.013671875 0.01953125
4 0.9677734375 0.34521484375 0.041015625 0.0302734375
4 0.9755859375 0.326171875 0.048828125 0.037109375
4 0.9892578125 0.294921875 0.021484375 0.0234375
4 0.98388671875 0.31103515625 0.0322265625 0.0283203125
4 0.87939453125 0.51171875 0.0380859375 0.02734375
4 0.91455078125 0.5546875 0.0439453125 0.033203125
4 0.8076171875 0.3544921875 0.048828125 0.03515625
4 0.9072265625 0.5732421875 0.044921875 0.03515625
4 0.80224609375 0.3740234375 0.0439453125 0.03125
4 0.7861328125 0.39208984375 0.0390625 0.0302734375
4 0.77783203125 0.41064453125 0.0439453125 0.0341796875
4 0.77001953125 0.4287109375 0.0498046875 0.03515625
4 0.7587890625 0.44580078125 0.044921875 0.0361328125
4 0.74462890625 0.4638671875 0.0380859375 0.03125
4 0.7412109375 0.48291015625 0.041015625 0.0322265625
4 0.73193359375 0.50341796875 0.0380859375 0.0283203125
4 0.7236328125 0.521484375 0.048828125 0.037109375
4 0.7119140625 0.53955078125 0.041015625 0.0302734375
4 0.69873046875 0.5771484375 0.0517578125 0.0390625
4 0.80908203125 0.63916015625 0.0458984375 0.0361328125
4 0.8203125 0.62109375 0.044921875 0.033203125
4 0.828125 0.60009765625 0.05078125 0.0380859375
4 0.869140625 0.62060546875 0.02734375 0.0205078125
4 0.8876953125 0.60546875 0.025390625 0.01953125
4 0.84033203125 0.5830078125 0.0458984375 0.033203125
4 0.84912109375 0.56591796875 0.0439453125 0.0302734375
4 0.89404296875 0.58984375 0.0458984375 0.03515625
4 0.85791015625 0.54638671875 0.0380859375 0.0283203125
4 0.86767578125 0.53125 0.0361328125 0.02734375
4 0.7392578125 0.744140625 0.029296875 0.0234375
4 0.7294921875 0.7568359375 0.0390625 0.029296875
4 0.71923828125 0.8212890625 0.0771484375 0.0625
4 0.49169921875 0.41552734375 0.0537109375 0.0791015625
4 0.3251953125 0.61572265625 0.046875 0.0322265625
4 0.36572265625 0.63037109375 0.0361328125 0.0244140625
4 0.32958984375 0.65185546875 0.0830078125 0.0576171875
4 0.2578125 0.69384765625 0.01953125 0.0283203125
4 0.30810546875 0.68212890625 0.0634765625 0.0458984375
4 0.15380859375 0.95166015625 0.0419921875 0.0224609375
5 0.1943359375 0.8427734375 0.099609375 0.212890625
5 0.32373046875 0.66943359375 0.1396484375 0.1630859375
5 0.48681640625 0.86669921875 0.2314453125 0.2666015625
5 0.6435546875 0.9150390625 0.12890625 0.169921875
5 0.75537109375 0.3994140625 0.3974609375 0.609375
5 0.89208984375 0.49365234375 0.2158203125 0.3720703125
4 0.5849609375 0.76318359375 0.03125 0.0224609375
4 0.400390625 0.98388671875 0.052734375 0.0322265625
4 0.41552734375 0.9716796875 0.0498046875 0.0390625
4 0.4599609375 0.98974609375 0.033203125 0.0205078125
4 0.47021484375 0.97802734375 0.0361328125 0.0283203125
4 0.42724609375 0.95166015625 0.0478515625 0.0361328125
4 0.43603515625 0.93505859375 0.0361328125 0.0283203125
4 0.482421875 0.96240234375 0.04296875 0.0341796875
4 0.49072265625 0.94482421875 0.0478515625 0.0361328125
4 0.49560546875 0.92822265625 0.0400390625 0.0302734375
4 0.5068359375 0.9140625 0.046875 0.03515625
4 0.455078125 0.8955078125 0.046875 0.037109375
4 0.47412109375 0.8525390625 0.0556640625 0.041015625
4 0.48388671875 0.83154296875 0.0556640625 0.0419921875
4 0.53759765625 0.8515625 0.0380859375 0.029296875
4 0.4990234375 0.81689453125 0.046875 0.0361328125
4 0.5078125 0.7939453125 0.037109375 0.02734375
4 0.5166015625 0.7783203125 0.04296875 0.03125
4 0.556640625 0.8173828125 0.046875 0.03515625
4 0.52197265625 0.7548828125 0.0595703125 0.044921875
4 0.54296875 0.7421875 0.037109375 0.02734375
4 0.34716796875 0.541015625 0.1572265625 0.09765625
4 0.70458984375 0.8681640625 0.0302734375 0.04296875
4 0.9990234375 0.09814453125 0.001953125 0.0185546875
4 0.9921875 0.076171875 0.015625 0.01953125
4 0.99072265625 0.68115234375 0.0185546875 0.0185546875
4 0.98828125 0.66552734375 0.0234375 0.0224609375
4 0.9921875 0.64599609375 0.015625 0.0205078125
4 0.99365234375 0.623046875 0.0126953125 0.01953125
4 0.98486328125 0.0078125 0.0302734375 0.013671875
4 0.98681640625 0.02783203125 0.0263671875 0.0224609375
