4 0.13330078125 0.9326171875 0.0224609375 0.01171875
4 0.119140625 0.9033203125 0.01171875 0.029296875
4 0.16748046875 0.9208984375 0.0166015625 0.03515625
4 0.18701171875 0.9140625 0.0185546875 0.044921875
4 0.20654296875 0.91259765625 0.0185546875 0.0458984375
4 0.2265625 0.91015625 0.015625 0.044921875
4 0.24755859375 0.91015625 0.0166015625 0.041015625
4 0.14990234375 0.97314453125 0.0166015625 0.0458984375
4 0.13037109375 0.9765625 0.0166015625 0.046875
4 0.171875 0.966796875 0.013671875 0.041015625
4 0.44970703125 0.23291015625 0.0322265625 0.0126953125
4 0.23974609375 0.17041015625 0.0126953125 0.0341796875
4 0.17529296875 0.26953125 0.0302734375 0.01171875
4 0.18798828125 0.2861328125 0.0400390625 0.017578125
4 0.1953125 0.25390625 0.013671875 0.033203125
4 0.2109375 0.251953125 0.013671875 0.033203125
4 0.22705078125 0.2529296875 0.0166015625 0.033203125
4 0.17529296875 0.1796875 0.0185546875 0.037109375
4 0.19140625 0.1728515625 0.017578125 0.037109375
4 0.20751953125 0.17236328125 0.0146484375 0.0361328125
4 0.22314453125 0.17138671875 0.0126953125 0.0361328125
4 0.25146484375 0.16748046875 0.0107421875 0.0263671875
4 0.13427734375 0.48876953125 0.0244140625 0.0615234375
4 0.27099609375 0.17236328125 0.0126953125 0.0341796875
4 0.27490234375 0.21142578125 0.0146484375 0.0380859375
4 0.279296875 0.25634765625 0.017578125 0.0400390625
4 0.25537109375 0.283203125 0.0263671875 0.078125
4 0.28564453125 0.3115234375 0.0185546875 0.044921875
4 0.19140625 0.34521484375 0.037109375 0.0166015625
4 0.19091796875 0.32421875 0.0419921875 0.017578125
4 0.2314453125 0.29931640625 0.015625 0.0400390625
4 0.22607421875 0.32421875 0.0126953125 0.03125
4 0.09619140625 0.26953125 0.0166015625 0.037109375
4 0.158203125 0.21044921875 0.025390625 0.0126953125
4 0.14111328125 0.22314453125 0.0126953125 0.0322265625
4 0.126953125 0.22705078125 0.01171875 0.0263671875
5 0.22265625 0.28662109375 0.119140625 0.1123046875
5 0.201171875 0.51123046875 0.19921875 0.1435546875
5 0.4599609375 0.47119140625 0.080078125 0.1982421875
5 0.56396484375 0.68994140625 0.2470703125 0.1123046875
5 0.20751953125 0.74072265625 0.2119140625 0.1396484375
5 0.57080078125 0.83935546875 0.2294921875 0.0947265625
5 0.22412109375 0.93798828125 0.2099609375 0.1123046875
5 0.60009765625 0.9609375 0.2041015625 0.078125
4 0.09033203125 0.23388671875 0.0126953125 0.0263671875
4 0.1884765625 0.3076171875 0.029296875 0.013671875
4 0.1650390625 0.48486328125 0.025390625 0.0654296875
4 0.19091796875 0.966796875 0.0146484375 0.03515625
4 0.2900390625 0.6962890625 0.017578125 0.056640625
4 0.14013671875 0.77880859375 0.0205078125 0.0517578125
4 0.16259765625 0.77392578125 0.0185546875 0.0498046875
4 0.18408203125 0.77490234375 0.0205078125 0.0498046875
4 0.205078125 0.77197265625 0.017578125 0.0537109375
4 0.22802734375 0.77197265625 0.0185546875 0.0498046875
4 0.251953125 0.7685546875 0.01953125 0.056640625
4 0.27294921875 0.77001953125 0.0205078125 0.0595703125
4 0.294921875 0.7666015625 0.01953125 0.05078125
4 0.3154296875 0.76513671875 0.017578125 0.0498046875
4 0.30859375 0.68994140625 0.013671875 0.0322265625
4 0.20703125 0.47705078125 0.01953125 0.0576171875
4 0.330078125 0.90966796875 0.02734375 0.0556640625
4 0.3076171875 0.90087890625 0.017578125 0.0458984375
4 0.28759765625 0.90625 0.0146484375 0.04296875
4 0.26806640625 0.90625 0.0166015625 0.046875
4 0.2919921875 0.95947265625 0.017578125 0.0439453125
4 0.3115234375 0.9599609375 0.015625 0.0390625
4 0.25146484375 0.96142578125 0.0146484375 0.0419921875
4 0.23095703125 0.9638671875 0.0166015625 0.0390625
4 0.21044921875 0.9697265625 0.0166015625 0.046875
4 0.111328125 0.8173828125 0.0078125 0.0234375
4 0.10888671875 0.7744140625 0.0107421875 0.02734375
4 0.12109375 0.7763671875 0.009765625 0.025390625
4 0.12353515625 0.80517578125 0.0126953125 0.0302734375
4 0.2294921875 0.474609375 0.021484375 0.0546875
4 0.25244140625 0.4775390625 0.0224609375 0.060546875
4 0.27490234375 0.47119140625 0.0244140625 0.0595703125
4 0.28125 0.54345703125 0.01953125 0.0458984375
4 0.3095703125 0.52392578125 0.03515625 0.0810546875
4 0.2578125 0.54833984375 0.01953125 0.0576171875
4 0.23583984375 0.54931640625 0.0185546875 0.0478515625
4 0.21240234375 0.5517578125 0.0146484375 0.046875
4 0.1904296875 0.54931640625 0.01953125 0.0517578125
4 0.1708984375 0.55712890625 0.017578125 0.0537109375
4 0.123046875 0.5595703125 0.01953125 0.056640625
4 0.09814453125 0.56396484375 0.0244140625 0.0419921875
4 0.13330078125 0.7109375 0.0185546875 0.0546875
4 0.15625 0.70751953125 0.01953125 0.0517578125
4 0.1796875 0.71044921875 0.01953125 0.0478515625
4 0.2001953125 0.703125 0.01953125 0.052734375
4 0.2216796875 0.69970703125 0.017578125 0.0458984375
4 0.24609375 0.69775390625 0.021484375 0.0595703125
4 0.2685546875 0.69970703125 0.01953125 0.0556640625
4 0.6572265625 0.984375 0.01171875 0.029296875
4 0.52880859375 0.947265625 0.0126953125 0.0390625
4 0.5439453125 0.9501953125 0.013671875 0.03125
4 0.56103515625 0.94873046875 0.0126953125 0.0322265625
4 0.576171875 0.947265625 0.01171875 0.033203125
4 0.5927734375 0.9443359375 0.01171875 0.037109375
4 0.6064453125 0.94482421875 0.013671875 0.0322265625
4 0.62255859375 0.947265625 0.0126953125 0.029296875
4 0.6376953125 0.943359375 0.01171875 0.033203125
4 0.65283203125 0.943359375 0.0126953125 0.033203125
4 0.6708984375 0.98486328125 0.01171875 0.0302734375
4 0.50634765625 0.86474609375 0.0107421875 0.0283203125
4 0.64111328125 0.984375 0.0126953125 0.03125
4 0.625 0.984375 0.013671875 0.03125
4 0.6083984375 0.98388671875 0.01171875 0.0322265625
4 0.6162109375 0.85791015625 0.013671875 0.0400390625
4 0.630859375 0.8564453125 0.01171875 0.03125
4 0.646484375 0.85595703125 0.01171875 0.0341796875
4 0.58544921875 0.859375 0.0146484375 0.041015625
4 0.56787109375 0.86376953125 0.0107421875 0.0224609375
4 0.5400390625 0.86328125 0.013671875 0.037109375
4 0.513671875 0.9501953125 0.013671875 0.03515625
4 0.5166015625 0.9873046875 0.01171875 0.025390625
4 0.533203125 0.9873046875 0.01171875 0.025390625
4 0.54638671875 0.986328125 0.0107421875 0.02734375
4 0.5625 0.98583984375 0.013671875 0.0283203125
4 0.59423828125 0.9853515625 0.0126953125 0.029296875
4 0.57861328125 0.9853515625 0.0146484375 0.029296875
4 0.5234375 0.86279296875 0.01171875 0.0302734375
4 0.474609375 0.86962890625 0.013671875 0.0380859375
4 0.46044921875 0.4580078125 0.0634765625 0.025390625
4 0.533203125 0.6767578125 0.013671875 0.04296875
4 0.51318359375 0.67529296875 0.0166015625 0.0361328125
4 0.49609375 0.6767578125 0.017578125 0.046875
4 0.51318359375 0.73046875 0.0166015625 0.037109375
4 0.48095703125 0.72802734375 0.0166015625 0.0380859375
4 0.4599609375 0.72802734375 0.01171875 0.0302734375
4 0.4609375 0.5498046875 0.05078125 0.017578125
4 0.453125 0.5283203125 0.052734375 0.01953125
4 0.4580078125 0.4853515625 0.056640625 0.021484375
4 0.47607421875 0.4345703125 0.0380859375 0.013671875
4 0.47216796875 0.82666015625 0.0166015625 0.0341796875
4 0.4580078125 0.416015625 0.07421875 0.01953125
4 0.46044921875 0.3896484375 0.0751953125 0.021484375
4 0.51806640625 0.46533203125 0.0107421875 0.0263671875
4 0.52099609375 0.49853515625 0.0126953125 0.0302734375
4 0.537109375 0.48095703125 0.01953125 0.0498046875
4 0.50390625 0.5380859375 0.01953125 0.056640625
4 0.56298828125 0.505859375 0.0107421875 0.025390625
4 0.603515625 0.53271484375 0.052734375 0.0205078125
4 0.44970703125 0.2587890625 0.0322265625 0.013671875
4 0.55029296875 0.67578125 0.0166015625 0.0390625
4 0.56884765625 0.6728515625 0.0166015625 0.04296875
4 0.5869140625 0.671875 0.015625 0.041015625
4 0.6220703125 0.66845703125 0.013671875 0.0380859375
4 0.4892578125 0.8212890625 0.01171875 0.03125
4 0.50439453125 0.822265625 0.0126953125 0.03515625
4 0.51904296875 0.8203125 0.0146484375 0.03515625
4 0.53515625 0.8193359375 0.013671875 0.033203125
4 0.55126953125 0.8203125 0.0107421875 0.02734375
4 0.5654296875 0.82177734375 0.01171875 0.0302734375
4 0.58203125 0.81787109375 0.013671875 0.0341796875
4 0.5966796875 0.81494140625 0.01171875 0.0244140625
4 0.61279296875 0.81591796875 0.0146484375 0.0341796875
4 0.6279296875 0.8125 0.013671875 0.037109375
4 0.64306640625 0.81396484375 0.0146484375 0.0322265625
4 0.63623046875 0.72021484375 0.0166015625 0.0400390625
4 0.6494140625 0.708984375 0.009765625 0.021484375
4 0.60595703125 0.71826171875 0.0146484375 0.0341796875
4 0.58984375 0.7177734375 0.013671875 0.03125
4 0.5751953125 0.72412109375 0.013671875 0.0322265625
4 0.55810546875 0.72216796875 0.0126953125 0.0302734375
4 0.52783203125 0.72216796875 0.0126953125 0.0341796875
4 0.60498046875 0.6708984375 0.0205078125 0.05078125
5 0.44970703125 0.2646484375 0.0830078125 0.111328125
