0 0.388671875 0.90234375 0.03125 0.017578125
0 0.03076171875 0.24560546875 0.0263671875 0.0419921875
0 0.06982421875 0.046875 0.0244140625 0.044921875
9 0.541015625 0.42333984375 0.13671875 0.0869140625
8 0.44580078125 0.73046875 0.0986328125 0.177734375
8 0.32177734375 0.71484375 0.1005859375 0.17578125
8 0.1767578125 0.6962890625 0.099609375 0.17578125
8 0.05322265625 0.681640625 0.1005859375 0.177734375
8 0.09716796875 0.43359375 0.0986328125 0.177734375
8 0.21875 0.447265625 0.099609375 0.177734375
8 0.14990234375 0.16259765625 0.1005859375 0.1767578125
8 0.2685546875 0.17626953125 0.099609375 0.1767578125
8 0.38720703125 0.19189453125 0.1005859375 0.1748046875
