4 0.9228515625 0.72802734375 0.021484375 0.0302734375
4 0.9921875 0.59375 0.015625 0.0234375
4 0.9921875 0.5595703125 0.015625 0.025390625
4 0.9814453125 0.5537109375 0.017578125 0.0234375
4 0.970703125 0.54638671875 0.01953125 0.0263671875
4 0.978515625 0.68896484375 0.017578125 0.0244140625
4 0.9921875 0.6611328125 0.015625 0.025390625
4 0.96728515625 0.6826171875 0.0166015625 0.0234375
4 0.96728515625 0.6474609375 0.0185546875 0.0234375
4 0.93896484375 0.6728515625 0.0185546875 0.0234375
4 0.92626953125 0.66796875 0.0205078125 0.02734375
4 0.94287109375 0.63427734375 0.0185546875 0.0224609375
4 0.931640625 0.626953125 0.01953125 0.025390625
4 0.9189453125 0.619140625 0.017578125 0.021484375
4 0.9609375 0.7451171875 0.060546875 0.04296875
4 0.94873046875 0.76171875 0.0498046875 0.03515625
4 0.9287109375 0.80126953125 0.052734375 0.0361328125
4 0.98046875 0.587890625 0.01953125 0.02734375
4 0.96875 0.5810546875 0.017578125 0.0234375
4 0.95556640625 0.5771484375 0.0166015625 0.0234375
4 0.99462890625 0.4609375 0.0107421875 0.025390625
4 0.994140625 0.49560546875 0.01171875 0.0263671875
4 0.9736328125 0.48095703125 0.01953125 0.0283203125
4 0.943359375 0.5693359375 0.01953125 0.025390625
4 0.95849609375 0.47607421875 0.0205078125 0.0263671875
4 0.974609375 0.44384765625 0.021484375 0.0283203125
4 0.9609375 0.4404296875 0.01953125 0.02734375
4 0.9462890625 0.4697265625 0.017578125 0.0234375
4 0.9345703125 0.462890625 0.017578125 0.0234375
4 0.90869140625 0.51611328125 0.0185546875 0.0244140625
4 0.919921875 0.521484375 0.017578125 0.025390625
4 0.9326171875 0.52880859375 0.01953125 0.0263671875
4 0.90625 0.5478515625 0.01953125 0.025390625
4 0.89111328125 0.54248046875 0.0185546875 0.0244140625
4 0.93115234375 0.5625 0.0205078125 0.02734375
4 0.90185546875 0.771484375 0.0185546875 0.025390625
4 0.8955078125 0.74365234375 0.021484375 0.0166015625
4 0.90966796875 0.72216796875 0.0205078125 0.0283203125
4 0.9931640625 0.95703125 0.013671875 0.01953125
4 0.990234375 0.9775390625 0.01953125 0.0234375
4 0.98583984375 0.9892578125 0.0283203125 0.021484375
4 0.89599609375 0.71630859375 0.0224609375 0.0302734375
4 0.91943359375 0.81982421875 0.0498046875 0.0361328125
4 0.912109375 0.8388671875 0.046875 0.033203125
4 0.8994140625 0.8583984375 0.04296875 0.033203125
4 0.89208984375 0.87744140625 0.0537109375 0.0400390625
4 0.88037109375 0.89599609375 0.0380859375 0.0283203125
4 0.8759765625 0.912109375 0.041015625 0.029296875
4 0.8642578125 0.93115234375 0.052734375 0.0419921875
4 0.85107421875 0.9501953125 0.0498046875 0.03515625
4 0.84521484375 0.97119140625 0.0458984375 0.0341796875
4 0.83935546875 0.9853515625 0.0576171875 0.029296875
5 0.96337890625 0.46240234375 0.0732421875 0.0869140625
5 0.9423828125 0.5556640625 0.115234375 0.107421875
5 0.9306640625 0.6513671875 0.138671875 0.115234375
5 0.8876953125 0.859375 0.1953125 0.28125
