4 0.09375 0.5830078125 0.021484375 0.048828125
4 0.06982421875 0.5849609375 0.0185546875 0.046875
4 0.0498046875 0.58935546875 0.01953125 0.0478515625
4 0.02587890625 0.59423828125 0.0185546875 0.0458984375
4 0.0078125 0.59423828125 0.013671875 0.0458984375
4 0.14013671875 0.5791015625 0.0146484375 0.04296875
4 0.11669921875 0.58447265625 0.0205078125 0.0498046875
4 0.1826171875 0.57275390625 0.021484375 0.0478515625
4 0.1474609375 0.73486328125 0.017578125 0.0380859375
4 0.009765625 0.7548828125 0.017578125 0.04296875
4 0.0244140625 0.7548828125 0.015625 0.03515625
4 0.04248046875 0.748046875 0.0185546875 0.037109375
4 0.06103515625 0.7490234375 0.0185546875 0.0390625
4 0.080078125 0.7490234375 0.015625 0.033203125
4 0.095703125 0.74609375 0.017578125 0.03515625
4 0.12646484375 0.73876953125 0.0146484375 0.0380859375
4 0.18505859375 0.72998046875 0.0205078125 0.0400390625
4 0.201171875 0.56689453125 0.013671875 0.0380859375
4 0.20361328125 0.73046875 0.0205078125 0.0390625
4 0.224609375 0.7275390625 0.013671875 0.03125
4 0.25927734375 0.72216796875 0.0185546875 0.0400390625
4 0.2763671875 0.720703125 0.017578125 0.03515625
4 0.29443359375 0.72021484375 0.0146484375 0.0263671875
4 0.27197265625 0.5595703125 0.0205078125 0.048828125
4 0.2294921875 0.568359375 0.017578125 0.0390625
5 0.60302734375 0.2529296875 0.1455078125 0.205078125
5 0.1572265625 0.73681640625 0.3125 0.1025390625
5 0.14599609375 0.572265625 0.2900390625 0.099609375
5 0.01708984375 0.39501953125 0.0322265625 0.1865234375
5 0.154296875 0.35009765625 0.126953125 0.2197265625
5 0.42138671875 0.2783203125 0.0927734375 0.19921875
5 0.81494140625 0.22216796875 0.1494140625 0.2041015625
5 0.982421875 0.18994140625 0.03515625 0.1767578125
5 0.625 0.015625 0.0859375 0.029296875
5 0.4453125 0.02783203125 0.078125 0.0537109375
5 0.220703125 0.04541015625 0.07421875 0.0888671875
5 0.08056640625 0.07373046875 0.1123046875 0.1357421875
4 0.177734375 0.3134765625 0.04296875 0.01953125
4 0.17041015625 0.2568359375 0.0400390625 0.021484375
4 0.169921875 0.27587890625 0.03515625 0.0146484375
4 0.17529296875 0.29541015625 0.0458984375 0.0224609375
4 0.18115234375 0.33349609375 0.0419921875 0.0185546875
4 0.18359375 0.35791015625 0.05078125 0.0205078125
4 0.18798828125 0.38134765625 0.0478515625 0.0224609375
4 0.1337890625 0.41015625 0.044921875 0.021484375
4 0.1357421875 0.4306640625 0.033203125 0.017578125
4 0.12890625 0.3720703125 0.04296875 0.017578125
4 0.12451171875 0.33056640625 0.0400390625 0.0205078125
4 0.1181640625 0.30908203125 0.04296875 0.0224609375
4 0.00390625 0.31640625 0.005859375 0.015625
4 0.4169921875 0.220703125 0.046875 0.0234375
4 0.41748046875 0.2412109375 0.0302734375 0.015625
4 0.42724609375 0.27880859375 0.0478515625 0.0205078125
4 0.42919921875 0.2998046875 0.0458984375 0.021484375
4 0.4287109375 0.3193359375 0.044921875 0.01953125
4 0.435546875 0.341796875 0.052734375 0.0234375
4 0.43408203125 0.36376953125 0.0458984375 0.0224609375
4 0.0068359375 0.34033203125 0.01171875 0.0166015625
4 0.005859375 0.36328125 0.009765625 0.015625
4 0.00927734375 0.38623046875 0.0166015625 0.0146484375
4 0.00927734375 0.40625 0.0166015625 0.013671875
4 0.01318359375 0.431640625 0.0244140625 0.015625
4 0.0126953125 0.45263671875 0.0234375 0.0166015625
4 0.1171875 0.29052734375 0.044921875 0.0205078125
4 0.11083984375 0.26416015625 0.0419921875 0.0205078125
4 0.83544921875 0.142578125 0.0615234375 0.029296875
4 0.77001953125 0.14990234375 0.0458984375 0.0205078125
4 0.783203125 0.1669921875 0.029296875 0.013671875
4 0.78173828125 0.2529296875 0.0439453125 0.0234375
4 0.78759765625 0.2734375 0.0380859375 0.017578125
4 0.7900390625 0.29345703125 0.05078125 0.0263671875
4 0.85498046875 0.28271484375 0.0576171875 0.0244140625
4 0.79248046875 0.31494140625 0.0517578125 0.0244140625
4 0.99560546875 0.28515625 0.0087890625 0.021484375
4 0.99462890625 0.26416015625 0.0107421875 0.0185546875
4 0.98681640625 0.12109375 0.0263671875 0.021484375
4 0.5712890625 0.2587890625 0.048828125 0.021484375
4 0.580078125 0.2998046875 0.044921875 0.021484375
4 0.578125 0.32177734375 0.05078125 0.0244140625
4 0.095703125 0.029296875 0.04296875 0.025390625
4 0.09912109375 0.05224609375 0.0361328125 0.0166015625
4 0.58203125 0.34326171875 0.05078125 0.0244140625
4 0.6259765625 0.19091796875 0.04296875 0.0205078125
4 0.62451171875 0.16943359375 0.0498046875 0.0224609375
4 0.6279296875 0.2109375 0.048828125 0.021484375
4 0.10107421875 0.06884765625 0.0419921875 0.0244140625
4 0.5625 0.1787109375 0.052734375 0.0234375
4 0.63134765625 0.23193359375 0.0556640625 0.0244140625
4 0.63232421875 0.25048828125 0.0419921875 0.0205078125
4 0.63671875 0.27294921875 0.0546875 0.0244140625
4 0.640625 0.29150390625 0.03515625 0.0166015625
4 0.64404296875 0.31201171875 0.0517578125 0.0224609375
4 0.64697265625 0.33447265625 0.0556640625 0.0244140625
4 0.6513671875 0.00830078125 0.037109375 0.0146484375
4 0.11181640625 0.087890625 0.0458984375 0.02734375
4 0.1123046875 0.1083984375 0.0390625 0.025390625
4 0.09912109375 0.13720703125 0.0419921875 0.0263671875
4 0.06591796875 0.12353515625 0.0380859375 0.0244140625
4 0.06298828125 0.1044921875 0.0322265625 0.01953125
4 0.05908203125 0.08837890625 0.0322265625 0.0185546875
4 0.0546875 0.07177734375 0.0390625 0.0224609375
4 0.04931640625 0.05419921875 0.0361328125 0.0224609375
4 0.20166015625 0.0048828125 0.0361328125 0.0078125
4 0.21923828125 0.05224609375 0.0419921875 0.0205078125
4 0.2236328125 0.06982421875 0.046875 0.0244140625
4 0.45361328125 0.033203125 0.0517578125 0.0234375
4 0.60400390625 0.01416015625 0.0400390625 0.0185546875
4 0.60107421875 0.00341796875 0.0361328125 0.0048828125
