4 0.69775390625 0.330078125 0.0126953125 0.01953125
4 0.68994140625 0.3330078125 0.0126953125 0.01953125
4 0.38232421875 0.50048828125 0.0244140625 0.0185546875
4 0.4111328125 0.43115234375 0.015625 0.0302734375
4 0.42236328125 0.42822265625 0.0166015625 0.0302734375
4 0.43505859375 0.42431640625 0.0166015625 0.0302734375
4 0.39306640625 0.4150390625 0.0302734375 0.017578125
4 0.36279296875 0.42578125 0.0283203125 0.01953125
4 0.466796875 0.4423828125 0.02734375 0.025390625
4 0.40478515625 0.494140625 0.0244140625 0.0234375
4 0.380859375 0.51318359375 0.03515625 0.0166015625
4 0.38818359375 0.439453125 0.0146484375 0.029296875
4 0.38818359375 0.5361328125 0.0556640625 0.0234375
4 0.3935546875 0.55517578125 0.05078125 0.0205078125
4 0.3974609375 0.576171875 0.056640625 0.025390625
4 0.40869140625 0.62255859375 0.0673828125 0.0283203125
4 0.41162109375 0.64697265625 0.0595703125 0.0244140625
4 0.40869140625 0.673828125 0.0576171875 0.025390625
4 0.42041015625 0.69677734375 0.0654296875 0.0302734375
4 0.39990234375 0.43505859375 0.0166015625 0.0302734375
4 0.37744140625 0.44091796875 0.0166015625 0.0302734375
5 0.7578125 0.869140625 0.484375 0.13671875
5 0.90087890625 0.6513671875 0.1982421875 0.158203125
4 0.36474609375 0.4462890625 0.0185546875 0.03125
5 0.765625 0.41650390625 0.46875 0.2607421875
4 0.42626953125 0.7236328125 0.0712890625 0.029296875
4 0.42626953125 0.7490234375 0.0654296875 0.02734375
4 0.43212890625 0.77587890625 0.0673828125 0.0283203125
4 0.8740234375 0.849609375 0.01953125 0.046875
4 0.89453125 0.849609375 0.01953125 0.041015625
4 0.9521484375 0.841796875 0.017578125 0.03515625
4 0.97216796875 0.8408203125 0.0224609375 0.044921875
4 0.43603515625 0.80078125 0.0751953125 0.02734375
4 0.85546875 0.8564453125 0.021484375 0.04296875
4 0.833984375 0.85693359375 0.021484375 0.0498046875
4 0.81201171875 0.861328125 0.0205078125 0.044921875
4 0.79296875 0.8662109375 0.01953125 0.046875
4 0.4375 0.8291015625 0.064453125 0.025390625
4 0.4326171875 0.8525390625 0.052734375 0.025390625
4 0.4208984375 0.87548828125 0.025390625 0.0146484375
4 0.43017578125 0.9228515625 0.0263671875 0.013671875
4 0.53125 0.90625 0.013671875 0.033203125
4 0.54736328125 0.908203125 0.0126953125 0.029296875
4 0.5654296875 0.890625 0.021484375 0.056640625
4 0.5849609375 0.890625 0.017578125 0.046875
4 0.607421875 0.88916015625 0.01953125 0.0439453125
4 0.62841796875 0.8818359375 0.0224609375 0.05859375
4 0.6484375 0.87939453125 0.01953125 0.0419921875
4 0.66943359375 0.875 0.0205078125 0.046875
4 0.71142578125 0.873046875 0.0205078125 0.0546875
4 0.73095703125 0.8701171875 0.0224609375 0.056640625
4 0.7705078125 0.86328125 0.0234375 0.0546875
4 0.580078125 0.47802734375 0.0703125 0.0673828125
4 0.77294921875 0.35302734375 0.0126953125 0.0185546875
4 0.72265625 0.36474609375 0.01171875 0.0185546875
4 0.72998046875 0.36279296875 0.0126953125 0.0185546875
4 0.73876953125 0.36669921875 0.0126953125 0.0185546875
4 0.74609375 0.365234375 0.01171875 0.01953125
4 0.75244140625 0.36083984375 0.0126953125 0.0185546875
4 0.76025390625 0.35986328125 0.0126953125 0.0185546875
4 0.7666015625 0.35595703125 0.01171875 0.0185546875
4 0.7802734375 0.35107421875 0.01171875 0.0185546875
4 0.787109375 0.34912109375 0.01171875 0.0185546875
4 0.79443359375 0.34716796875 0.0126953125 0.0185546875
4 0.75048828125 0.39453125 0.0185546875 0.013671875
4 0.76611328125 0.287109375 0.0224609375 0.015625
4 0.74560546875 0.2939453125 0.0224609375 0.015625
4 0.724609375 0.30126953125 0.0234375 0.0146484375
4 0.6826171875 0.33544921875 0.013671875 0.0205078125
4 0.71630859375 0.36865234375 0.0126953125 0.0185546875
4 0.845703125 0.40283203125 0.02734375 0.0205078125
4 0.84912109375 0.392578125 0.0263671875 0.01953125
4 0.56884765625 0.37353515625 0.0341796875 0.0263671875
4 0.63916015625 0.3505859375 0.0302734375 0.021484375
4 0.65283203125 0.3466796875 0.0283203125 0.021484375
4 0.6669921875 0.34228515625 0.029296875 0.0224609375
4 0.61083984375 0.35888671875 0.0341796875 0.0263671875
4 0.59765625 0.36376953125 0.033203125 0.0263671875
4 0.5830078125 0.3681640625 0.033203125 0.025390625
4 0.974609375 0.365234375 0.05078125 0.02734375
4 0.99072265625 0.33935546875 0.0185546875 0.0322265625
4 0.947265625 0.380859375 0.087890625 0.060546875
4 0.81640625 0.45263671875 0.060546875 0.0458984375
4 0.892578125 0.41796875 0.0546875 0.0390625
4 0.8310546875 0.70361328125 0.017578125 0.0439453125
4 0.98876953125 0.68310546875 0.0224609375 0.0498046875
4 0.96435546875 0.6884765625 0.0146484375 0.04296875
4 0.98876953125 0.61572265625 0.0224609375 0.0576171875
4 0.96875 0.6171875 0.0234375 0.05078125
4 0.94921875 0.6220703125 0.025390625 0.05078125
4 0.9189453125 0.68896484375 0.015625 0.0380859375
4 0.9072265625 0.6298828125 0.021484375 0.046875
4 0.88525390625 0.62744140625 0.0224609375 0.0556640625
4 0.86474609375 0.6328125 0.0244140625 0.056640625
4 0.84326171875 0.638671875 0.0224609375 0.056640625
4 0.85498046875 0.69921875 0.0205078125 0.046875
4 0.87353515625 0.70068359375 0.0146484375 0.0302734375
5 0.41650390625 0.72119140625 0.1376953125 0.4306640625
