4 0.740234375 0.60498046875 0.01953125 0.0439453125
4 0.8984375 0.5830078125 0.021484375 0.048828125
4 0.87451171875 0.5849609375 0.0185546875 0.046875
4 0.8544921875 0.58935546875 0.01953125 0.0478515625
4 0.83056640625 0.59423828125 0.0185546875 0.0458984375
4 0.8095703125 0.5947265625 0.01953125 0.046875
4 0.787109375 0.60400390625 0.01953125 0.0537109375
4 0.76416015625 0.603515625 0.0224609375 0.046875
4 0.72119140625 0.607421875 0.0205078125 0.044921875
4 0.94482421875 0.5791015625 0.0146484375 0.04296875
4 0.69873046875 0.61376953125 0.0224609375 0.0478515625
4 0.67529296875 0.61279296875 0.0205078125 0.0498046875
4 0.63134765625 0.62060546875 0.0205078125 0.0478515625
4 0.6474609375 0.578125 0.041015625 0.017578125
4 0.60791015625 0.6259765625 0.0205078125 0.044921875
4 0.5859375 0.626953125 0.021484375 0.046875
4 0.5888671875 0.5849609375 0.041015625 0.01953125
4 0.92138671875 0.58447265625 0.0205078125 0.0498046875
4 0.9873046875 0.57275390625 0.021484375 0.0478515625
4 0.7763671875 0.76123046875 0.01953125 0.0380859375
4 0.9521484375 0.73486328125 0.017578125 0.0380859375
4 0.8125 0.7548828125 0.021484375 0.04296875
4 0.8291015625 0.7548828125 0.015625 0.03515625
4 0.84716796875 0.748046875 0.0185546875 0.037109375
4 0.86572265625 0.7490234375 0.0185546875 0.0390625
4 0.884765625 0.7490234375 0.015625 0.033203125
4 0.900390625 0.74609375 0.017578125 0.03515625
4 0.93115234375 0.73876953125 0.0146484375 0.0380859375
4 0.98974609375 0.72998046875 0.0205078125 0.0400390625
4 0.58740234375 0.56103515625 0.0322265625 0.0166015625
4 0.63330078125 0.5625 0.0263671875 0.013671875
4 0.63232421875 0.54638671875 0.0380859375 0.0166015625
4 0.4521484375 0.5751953125 0.025390625 0.068359375
4 0.56298828125 0.626953125 0.0205078125 0.04296875
4 0.54248046875 0.63330078125 0.0224609375 0.0498046875
4 0.51611328125 0.63720703125 0.0166015625 0.0322265625
4 0.4970703125 0.6396484375 0.021484375 0.046875
4 0.4755859375 0.64404296875 0.021484375 0.0458984375
4 0.45361328125 0.64599609375 0.0185546875 0.0498046875
4 0.42724609375 0.6484375 0.0166015625 0.037109375
4 0.40478515625 0.57958984375 0.0263671875 0.0634765625
4 0.5849609375 0.54443359375 0.033203125 0.0166015625
4 0.4091796875 0.65234375 0.013671875 0.03125
4 0.38427734375 0.65673828125 0.0185546875 0.0458984375
4 0.37841796875 0.58154296875 0.0302734375 0.0791015625
4 0.33642578125 0.5927734375 0.0244140625 0.05078125
4 0.3388671875 0.65966796875 0.021484375 0.0537109375
4 0.31298828125 0.59912109375 0.0244140625 0.0615234375
4 0.2919921875 0.6015625 0.025390625 0.0546875
4 0.4765625 0.57080078125 0.02734375 0.0693359375
4 0.50146484375 0.568359375 0.0224609375 0.05859375
4 0.58056640625 0.5224609375 0.0439453125 0.0234375
4 0.5791015625 0.50390625 0.041015625 0.017578125
4 0.62548828125 0.513671875 0.0283203125 0.013671875
4 0.62841796875 0.49560546875 0.0302734375 0.0166015625
4 0.62646484375 0.48095703125 0.0380859375 0.0146484375
4 0.6220703125 0.4638671875 0.025390625 0.013671875
4 0.619140625 0.447265625 0.03125 0.015625
4 0.61767578125 0.43212890625 0.0380859375 0.0185546875
4 0.6103515625 0.38232421875 0.03515625 0.0166015625
4 0.60986328125 0.36474609375 0.0380859375 0.0146484375
4 0.61572265625 0.4169921875 0.0361328125 0.013671875
4 0.61328125 0.39892578125 0.03125 0.0126953125
4 0.5654296875 0.3994140625 0.04296875 0.01953125
4 0.5654296875 0.419921875 0.0390625 0.01953125
4 0.57080078125 0.43896484375 0.0380859375 0.0185546875
4 0.5712890625 0.46142578125 0.041015625 0.0185546875
4 0.57666015625 0.4814453125 0.0400390625 0.01953125
4 0.79345703125 0.7587890625 0.0146484375 0.03125
4 0.75927734375 0.76171875 0.0185546875 0.041015625
4 0.7412109375 0.76611328125 0.017578125 0.0400390625
5 0.50048828125 0.798828125 0.9990234375 0.201171875
5 0.28271484375 0.6279296875 0.5634765625 0.205078125
5 0.78173828125 0.59423828125 0.4365234375 0.1220703125
5 0.59716796875 0.46826171875 0.1181640625 0.2353515625
5 0.7734375 0.400390625 0.12890625 0.197265625
5 0.94775390625 0.35693359375 0.1044921875 0.2060546875
5 0.88525390625 0.07373046875 0.1123046875 0.1357421875
5 0.3984375 0.28759765625 0.794921875 0.3662109375
4 0.359375 0.81298828125 0.01953125 0.0439453125
4 0.0693359375 0.849609375 0.01953125 0.046875
4 0.08984375 0.849609375 0.01953125 0.041015625
4 0.1474609375 0.841796875 0.017578125 0.03515625
4 0.16748046875 0.8408203125 0.0224609375 0.044921875
4 0.2060546875 0.83447265625 0.017578125 0.0380859375
4 0.224609375 0.83154296875 0.015625 0.0400390625
4 0.244140625 0.8271484375 0.01953125 0.0390625
4 0.43505859375 0.8017578125 0.0205078125 0.05078125
4 0.45458984375 0.79443359375 0.0185546875 0.0478515625
4 0.4736328125 0.80126953125 0.017578125 0.0419921875
4 0.62939453125 0.7744140625 0.0166015625 0.0390625
4 0.6689453125 0.7724609375 0.01953125 0.04296875
4 0.68603515625 0.77001953125 0.0146484375 0.0380859375
4 0.7060546875 0.7685546875 0.015625 0.0390625
4 0.72412109375 0.76708984375 0.0205078125 0.0439453125
4 0.05078125 0.8564453125 0.021484375 0.04296875
4 0.029296875 0.85693359375 0.021484375 0.0498046875
4 0.00927734375 0.8603515625 0.0166015625 0.04296875
4 0.2919921875 0.666015625 0.015625 0.0390625
4 0.275390625 0.6708984375 0.017578125 0.037109375
4 0.27099609375 0.60400390625 0.0263671875 0.0595703125
4 0.98046875 0.3134765625 0.0390625 0.01953125
4 0.740234375 0.37109375 0.03515625 0.015625
4 0.73681640625 0.35107421875 0.0439453125 0.0205078125
4 0.7353515625 0.32763671875 0.05078125 0.0224609375
4 0.97509765625 0.2568359375 0.0400390625 0.021484375
4 0.974609375 0.27587890625 0.03515625 0.0146484375
4 0.978515625 0.29541015625 0.04296875 0.0224609375
4 0.982421875 0.33349609375 0.03515625 0.0185546875
4 0.7490234375 0.416015625 0.041015625 0.017578125
4 0.9814453125 0.3583984375 0.037109375 0.01953125
4 0.984375 0.3818359375 0.03125 0.021484375
4 0.9384765625 0.41015625 0.044921875 0.021484375
4 0.9404296875 0.4306640625 0.033203125 0.017578125
4 0.93359375 0.3720703125 0.04296875 0.017578125
4 0.92919921875 0.33056640625 0.0400390625 0.0205078125
4 0.9228515625 0.30908203125 0.04296875 0.0224609375
4 0.744140625 0.39453125 0.04296875 0.01953125
4 0.76220703125 0.54150390625 0.0498046875 0.0205078125
4 0.23095703125 0.61083984375 0.0244140625 0.0537109375
4 0.79248046875 0.318359375 0.0380859375 0.01953125
4 0.79541015625 0.3427734375 0.0439453125 0.021484375
4 0.76123046875 0.51904296875 0.0478515625 0.0205078125
4 0.794921875 0.365234375 0.041015625 0.01953125
4 0.80224609375 0.38818359375 0.0400390625 0.0185546875
4 0.80224609375 0.408203125 0.0400390625 0.017578125
4 0.80615234375 0.43310546875 0.0478515625 0.0185546875
4 0.8076171875 0.45361328125 0.04296875 0.0185546875
4 0.75634765625 0.4794921875 0.0517578125 0.021484375
4 0.75927734375 0.5 0.0458984375 0.01953125
4 0.921875 0.29052734375 0.044921875 0.0205078125
4 0.91552734375 0.26416015625 0.0419921875 0.0205078125
4 0.041015625 0.40283203125 0.02734375 0.0205078125
4 0.04443359375 0.392578125 0.0263671875 0.01953125
4 0.43408203125 0.2607421875 0.0361328125 0.02734375
4 0.1728515625 0.36572265625 0.056640625 0.0283203125
4 0.22607421875 0.3564453125 0.0986328125 0.06640625
4 0.24267578125 0.33056640625 0.0732421875 0.0556640625
4 0.29248046875 0.32080078125 0.0712890625 0.0537109375
4 0.32568359375 0.306640625 0.0478515625 0.033203125
4 0.36376953125 0.29248046875 0.0908203125 0.0615234375
4 0.404296875 0.28125 0.087890625 0.064453125
4 0.47119140625 0.25244140625 0.0712890625 0.0517578125
4 0.900390625 0.029296875 0.04296875 0.025390625
4 0.49658203125 0.23486328125 0.0732421875 0.0498046875
4 0.53564453125 0.22509765625 0.0634765625 0.0419921875
4 0.57275390625 0.2158203125 0.0615234375 0.04296875
4 0.6240234375 0.19287109375 0.052734375 0.0419921875
4 0.640625 0.17529296875 0.044921875 0.0322265625
4 0.6904296875 0.177734375 0.060546875 0.044921875
4 0.71826171875 0.162109375 0.0615234375 0.04296875
4 0.142578125 0.380859375 0.087890625 0.060546875
4 0.021484375 0.45458984375 0.041015625 0.0419921875
4 0.087890625 0.41796875 0.0546875 0.0390625
4 0.0263671875 0.70361328125 0.017578125 0.0439453125
4 0.22900390625 0.67529296875 0.0224609375 0.0478515625
4 0.2060546875 0.67919921875 0.01953125 0.0439453125
4 0.18408203125 0.68310546875 0.0224609375 0.0498046875
4 0.15966796875 0.6884765625 0.0146484375 0.04296875
4 0.2080078125 0.6142578125 0.021484375 0.046875
4 0.1865234375 0.61669921875 0.02734375 0.0595703125
4 0.1640625 0.6171875 0.0234375 0.05078125
4 0.14453125 0.6220703125 0.025390625 0.05078125
4 0.1142578125 0.68896484375 0.015625 0.0380859375
4 0.1025390625 0.6298828125 0.021484375 0.046875
4 0.08056640625 0.62744140625 0.0224609375 0.0556640625
4 0.06005859375 0.6328125 0.0244140625 0.056640625
4 0.03857421875 0.638671875 0.0224609375 0.056640625
4 0.05029296875 0.69921875 0.0205078125 0.046875
4 0.06884765625 0.70068359375 0.0146484375 0.0302734375
4 0.74755859375 0.13818359375 0.0283203125 0.0380859375
4 0.90380859375 0.05224609375 0.0361328125 0.0166015625
4 0.90576171875 0.06884765625 0.0419921875 0.0244140625
4 0.91650390625 0.087890625 0.0458984375 0.02734375
4 0.9169921875 0.1083984375 0.0390625 0.025390625
4 0.90380859375 0.13720703125 0.0419921875 0.0263671875
4 0.87060546875 0.12353515625 0.0380859375 0.0244140625
4 0.86767578125 0.1044921875 0.0322265625 0.01953125
4 0.86376953125 0.08837890625 0.0322265625 0.0185546875
4 0.859375 0.07177734375 0.0390625 0.0224609375
4 0.85400390625 0.05419921875 0.0361328125 0.0224609375
4 0.994140625 0.0048828125 0.01171875 0.0078125
