0 0.05126953125 0.119140625 0.0263671875 0.037109375
0 0.06884765625 0.07080078125 0.0263671875 0.0361328125
0 0.08349609375 0.0322265625 0.0283203125 0.0390625
0 0.09423828125 0.0068359375 0.0205078125 0.01171875
8 0.736328125 0.345703125 0.154296875 0.193359375
8 0.64208984375 0.296875 0.1552734375 0.193359375
8 0.54736328125 0.248046875 0.1533203125 0.193359375
8 0.33642578125 0.73828125 0.1533203125 0.193359375
8 0.42578125 0.7841796875 0.150390625 0.193359375
8 0.5126953125 0.83154296875 0.15234375 0.1923828125
8 0.63037109375 0.5908203125 0.1513671875 0.19140625
8 0.5419921875 0.54443359375 0.15234375 0.1943359375
8 0.453125 0.4990234375 0.15234375 0.19140625
8 0.365234375 0.45361328125 0.15234375 0.1923828125
8 0.27734375 0.408203125 0.15234375 0.193359375
8 0.43701171875 0.19091796875 0.1513671875 0.1923828125
