8 0.55078125 0.30224609375 0.08984375 0.1845703125
8 0.4091796875 0.30078125 0.08984375 0.185546875
8 0.22314453125 0.2734375 0.0888671875 0.185546875
8 0.08203125 0.2705078125 0.08984375 0.185546875
8 0.35791015625 0.61376953125 0.0888671875 0.1845703125
8 0.4990234375 0.615234375 0.08984375 0.185546875
8 0.826171875 0.66748046875 0.08984375 0.1845703125
8 0.68701171875 0.66552734375 0.0869140625 0.1845703125
8 0.8115234375 0.95263671875 0.087890625 0.0947265625
8 0.6708984375 0.95166015625 0.08984375 0.0966796875
8 0.474609375 0.92041015625 0.087890625 0.1591796875
8 0.2177734375 0.61279296875 0.087890625 0.1865234375
8 0.037109375 0.71630859375 0.072265625 0.1865234375
