0 0.515625 0.07763671875 0.017578125 0.0361328125
0 0.689453125 0.23583984375 0.041015625 0.0185546875
0 0.6171875 0.2353515625 0.0390625 0.017578125
0 0.5634765625 0.23486328125 0.037109375 0.0185546875
0 0.4296875 0.23095703125 0.041015625 0.0205078125
0 0.38330078125 0.23046875 0.0361328125 0.017578125
0 0.1376953125 0.22607421875 0.037109375 0.0166015625
0 0.0810546875 0.22509765625 0.037109375 0.0166015625
8 0.9716796875 0.4228515625 0.056640625 0.19140625
8 0.8818359375 0.4228515625 0.09375 0.193359375
8 0.77099609375 0.41943359375 0.0927734375 0.1923828125
8 0.6611328125 0.41796875 0.095703125 0.1953125
8 0.52294921875 0.41552734375 0.0966796875 0.1943359375
8 0.4140625 0.41259765625 0.09375 0.1943359375
8 0.30419921875 0.4111328125 0.0966796875 0.193359375
0 0.74267578125 0.23681640625 0.0361328125 0.0185546875
0 0.85400390625 0.23974609375 0.0400390625 0.0166015625
0 0.798828125 0.2373046875 0.037109375 0.017578125
0 0.9140625 0.24072265625 0.04296875 0.0205078125
0 0.97119140625 0.240234375 0.0380859375 0.017578125
0 0.31689453125 0.2275390625 0.0361328125 0.021484375
0 0.1982421875 0.22509765625 0.05078125 0.0185546875
0 0.48828125 0.23193359375 0.03125 0.0166015625
0 0.263671875 0.2294921875 0.03125 0.017578125
8 0.19775390625 0.40771484375 0.0947265625 0.1943359375
