0 0.65283203125 0.38427734375 0.0400390625 0.0380859375
0 0.703125 0.37158203125 0.03125 0.0341796875
0 0.54833984375 0.111328125 0.0380859375 0.037109375
0 0.58740234375 0.1572265625 0.0361328125 0.03515625
0 0.3857421875 0.05712890625 0.033203125 0.0361328125
0 0.42529296875 0.10888671875 0.0361328125 0.0205078125
0 0.35400390625 0.08203125 0.0341796875 0.03515625
0 0.310546875 0.123046875 0.03515625 0.0390625
0 0.150390625 0.3662109375 0.03125 0.03515625
0 0.0859375 0.41943359375 0.033203125 0.0380859375
0 0.044921875 0.45654296875 0.03125 0.0361328125
0 0.056640625 0.44482421875 0.03125 0.0361328125
0 0.025390625 0.54833984375 0.037109375 0.0341796875
0 0.17529296875 0.73193359375 0.0361328125 0.0341796875
0 0.162109375 0.71533203125 0.037109375 0.0341796875
0 0.1494140625 0.70068359375 0.03515625 0.0341796875
0 0.138671875 0.68408203125 0.03515625 0.0322265625
0 0.08837890625 0.62646484375 0.0361328125 0.0341796875
0 0.05859375 0.5947265625 0.0390625 0.03515625
0 0.04833984375 0.57861328125 0.0341796875 0.0322265625
12 0.73486328125 0.7529296875 0.2060546875 0.21484375
12 0.638671875 0.83251953125 0.205078125 0.2158203125
8 0.63232421875 0.5126953125 0.1748046875 0.1875
8 0.55078125 0.58203125 0.173828125 0.1875
8 0.4482421875 0.6650390625 0.171875 0.185546875
8 0.36669921875 0.73193359375 0.1728515625 0.1865234375
8 0.46337890625 0.30859375 0.1728515625 0.1875
8 0.38232421875 0.37646484375 0.1748046875 0.1884765625
8 0.27978515625 0.46142578125 0.1748046875 0.1884765625
0 0.4873046875 0.1865234375 0.03515625 0.033203125
0 0.5244140625 0.2333984375 0.033203125 0.03125
0 0.61767578125 0.3408203125 0.0361328125 0.03515625
0 0.07421875 0.3056640625 0.033203125 0.037109375
0 0.66455078125 0.40087890625 0.0419921875 0.0400390625
0 0.826171875 0.44970703125 0.044921875 0.0400390625
0 0.81591796875 0.4306640625 0.0400390625 0.0390625
0 0.1982421875 0.76416015625 0.041015625 0.0400390625
0 0.18359375 0.74951171875 0.041015625 0.0361328125
0 0.0751953125 0.6103515625 0.04296875 0.041015625
0 0.03564453125 0.56396484375 0.0419921875 0.0400390625
0 0.3701171875 0.06787109375 0.033203125 0.0341796875
0 0.24462890625 0.2890625 0.0361328125 0.0390625
0 0.18310546875 0.341796875 0.0341796875 0.037109375
0 0.1201171875 0.3896484375 0.033203125 0.03515625
0 0.10205078125 0.40673828125 0.0341796875 0.0380859375
0 0.1376953125 0.2578125 0.033203125 0.0390625
0 0.681640625 0.41650390625 0.033203125 0.0302734375
0 0.18310546875 0.22119140625 0.0380859375 0.0380859375
0 0.32177734375 0.10791015625 0.0322265625 0.0341796875
0 0.2470703125 0.1669921875 0.037109375 0.0390625
0 0.798828125 0.6552734375 0.037109375 0.037109375
0 0.78173828125 0.640625 0.0361328125 0.03515625
0 0.603515625 0.3212890625 0.037109375 0.03515625
0 0.62841796875 0.3544921875 0.0361328125 0.03515625
0 0.19775390625 0.33154296875 0.0361328125 0.0400390625
0 0.2119140625 0.32080078125 0.037109375 0.0419921875
0 0.12158203125 0.2685546875 0.0341796875 0.037109375
0 0.64697265625 0.36474609375 0.0361328125 0.0341796875
0 0.693359375 0.43310546875 0.03515625 0.0322265625
8 0.197265625 0.52734375 0.173828125 0.185546875
