0 0.65283203125 0.46728515625 0.0400390625 0.0380859375
0 0.703125 0.45458984375 0.03125 0.0341796875
0 0.54833984375 0.1943359375 0.0380859375 0.037109375
0 0.58740234375 0.240234375 0.0361328125 0.03515625
0 0.3857421875 0.14013671875 0.033203125 0.0361328125
0 0.42529296875 0.19189453125 0.0361328125 0.0205078125
0 0.35400390625 0.1650390625 0.0341796875 0.03515625
0 0.310546875 0.2060546875 0.03515625 0.0390625
0 0.150390625 0.44921875 0.03125 0.03515625
0 0.0859375 0.50244140625 0.033203125 0.0380859375
0 0.044921875 0.53955078125 0.03125 0.0361328125
0 0.056640625 0.52783203125 0.03125 0.0361328125
0 0.025390625 0.63134765625 0.037109375 0.0341796875
0 0.17529296875 0.81494140625 0.0361328125 0.0341796875
0 0.162109375 0.79833984375 0.037109375 0.0341796875
0 0.1494140625 0.78369140625 0.03515625 0.0341796875
0 0.138671875 0.76708984375 0.03515625 0.0322265625
0 0.08837890625 0.70947265625 0.0361328125 0.0341796875
0 0.05859375 0.677734375 0.0390625 0.03515625
0 0.04833984375 0.66162109375 0.0341796875 0.0322265625
12 0.73486328125 0.8359375 0.2060546875 0.21484375
12 0.638671875 0.90380859375 0.205078125 0.1923828125
8 0.63232421875 0.595703125 0.1748046875 0.1875
8 0.55078125 0.6650390625 0.173828125 0.1875
8 0.4482421875 0.748046875 0.171875 0.185546875
8 0.36669921875 0.81494140625 0.1728515625 0.1865234375
8 0.46337890625 0.3916015625 0.1728515625 0.1875
8 0.38232421875 0.45947265625 0.1748046875 0.1884765625
8 0.27978515625 0.54443359375 0.1748046875 0.1884765625
0 0.4873046875 0.26953125 0.03515625 0.033203125
0 0.5244140625 0.31640625 0.033203125 0.03125
0 0.61767578125 0.423828125 0.0361328125 0.03515625
0 0.07421875 0.388671875 0.033203125 0.037109375
0 0.66455078125 0.48388671875 0.0419921875 0.0400390625
0 0.826171875 0.53271484375 0.044921875 0.0400390625
0 0.81591796875 0.513671875 0.0400390625 0.0390625
0 0.1982421875 0.84716796875 0.041015625 0.0400390625
0 0.18359375 0.83251953125 0.041015625 0.0361328125
0 0.0751953125 0.693359375 0.04296875 0.041015625
0 0.03564453125 0.64697265625 0.0419921875 0.0400390625
0 0.3701171875 0.15087890625 0.033203125 0.0341796875
0 0.24462890625 0.3720703125 0.0361328125 0.0390625
0 0.18310546875 0.4248046875 0.0341796875 0.037109375
0 0.1201171875 0.47265625 0.033203125 0.03515625
0 0.10205078125 0.48974609375 0.0341796875 0.0380859375
0 0.1376953125 0.3408203125 0.033203125 0.0390625
0 0.681640625 0.49951171875 0.033203125 0.0302734375
0 0.18310546875 0.30419921875 0.0380859375 0.0380859375
0 0.32177734375 0.19091796875 0.0322265625 0.0341796875
0 0.2470703125 0.25 0.037109375 0.0390625
0 0.798828125 0.73828125 0.037109375 0.037109375
0 0.78173828125 0.7236328125 0.0361328125 0.03515625
0 0.603515625 0.404296875 0.037109375 0.03515625
0 0.62841796875 0.4375 0.0361328125 0.03515625
0 0.19775390625 0.41455078125 0.0361328125 0.0400390625
0 0.2119140625 0.40380859375 0.037109375 0.0419921875
0 0.12158203125 0.3515625 0.0341796875 0.037109375
0 0.64697265625 0.44775390625 0.0361328125 0.0341796875
0 0.693359375 0.51611328125 0.03515625 0.0322265625
8 0.197265625 0.6103515625 0.173828125 0.185546875
