0 0.97021484375 0.546875 0.0361328125 0.04296875
0 0.93603515625 0.74462890625 0.0302734375 0.0380859375
0 0.1796875 0.61572265625 0.041015625 0.0341796875
0 0.10498046875 0.76806640625 0.0322265625 0.0380859375
0 0.08447265625 0.802734375 0.0302734375 0.037109375
0 0.13134765625 0.72265625 0.0341796875 0.041015625
0 0.54345703125 0.8251953125 0.0380859375 0.033203125
0 0.478515625 0.78955078125 0.041015625 0.0322265625
0 0.4345703125 0.75634765625 0.041015625 0.0361328125
0 0.478515625 0.65380859375 0.037109375 0.0302734375
0 0.34033203125 0.70947265625 0.0400390625 0.0322265625
0 0.06884765625 0.55126953125 0.0419921875 0.0341796875
0 0.146484375 0.59716796875 0.041015625 0.0341796875
0 0.32421875 0.5654296875 0.04296875 0.03515625
0 0.22119140625 0.505859375 0.0419921875 0.03515625
8 0.79296875 0.61767578125 0.16796875 0.2041015625
8 0.697265625 0.560546875 0.16796875 0.205078125
8 0.60009765625 0.50439453125 0.1689453125 0.2041015625
8 0.50244140625 0.447265625 0.1689453125 0.205078125
8 0.4033203125 0.390625 0.16796875 0.205078125
8 0.93505859375 0.34716796875 0.1298828125 0.1943359375
9 0.7607421875 0.267578125 0.15234375 0.171875
9 0.64453125 0.18408203125 0.17578125 0.2021484375
0 0.98974609375 0.50927734375 0.0205078125 0.0322265625
1 0.9775390625 0.669921875 0.033203125 0.041015625
1 0.94287109375 0.58935546875 0.0341796875 0.0400390625
1 0.921875 0.63232421875 0.029296875 0.0400390625
1 0.89794921875 0.67431640625 0.0341796875 0.0439453125
1 0.87841796875 0.71142578125 0.0322265625 0.0419921875
1 0.85107421875 0.76025390625 0.0302734375 0.0419921875
1 0.72119140625 0.79443359375 0.0400390625 0.0341796875
1 0.67626953125 0.767578125 0.0400390625 0.033203125
1 0.6376953125 0.74560546875 0.041015625 0.0341796875
1 0.60107421875 0.7255859375 0.0419921875 0.03515625
1 0.5537109375 0.6962890625 0.04296875 0.03515625
1 0.515625 0.6728515625 0.041015625 0.033203125
1 0.43603515625 0.626953125 0.0400390625 0.033203125
1 0.28955078125 0.67724609375 0.0419921875 0.0361328125
1 0.1513671875 0.685546875 0.033203125 0.044921875
1 0.23828125 0.6494140625 0.04296875 0.037109375
1 0.22412109375 0.59130859375 0.0380859375 0.0322265625
1 0.2724609375 0.533203125 0.037109375 0.029296875
1 0.1591796875 0.46630859375 0.037109375 0.0322265625
10 0.2080078125 0.2724609375 0.26171875 0.25
