4 0.20361328125 0.1455078125 0.0615234375 0.080078125
4 0.10791015625 0.0146484375 0.0439453125 0.02734375
4 0.40283203125 0.0361328125 0.0595703125 0.0703125
4 0.341796875 0.072265625 0.060546875 0.080078125
4 0.27685546875 0.10693359375 0.0615234375 0.0751953125
4 0.2470703125 0.13134765625 0.052734375 0.0693359375
4 0.48876953125 0.0859375 0.0498046875 0.064453125
4 0.46923828125 0.1083984375 0.0322265625 0.041015625
4 0.431640625 0.12353515625 0.052734375 0.0673828125
4 0.39501953125 0.142578125 0.0517578125 0.06640625
4 0.3408203125 0.169921875 0.05078125 0.06640625
4 0.306640625 0.1884765625 0.048828125 0.064453125
4 0.2841796875 0.216796875 0.052734375 0.0703125
4 0.2490234375 0.2216796875 0.048828125 0.064453125
4 0.544921875 0.26806640625 0.0546875 0.0732421875
4 0.50927734375 0.28564453125 0.0654296875 0.0849609375
4 0.45068359375 0.3232421875 0.0498046875 0.06640625
5 0.34521484375 0.13427734375 0.3740234375 0.2666015625
5 0.4970703125 0.35693359375 0.380859375 0.3232421875
5 0.681640625 0.6748046875 0.384765625 0.35546875
4 0.408203125 0.34228515625 0.0390625 0.0478515625
4 0.31787109375 0.41357421875 0.0751953125 0.1025390625
4 0.65771484375 0.3251953125 0.0771484375 0.10546875
4 0.50927734375 0.4033203125 0.0771484375 0.103515625
4 0.435546875 0.44384765625 0.078125 0.1103515625
4 0.39990234375 0.4716796875 0.0791015625 0.111328125
4 0.5439453125 0.6806640625 0.07421875 0.103515625
4 0.6181640625 0.63916015625 0.0703125 0.0927734375
4 0.7021484375 0.595703125 0.0703125 0.095703125
4 0.60205078125 0.78466796875 0.0732421875 0.1044921875
4 0.689453125 0.74560546875 0.08203125 0.1123046875
4 0.751953125 0.693359375 0.064453125 0.083984375
4 0.7763671875 0.662109375 0.041015625 0.0546875
4 0.8046875 0.64599609375 0.044921875 0.0712890625
4 0.53125 0.779296875 0.11328125 0.146484375
