4 0.45361328125 0.1455078125 0.0615234375 0.080078125
4 0.35791015625 0.0146484375 0.0439453125 0.02734375
4 0.65283203125 0.0361328125 0.0595703125 0.0703125
4 0.591796875 0.072265625 0.060546875 0.080078125
4 0.52685546875 0.10693359375 0.0615234375 0.0751953125
4 0.4970703125 0.13134765625 0.052734375 0.0693359375
4 0.73876953125 0.0859375 0.0498046875 0.064453125
4 0.71923828125 0.1083984375 0.0322265625 0.041015625
4 0.681640625 0.12353515625 0.052734375 0.0673828125
4 0.64501953125 0.142578125 0.0517578125 0.06640625
4 0.5908203125 0.169921875 0.05078125 0.06640625
4 0.556640625 0.1884765625 0.048828125 0.064453125
4 0.5341796875 0.216796875 0.052734375 0.0703125
4 0.4990234375 0.2216796875 0.048828125 0.064453125
4 0.794921875 0.26806640625 0.0546875 0.0732421875
4 0.75927734375 0.28564453125 0.0654296875 0.0849609375
4 0.70068359375 0.3232421875 0.0498046875 0.06640625
5 0.59521484375 0.13427734375 0.3740234375 0.2666015625
5 0.7470703125 0.35693359375 0.380859375 0.3232421875
5 0.86962890625 0.6796875 0.2607421875 0.345703125
4 0.658203125 0.34228515625 0.0390625 0.0478515625
4 0.56787109375 0.41357421875 0.0751953125 0.1025390625
4 0.90771484375 0.3251953125 0.0771484375 0.10546875
4 0.75927734375 0.4033203125 0.0771484375 0.103515625
4 0.685546875 0.44384765625 0.078125 0.1103515625
4 0.64990234375 0.4716796875 0.0791015625 0.111328125
4 0.7939453125 0.6806640625 0.07421875 0.103515625
4 0.8681640625 0.63916015625 0.0703125 0.0927734375
4 0.9521484375 0.595703125 0.0703125 0.095703125
4 0.85205078125 0.78466796875 0.0732421875 0.1044921875
4 0.939453125 0.74560546875 0.08203125 0.1123046875
4 0.98486328125 0.68359375 0.0302734375 0.064453125
4 0.78125 0.779296875 0.11328125 0.146484375
