4 0.10205078125 0.51220703125 0.0732421875 0.0498046875
4 0.1337890625 0.43212890625 0.064453125 0.0439453125
4 0.00830078125 0.57568359375 0.0146484375 0.0185546875
4 0.015625 0.55078125 0.029296875 0.02734375
4 0.0205078125 0.52099609375 0.0390625 0.0341796875
4 0.02587890625 0.498046875 0.0498046875 0.0390625
4 0.02978515625 0.47607421875 0.0556640625 0.0341796875
4 0.04296875 0.45068359375 0.06640625 0.0458984375
4 0.05322265625 0.42333984375 0.0634765625 0.0458984375
4 0.06298828125 0.400390625 0.0712890625 0.052734375
5 0.08984375 0.59326171875 0.177734375 0.4443359375
4 0.11376953125 0.4873046875 0.0771484375 0.048828125
4 0.08935546875 0.5361328125 0.0771484375 0.052734375
4 0.080078125 0.5634765625 0.08203125 0.052734375
4 0.14697265625 0.41357421875 0.0693359375 0.0458984375
4 0.00634765625 0.77587890625 0.0107421875 0.0205078125
4 0.015625 0.75390625 0.029296875 0.033203125
4 0.017578125 0.69873046875 0.033203125 0.0302734375
4 0.02880859375 0.68212890625 0.0556640625 0.0380859375
4 0.03515625 0.65625 0.068359375 0.046875
4 0.052734375 0.61181640625 0.068359375 0.0439453125
4 0.06396484375 0.58740234375 0.0732421875 0.0478515625
