4 0.07763671875 0.1533203125 0.1103515625 0.048828125
4 0.0576171875 0.2373046875 0.087890625 0.0390625
4 0.0634765625 0.2744140625 0.1171875 0.048828125
4 0.0546875 0.3173828125 0.109375 0.044921875
4 0.046875 0.39501953125 0.091796875 0.0439453125
4 0.041015625 0.51708984375 0.080078125 0.0419921875
4 0.04296875 0.56396484375 0.083984375 0.0419921875
4 0.0390625 0.607421875 0.076171875 0.04296875
4 0.28173828125 0.6220703125 0.0947265625 0.041015625
4 0.3037109375 0.57861328125 0.0859375 0.0400390625
4 0.298828125 0.533203125 0.115234375 0.052734375
4 0.3056640625 0.49267578125 0.09375 0.0380859375
4 0.29443359375 0.451171875 0.1181640625 0.046875
4 0.31005859375 0.40625 0.0947265625 0.0390625
4 0.31396484375 0.3623046875 0.1181640625 0.044921875
4 0.0693359375 0.10107421875 0.13671875 0.0498046875
4 0.32666015625 0.27197265625 0.1123046875 0.0419921875
4 0.32666015625 0.23046875 0.0966796875 0.041015625
4 0.53173828125 0.64599609375 0.0830078125 0.0380859375
4 0.53125 0.60693359375 0.08203125 0.0380859375
4 0.8740234375 0.37451171875 0.0625 0.0283203125
4 0.87646484375 0.40576171875 0.0478515625 0.0302734375
4 0.87109375 0.44287109375 0.0703125 0.0283203125
4 0.86767578125 0.478515625 0.0673828125 0.029296875
4 0.86181640625 0.50830078125 0.0595703125 0.0283203125
4 0.791015625 0.47216796875 0.0546875 0.0283203125
4 0.78466796875 0.5029296875 0.0634765625 0.029296875
4 0.78466796875 0.537109375 0.0615234375 0.029296875
4 0.8583984375 0.57568359375 0.064453125 0.0263671875
4 0.76904296875 0.66796875 0.0537109375 0.025390625
4 0.79931640625 0.3662109375 0.0654296875 0.029296875
4 0.8232421875 0.32373046875 0.11328125 0.0439453125
4 0.61474609375 0.26171875 0.1357421875 0.04296875
4 0.63037109375 0.47705078125 0.0693359375 0.0263671875
4 0.623046875 0.61962890625 0.068359375 0.0283203125
4 0.62841796875 0.58154296875 0.0673828125 0.0283203125
4 0.5419921875 0.56787109375 0.07421875 0.0322265625
4 0.53662109375 0.533203125 0.0869140625 0.03515625
4 0.62646484375 0.54931640625 0.0673828125 0.0283203125
4 0.62646484375 0.5146484375 0.0517578125 0.025390625
4 0.55224609375 0.49853515625 0.0791015625 0.0361328125
4 0.64208984375 0.31103515625 0.0595703125 0.0263671875
4 0.548828125 0.45556640625 0.076171875 0.0361328125
4 0.6337890625 0.4453125 0.05859375 0.029296875
4 0.544921875 0.41943359375 0.07421875 0.0341796875
4 0.54833984375 0.3828125 0.0693359375 0.033203125
4 0.55859375 0.34375 0.07421875 0.033203125
4 0.64453125 0.34375 0.056640625 0.029296875
5 0.85791015625 0.0830078125 0.2275390625 0.1640625
5 0.8232421875 0.5107421875 0.166015625 0.345703125
5 0.583984375 0.46728515625 0.18359375 0.3896484375
5 0.322265625 0.4169921875 0.181640625 0.44921875
5 0.07080078125 0.36962890625 0.1396484375 0.5126953125
0 0.05908203125 0.828125 0.0166015625 0.033203125
0 0.08349609375 0.82763671875 0.0166015625 0.0341796875
0 0.14599609375 0.8330078125 0.0224609375 0.037109375
0 0.2099609375 0.841796875 0.017578125 0.0390625
0 0.2705078125 0.8486328125 0.025390625 0.0546875
0 0.1669921875 0.9296875 0.041015625 0.021484375
0 0.4619140625 0.86083984375 0.01953125 0.0380859375
0 0.39990234375 0.9453125 0.0458984375 0.021484375
0 0.45947265625 0.9560546875 0.0341796875 0.017578125
0 0.51416015625 0.95751953125 0.0380859375 0.0205078125
0 0.50830078125 0.86279296875 0.0185546875 0.0361328125
0 0.53125 0.86572265625 0.017578125 0.0361328125
0 0.48291015625 0.86279296875 0.0205078125 0.0380859375
0 0.43994140625 0.861328125 0.0224609375 0.0390625
0 0.4169921875 0.857421875 0.021484375 0.037109375
0 0.39794921875 0.85205078125 0.0185546875 0.0341796875
0 0.83935546875 0.8759765625 0.0400390625 0.021484375
0 0.8955078125 0.88037109375 0.048828125 0.0283203125
0 0.94384765625 0.8837890625 0.0400390625 0.01953125
0 0.99462890625 0.88916015625 0.0107421875 0.0166015625
4 0.78564453125 0.13623046875 0.1201171875 0.0986328125
4 0.86279296875 0.12255859375 0.0595703125 0.0517578125
4 0.87890625 0.09375 0.064453125 0.052734375
4 0.896484375 0.0673828125 0.060546875 0.052734375
4 0.9111328125 0.03662109375 0.060546875 0.0498046875
4 0.806640625 0.0400390625 0.072265625 0.060546875
4 0.5439453125 0.052734375 0.12890625 0.103515625
4 0.60107421875 0.02783203125 0.0654296875 0.0556640625
4 0.6279296875 0.009765625 0.0390625 0.017578125
