4 0.2724609375 0.85302734375 0.0625 0.0283203125
4 0.27490234375 0.88427734375 0.0478515625 0.0302734375
4 0.26953125 0.92138671875 0.0703125 0.0283203125
4 0.26611328125 0.95703125 0.0673828125 0.029296875
4 0.26025390625 0.986328125 0.0595703125 0.02734375
4 0.189453125 0.95068359375 0.0546875 0.0283203125
4 0.18310546875 0.9814453125 0.0634765625 0.029296875
4 0.4443359375 0.6982421875 0.1328125 0.107421875
4 0.4990234375 0.66943359375 0.0703125 0.0556640625
4 0.42626953125 0.62548828125 0.0615234375 0.0517578125
4 0.53173828125 0.60791015625 0.0712890625 0.0595703125
4 0.548828125 0.576171875 0.064453125 0.052734375
4 0.19775390625 0.8447265625 0.0654296875 0.029296875
4 0.2216796875 0.80224609375 0.11328125 0.0439453125
4 0.041015625 0.74169921875 0.080078125 0.0400390625
4 0.0322265625 0.95556640625 0.0625 0.0263671875
4 0.02587890625 0.990234375 0.0498046875 0.01953125
4 0.04052734375 0.78955078125 0.0595703125 0.0263671875
4 0.0322265625 0.923828125 0.05859375 0.029296875
4 0.04296875 0.822265625 0.056640625 0.029296875
4 0.5 0.50830078125 0.060546875 0.0498046875
5 0.0927734375 0.36328125 0.18359375 0.35546875
5 0.27783203125 0.48291015625 0.2705078125 0.3212890625
5 0.50146484375 0.583984375 0.2275390625 0.248046875
5 0.228515625 0.908203125 0.15234375 0.18359375
5 0.03759765625 0.87744140625 0.0732421875 0.2451171875
4 0.56689453125 0.55078125 0.0673828125 0.052734375
4 0.48291015625 0.54833984375 0.0537109375 0.0498046875
0 0.6318359375 0.0107421875 0.02734375 0.01953125
0 0.65673828125 0.01513671875 0.0302734375 0.0283203125
0 0.673828125 0.02392578125 0.033203125 0.0458984375
0 0.79296875 0.18505859375 0.041015625 0.0322265625
0 0.78466796875 0.20556640625 0.0439453125 0.0361328125
0 0.7626953125 0.2392578125 0.041015625 0.03515625
0 0.73876953125 0.27783203125 0.0498046875 0.0419921875
4 0.18408203125 0.61474609375 0.1201171875 0.0986328125
4 0.09619140625 0.353515625 0.0732421875 0.060546875
4 0.12646484375 0.2919921875 0.0634765625 0.0546875
4 0.1455078125 0.25927734375 0.072265625 0.0595703125
4 0.06298828125 0.2080078125 0.0654296875 0.0546875
4 0.037109375 0.24951171875 0.072265625 0.0576171875
4 0.02978515625 0.28857421875 0.0576171875 0.0537109375
4 0.10693359375 0.3193359375 0.0732421875 0.060546875
4 0.0712890625 0.37939453125 0.07421875 0.0615234375
4 0.01806640625 0.3134765625 0.0341796875 0.041015625
4 0.26123046875 0.60107421875 0.0595703125 0.0517578125
4 0.27734375 0.572265625 0.064453125 0.052734375
4 0.294921875 0.5458984375 0.060546875 0.052734375
4 0.3095703125 0.51513671875 0.060546875 0.0498046875
4 0.34375 0.4580078125 0.064453125 0.048828125
4 0.3828125 0.40625 0.068359375 0.0546875
4 0.30517578125 0.357421875 0.0673828125 0.0546875
4 0.205078125 0.5185546875 0.072265625 0.060546875
4 0.0166015625 0.51416015625 0.03125 0.0400390625
4 0.0234375 0.47216796875 0.044921875 0.0498046875
4 0.0400390625 0.44287109375 0.078125 0.0634765625
4 0.0595703125 0.41259765625 0.072265625 0.0595703125
