5 0.29638671875 0.955078125 0.0673828125 0.087890625
5 0.23876953125 0.93798828125 0.0556640625 0.0869140625
5 0.39111328125 0.970703125 0.0595703125 0.056640625
5 0.4755859375 0.84716796875 0.056640625 0.0478515625
5 0.43408203125 0.7548828125 0.0712890625 0.091796875
5 0.337890625 0.72509765625 0.064453125 0.0849609375
5 0.2646484375 0.69873046875 0.080078125 0.0927734375
5 0.2060546875 0.67919921875 0.06640625 0.0888671875
5 0.13671875 0.65576171875 0.05859375 0.0869140625
5 0.05517578125 0.630859375 0.0556640625 0.087890625
5 0.14111328125 0.8154296875 0.0693359375 0.0859375
5 0.07470703125 0.79052734375 0.0693359375 0.0869140625
5 0.025390625 0.77099609375 0.048828125 0.0849609375
4 0.0380859375 0.64794921875 0.021484375 0.0380859375
4 0.08056640625 0.76904296875 0.0244140625 0.0380859375
4 0.1884765625 0.6982421875 0.021484375 0.03515625
4 0.318359375 0.7431640625 0.0234375 0.037109375
4 0.318359375 0.94091796875 0.025390625 0.0400390625
4 0.3017578125 0.935546875 0.021484375 0.037109375
4 0.337890625 0.7470703125 0.0234375 0.04296875
