4 0.8427734375 0.41015625 0.05859375 0.01953125
4 0.84423828125 0.33935546875 0.0537109375 0.0185546875
4 0.8408203125 0.31494140625 0.056640625 0.0205078125
4 0.8427734375 0.28955078125 0.0546875 0.0185546875
4 0.84375 0.26806640625 0.05859375 0.0205078125
4 0.84716796875 0.22412109375 0.0537109375 0.0205078125
4 0.845703125 0.181640625 0.052734375 0.01953125
4 0.84814453125 0.1611328125 0.0517578125 0.015625
4 0.84912109375 0.138671875 0.0517578125 0.017578125
4 0.849609375 0.1181640625 0.052734375 0.01953125
4 0.85107421875 0.09716796875 0.0556640625 0.0185546875
4 0.84716796875 0.07421875 0.0576171875 0.015625
4 0.8447265625 0.05517578125 0.046875 0.0166015625
4 0.85205078125 0.0341796875 0.0595703125 0.017578125
4 0.84814453125 0.01318359375 0.0556640625 0.0166015625
4 0.5634765625 0.015625 0.03515625 0.029296875
4 0.587890625 0.08349609375 0.060546875 0.0439453125
4 0.5986328125 0.06298828125 0.0625 0.0458984375
4 0.84521484375 0.36181640625 0.0537109375 0.0185546875
4 0.8466796875 0.4345703125 0.05859375 0.01953125
4 0.84326171875 0.4560546875 0.0576171875 0.017578125
4 0.7822265625 0.384765625 0.037109375 0.013671875
4 0.78466796875 0.365234375 0.0419921875 0.017578125
4 0.78076171875 0.2978515625 0.0537109375 0.0234375
4 0.78076171875 0.27587890625 0.0517578125 0.0185546875
4 0.78076171875 0.251953125 0.0595703125 0.0234375
4 0.78173828125 0.228515625 0.0576171875 0.021484375
4 0.77978515625 0.205078125 0.0595703125 0.021484375
4 0.77880859375 0.1826171875 0.0498046875 0.017578125
4 0.78076171875 0.16064453125 0.0576171875 0.0224609375
4 0.775390625 0.13720703125 0.068359375 0.0205078125
4 0.78076171875 0.1162109375 0.0556640625 0.021484375
4 0.7822265625 0.09375 0.052734375 0.017578125
4 0.78173828125 0.0712890625 0.0615234375 0.0234375
4 0.7880859375 0.0517578125 0.048828125 0.017578125
4 0.7939453125 0.01123046875 0.04296875 0.0166015625
4 0.7880859375 0.0322265625 0.056640625 0.017578125
4 0.845703125 0.4931640625 0.0703125 0.0234375
4 0.62451171875 0.017578125 0.0576171875 0.033203125
4 0.21728515625 0.048828125 0.0498046875 0.025390625
4 0.22021484375 0.02783203125 0.0595703125 0.0302734375
4 0.283203125 0.09423828125 0.068359375 0.0283203125
4 0.1904296875 0.0693359375 0.03515625 0.015625
4 0.228515625 0.080078125 0.046875 0.025390625
4 0.33447265625 0.10546875 0.0341796875 0.01953125
4 0.3681640625 0.1142578125 0.03515625 0.01953125
4 0.40966796875 0.10693359375 0.0517578125 0.0224609375
4 0.412109375 0.08544921875 0.041015625 0.0224609375
4 0.419921875 0.06689453125 0.044921875 0.0224609375
4 0.42431640625 0.046875 0.0458984375 0.0234375
4 0.43017578125 0.02783203125 0.0380859375 0.0224609375
4 0.431640625 0.0087890625 0.03515625 0.015625
4 0.34521484375 0.08349609375 0.0693359375 0.0283203125
4 0.35107421875 0.06201171875 0.0654296875 0.0302734375
4 0.3544921875 0.03857421875 0.072265625 0.0341796875
4 0.83984375 0.203125 0.044921875 0.015625
4 0.9814453125 0.36181640625 0.037109375 0.0185546875
4 0.98486328125 0.34130859375 0.0302734375 0.0146484375
4 0.98388671875 0.32080078125 0.0322265625 0.0166015625
4 0.98486328125 0.29931640625 0.0302734375 0.0166015625
4 0.98486328125 0.279296875 0.0302734375 0.015625
4 0.9833984375 0.25927734375 0.033203125 0.0205078125
4 0.9853515625 0.23974609375 0.029296875 0.0185546875
4 0.98486328125 0.21875 0.0302734375 0.017578125
4 0.98583984375 0.19873046875 0.0283203125 0.0166015625
4 0.98681640625 0.17822265625 0.0263671875 0.0146484375
4 0.98681640625 0.1572265625 0.0263671875 0.01953125
4 0.98779296875 0.1376953125 0.0244140625 0.015625
4 0.9873046875 0.1162109375 0.025390625 0.01171875
4 0.98779296875 0.09716796875 0.0244140625 0.0146484375
4 0.98828125 0.076171875 0.0234375 0.013671875
4 0.98583984375 0.0556640625 0.0283203125 0.015625
4 0.98681640625 0.03466796875 0.0263671875 0.0185546875
4 0.98876953125 0.01611328125 0.0224609375 0.0166015625
4 0.98779296875 0.001953125 0.0244140625 0.001953125
4 0.98388671875 0.3818359375 0.0322265625 0.013671875
4 0.9853515625 0.40234375 0.029296875 0.013671875
4 0.98779296875 0.42138671875 0.0244140625 0.0146484375
4 0.98291015625 0.4404296875 0.0341796875 0.013671875
4 0.9716796875 0.4951171875 0.056640625 0.01953125
4 0.9794921875 0.4599609375 0.041015625 0.015625
5 0.982421875 0.25 0.03515625 0.498046875
5 0.80810546875 0.25 0.1357421875 0.498046875
5 0.6533203125 0.3623046875 0.189453125 0.283203125
5 0.60546875 0.05322265625 0.12109375 0.1044921875
5 0.396484375 0.05810546875 0.14453125 0.1142578125
5 0.21630859375 0.033203125 0.0791015625 0.064453125
4 0.6083984375 0.24462890625 0.0546875 0.0419921875
4 0.6064453125 0.265625 0.033203125 0.0234375
4 0.611328125 0.2822265625 0.037109375 0.025390625
4 0.62060546875 0.29736328125 0.0361328125 0.0224609375
4 0.62841796875 0.31201171875 0.0361328125 0.0283203125
4 0.63720703125 0.32763671875 0.0322265625 0.0224609375
4 0.64404296875 0.341796875 0.0361328125 0.02734375
4 0.65771484375 0.373046875 0.0341796875 0.02734375
4 0.66748046875 0.3876953125 0.0341796875 0.025390625
4 0.67333984375 0.40283203125 0.0341796875 0.0244140625
4 0.68212890625 0.41845703125 0.0361328125 0.0244140625
4 0.68896484375 0.4345703125 0.0302734375 0.021484375
4 0.6962890625 0.44970703125 0.037109375 0.0283203125
4 0.705078125 0.46630859375 0.0390625 0.0283203125
4 0.650390625 0.427734375 0.025390625 0.03515625
4 0.62548828125 0.38427734375 0.0263671875 0.0361328125
4 0.60302734375 0.3349609375 0.0263671875 0.03125
4 0.5625 0.2734375 0.021484375 0.025390625
4 0.1806640625 0.0126953125 0.017578125 0.0234375
