5 0.0859375 0.78759765625 0.169921875 0.2841796875
5 0.2021484375 0.876953125 0.23828125 0.24609375
5 0.50537109375 0.9609375 0.1220703125 0.078125
5 0.36962890625 0.92431640625 0.1806640625 0.1513671875
4 0.47998046875 0.984375 0.0419921875 0.03125
4 0.53759765625 0.9755859375 0.0419921875 0.048828125
4 0.52099609375 0.96142578125 0.0478515625 0.0576171875
4 0.49853515625 0.94091796875 0.0498046875 0.0634765625
4 0.37109375 0.99072265625 0.033203125 0.0185546875
4 0.3828125 0.98388671875 0.037109375 0.0302734375
4 0.39013671875 0.96923828125 0.0341796875 0.0283203125
4 0.40234375 0.95703125 0.0390625 0.033203125
4 0.4287109375 0.91943359375 0.046875 0.0576171875
4 0.4091796875 0.90380859375 0.041015625 0.0556640625
4 0.384765625 0.89208984375 0.046875 0.0595703125
4 0.22119140625 0.80908203125 0.0439453125 0.0361328125
4 0.23291015625 0.7958984375 0.0458984375 0.037109375
4 0.2421875 0.7802734375 0.04296875 0.037109375
4 0.2548828125 0.7607421875 0.0625 0.046875
4 0.02099609375 0.92236328125 0.0400390625 0.0439453125
4 0.01953125 0.89501953125 0.037109375 0.0400390625
4 0.02685546875 0.88037109375 0.0478515625 0.0380859375
4 0.03564453125 0.86279296875 0.0478515625 0.0380859375
4 0.0478515625 0.84619140625 0.046875 0.0380859375
4 0.060546875 0.828125 0.05078125 0.041015625
4 0.20263671875 0.84033203125 0.0400390625 0.0341796875
4 0.21142578125 0.8251953125 0.0400390625 0.03515625
4 0.18994140625 0.8544921875 0.0419921875 0.03515625
4 0.24853515625 0.8662109375 0.0537109375 0.04296875
4 0.32373046875 0.98046875 0.0498046875 0.0390625
4 0.33837890625 0.96435546875 0.0419921875 0.0341796875
4 0.35888671875 0.92578125 0.0498046875 0.0390625
4 0.16259765625 0.9853515625 0.0498046875 0.029296875
4 0.1767578125 0.97314453125 0.052734375 0.0419921875
4 0.21337890625 0.91845703125 0.0498046875 0.0400390625
4 0.2021484375 0.9384765625 0.05078125 0.041015625
4 0.23876953125 0.88427734375 0.0537109375 0.0439453125
4 0.26220703125 0.84912109375 0.0498046875 0.0400390625
4 0.181640625 0.87109375 0.04296875 0.037109375
4 0.27685546875 0.83251953125 0.0478515625 0.0400390625
4 0.28466796875 0.81298828125 0.0498046875 0.0400390625
4 0.07666015625 0.99169921875 0.0302734375 0.0166015625
4 0.09765625 0.986328125 0.0390625 0.02734375
4 0.1083984375 0.97509765625 0.041015625 0.0361328125
4 0.1279296875 0.94384765625 0.044921875 0.0341796875
4 0.13916015625 0.9287109375 0.0419921875 0.03515625
4 0.150390625 0.91455078125 0.0390625 0.0361328125
4 0.1630859375 0.90185546875 0.041015625 0.0341796875
4 0.16943359375 0.8828125 0.0400390625 0.033203125
4 0.06982421875 0.8125 0.0458984375 0.0390625
4 0.08251953125 0.79736328125 0.0478515625 0.0361328125
4 0.09423828125 0.78125 0.0498046875 0.0390625
4 0.10498046875 0.76123046875 0.0341796875 0.0263671875
4 0.11376953125 0.74755859375 0.0458984375 0.0380859375
4 0.12646484375 0.7314453125 0.0498046875 0.041015625
4 0.140625 0.7119140625 0.0546875 0.0390625
4 0.00537109375 0.84326171875 0.0087890625 0.0185546875
4 0.01123046875 0.82275390625 0.0205078125 0.0283203125
4 0.015625 0.80224609375 0.029296875 0.0322265625
4 0.021484375 0.78271484375 0.041015625 0.0380859375
4 0.0283203125 0.76611328125 0.056640625 0.0498046875
4 0.04052734375 0.74951171875 0.0576171875 0.0478515625
4 0.05419921875 0.73291015625 0.0537109375 0.0439453125
4 0.0615234375 0.71630859375 0.05078125 0.0439453125
4 0.07275390625 0.70068359375 0.0537109375 0.0439453125
4 0.08544921875 0.6796875 0.0537109375 0.041015625
4 0.1455078125 0.68505859375 0.0625 0.0498046875
4 0.091796875 0.65380859375 0.0546875 0.0439453125
