5 0.39111328125 0.42578125 0.0673828125 0.103515625
5 0.2880859375 0.37646484375 0.130859375 0.1474609375
5 0.1640625 0.34765625 0.166015625 0.205078125
5 0.0751953125 0.287109375 0.1484375 0.248046875
5 0.17236328125 0.1083984375 0.2236328125 0.21484375
5 0.04443359375 0.00439453125 0.0869140625 0.0068359375
5 0.515625 0.1904296875 0.322265625 0.37890625
5 0.34130859375 0.14892578125 0.2744140625 0.2958984375
5 0.8310546875 0.08984375 0.2265625 0.177734375
5 0.9384765625 0.16748046875 0.123046875 0.2392578125
4 0.02392578125 0.01611328125 0.0458984375 0.0205078125
4 0.41845703125 0.42431640625 0.0556640625 0.0673828125
4 0.81396484375 0.162109375 0.0634765625 0.05078125
4 0.81884765625 0.13818359375 0.0478515625 0.0400390625
4 0.83154296875 0.12353515625 0.0478515625 0.0380859375
4 0.84033203125 0.10595703125 0.0478515625 0.0380859375
4 0.8525390625 0.08935546875 0.046875 0.0380859375
4 0.865234375 0.0712890625 0.05078125 0.041015625
4 0.25146484375 0.43994140625 0.0712890625 0.0556640625
4 0.99365234375 0.0771484375 0.0126953125 0.021484375
4 0.298828125 0.40087890625 0.033203125 0.0263671875
4 0.31005859375 0.38818359375 0.0322265625 0.0244140625
4 0.31884765625 0.373046875 0.0380859375 0.029296875
4 0.328125 0.35693359375 0.037109375 0.0302734375
4 0.3369140625 0.3408203125 0.033203125 0.025390625
4 0.2451171875 0.40966796875 0.03515625 0.0302734375
4 0.2529296875 0.3955078125 0.03125 0.025390625
4 0.2607421875 0.37890625 0.037109375 0.029296875
4 0.2685546875 0.36376953125 0.033203125 0.0263671875
4 0.27880859375 0.34912109375 0.0302734375 0.0263671875
4 0.98681640625 0.0947265625 0.0263671875 0.029296875
4 0.94482421875 0.2705078125 0.0537109375 0.04296875
4 0.9677734375 0.2333984375 0.05078125 0.0390625
4 0.9775390625 0.21484375 0.044921875 0.0390625
4 0.99072265625 0.17431640625 0.0185546875 0.0263671875
4 0.982421875 0.11376953125 0.03515625 0.0361328125
4 0.888671875 0.24609375 0.044921875 0.0390625
4 0.9033203125 0.2333984375 0.041015625 0.03515625
4 0.9130859375 0.21826171875 0.041015625 0.0361328125
4 0.9326171875 0.18701171875 0.044921875 0.0341796875
4 0.94384765625 0.171875 0.0419921875 0.03515625
4 0.955078125 0.15771484375 0.0390625 0.0361328125
4 0.9677734375 0.14501953125 0.041015625 0.0341796875
4 0.97412109375 0.1259765625 0.0400390625 0.033203125
4 0.162109375 0.4033203125 0.0390625 0.03125
4 0.150390625 0.41748046875 0.0390625 0.0302734375
4 0.16650390625 0.38671875 0.0322265625 0.025390625
4 0.56982421875 0.01171875 0.0458984375 0.021484375
4 0.240234375 0.25439453125 0.05078125 0.0380859375
4 0.25537109375 0.23388671875 0.0478515625 0.0361328125
4 0.2783203125 0.1875 0.05078125 0.0390625
4 0.3017578125 0.14599609375 0.048828125 0.0380859375
4 0.318359375 0.125 0.046875 0.037109375
4 0.32861328125 0.1044921875 0.0478515625 0.03515625
4 0.3427734375 0.0830078125 0.046875 0.037109375
4 0.35400390625 0.06103515625 0.0458984375 0.0400390625
4 0.3681640625 0.03759765625 0.046875 0.0341796875
4 0.37841796875 0.01953125 0.0478515625 0.03515625
4 0.3955078125 0.00927734375 0.0390625 0.0166015625
4 0.44970703125 0.0126953125 0.0419921875 0.0234375
4 0.43994140625 0.02734375 0.0439453125 0.03515625
4 0.291015625 0.28466796875 0.04296875 0.0341796875
4 0.42822265625 0.04736328125 0.0439453125 0.0361328125
4 0.3017578125 0.26416015625 0.044921875 0.0361328125
4 0.3115234375 0.24755859375 0.044921875 0.0341796875
4 0.32080078125 0.2294921875 0.0439453125 0.03515625
4 0.33154296875 0.2109375 0.0439453125 0.033203125
4 0.341796875 0.19189453125 0.044921875 0.0302734375
4 0.36376953125 0.15380859375 0.0439453125 0.0341796875
4 0.375 0.13623046875 0.046875 0.0341796875
4 0.3837890625 0.11767578125 0.044921875 0.0361328125
4 0.40771484375 0.08203125 0.0419921875 0.033203125
4 0.416015625 0.06201171875 0.04296875 0.0341796875
4 0.052734375 0.00341796875 0.021484375 0.0048828125
4 0.18017578125 0.13330078125 0.0458984375 0.0419921875
4 0.14306640625 0.1953125 0.0478515625 0.0390625
4 0.15625 0.17578125 0.048828125 0.037109375
4 0.16845703125 0.154296875 0.0478515625 0.0390625
4 0.19189453125 0.11328125 0.0498046875 0.041015625
4 0.20654296875 0.091796875 0.0517578125 0.04296875
4 0.2197265625 0.0693359375 0.0546875 0.044921875
4 0.232421875 0.0498046875 0.04296875 0.037109375
4 0.244140625 0.0283203125 0.05078125 0.041015625
4 0.25634765625 0.0126953125 0.0517578125 0.0234375
4 0.0947265625 0.15625 0.05859375 0.046875
4 0.10791015625 0.13037109375 0.0595703125 0.0498046875
4 0.13671875 0.08203125 0.060546875 0.046875
4 0.14794921875 0.05810546875 0.0615234375 0.0458984375
4 0.16650390625 0.03564453125 0.0634765625 0.0478515625
4 0.560546875 0.02294921875 0.04296875 0.0322265625
4 0.17724609375 0.37158203125 0.0380859375 0.0302734375
4 0.5498046875 0.04052734375 0.044921875 0.0341796875
4 0.0087890625 0.35400390625 0.015625 0.0283203125
4 0.013671875 0.32958984375 0.025390625 0.0283203125
4 0.02099609375 0.29833984375 0.0400390625 0.0419921875
4 0.02783203125 0.27490234375 0.0537109375 0.0439453125
4 0.04052734375 0.24951171875 0.0615234375 0.0458984375
4 0.056640625 0.22412109375 0.048828125 0.0380859375
4 0.0673828125 0.20068359375 0.05859375 0.0478515625
4 0.08349609375 0.18017578125 0.0517578125 0.0419921875
4 0.87451171875 0.0556640625 0.0458984375 0.0390625
4 0.88720703125 0.04052734375 0.0478515625 0.0361328125
4 0.89892578125 0.0244140625 0.0498046875 0.0390625
4 0.91015625 0.00927734375 0.033203125 0.0166015625
4 0.7470703125 0.12255859375 0.07421875 0.0517578125
4 0.77001953125 0.11083984375 0.0478515625 0.0380859375
4 0.78076171875 0.09375 0.0498046875 0.041015625
4 0.7890625 0.07568359375 0.05078125 0.0400390625
4 0.80224609375 0.06005859375 0.0478515625 0.0400390625
4 0.81103515625 0.04248046875 0.0478515625 0.0380859375
4 0.12353515625 0.21337890625 0.0302734375 0.0244140625
4 0.11279296875 0.2314453125 0.0322265625 0.025390625
4 0.10888671875 0.2490234375 0.0302734375 0.0234375
4 0.15576171875 0.3193359375 0.0302734375 0.025390625
4 0.1865234375 0.35595703125 0.03515625 0.0263671875
4 0.19384765625 0.34130859375 0.0380859375 0.0302734375
4 0.20263671875 0.32470703125 0.0361328125 0.0283203125
4 0.2109375 0.310546875 0.03515625 0.02734375
4 0.22265625 0.29638671875 0.033203125 0.0283203125
4 0.1044921875 0.41064453125 0.03515625 0.0263671875
4 0.11279296875 0.39501953125 0.0341796875 0.0263671875
4 0.13037109375 0.36376953125 0.0322265625 0.0244140625
4 0.13818359375 0.34814453125 0.0322265625 0.0263671875
4 0.146484375 0.3349609375 0.033203125 0.02734375
4 0.16455078125 0.30224609375 0.0341796875 0.0283203125
4 0.0966796875 0.2626953125 0.033203125 0.025390625
4 0.19140625 0.25537109375 0.037109375 0.0283203125
4 0.01904296875 0.3994140625 0.0341796875 0.02734375
4 0.02685546875 0.38623046875 0.0322265625 0.0263671875
4 0.03369140625 0.369140625 0.0341796875 0.02734375
4 0.04248046875 0.35205078125 0.0322265625 0.0244140625
4 0.05029296875 0.33935546875 0.0322265625 0.0263671875
4 0.060546875 0.32421875 0.03125 0.0234375
4 0.06982421875 0.30859375 0.0302734375 0.025390625
4 0.08056640625 0.2939453125 0.0302734375 0.0234375
4 0.087890625 0.27734375 0.033203125 0.025390625
4 0.82177734375 0.02587890625 0.0498046875 0.0380859375
4 0.83349609375 0.017578125 0.0556640625 0.033203125
4 0.54443359375 0.1474609375 0.0361328125 0.02734375
4 0.55419921875 0.1337890625 0.0400390625 0.029296875
4 0.5625 0.1162109375 0.03515625 0.02734375
4 0.57373046875 0.10302734375 0.0361328125 0.0283203125
4 0.58740234375 0.0888671875 0.0400390625 0.033203125
4 0.59912109375 0.0712890625 0.0498046875 0.0390625
4 0.61279296875 0.05078125 0.0576171875 0.04296875
4 0.625 0.0263671875 0.052734375 0.0390625
4 0.64111328125 0.01513671875 0.0576171875 0.0283203125
4 0.51708984375 0.19384765625 0.0361328125 0.0263671875
4 0.47509765625 0.1728515625 0.0439453125 0.03515625
4 0.4853515625 0.14990234375 0.04296875 0.0341796875
4 0.49560546875 0.1328125 0.0458984375 0.0390625
4 0.50634765625 0.11376953125 0.0439453125 0.0380859375
4 0.517578125 0.0966796875 0.04296875 0.03515625
4 0.5380859375 0.05908203125 0.04296875 0.0341796875
4 0.53564453125 0.162109375 0.0361328125 0.029296875
4 0.50830078125 0.20849609375 0.0341796875 0.0263671875
4 0.40966796875 0.279296875 0.0478515625 0.03515625
4 0.46240234375 0.1875 0.0458984375 0.033203125
4 0.45166015625 0.205078125 0.0439453125 0.03515625
4 0.44140625 0.224609375 0.044921875 0.037109375
4 0.431640625 0.2431640625 0.04296875 0.033203125
4 0.42138671875 0.26220703125 0.0439453125 0.0361328125
4 0.396484375 0.29638671875 0.048828125 0.0419921875
4 0.4990234375 0.224609375 0.037109375 0.029296875
4 0.3837890625 0.3134765625 0.046875 0.0390625
4 0.3759765625 0.33447265625 0.04296875 0.0322265625
4 0.4189453125 0.3623046875 0.03515625 0.02734375
4 0.4287109375 0.3466796875 0.03515625 0.025390625
4 0.439453125 0.33203125 0.0390625 0.025390625
4 0.45654296875 0.30126953125 0.0380859375 0.0283203125
4 0.46435546875 0.2841796875 0.0361328125 0.025390625
4 0.47412109375 0.26904296875 0.0341796875 0.0263671875
4 0.482421875 0.25390625 0.033203125 0.025390625
4 0.4892578125 0.23828125 0.03515625 0.025390625
