4 0.66162109375 0.09375 0.0419921875 0.017578125
4 0.65966796875 0.07373046875 0.0419921875 0.0185546875
4 0.662109375 0.03369140625 0.0390625 0.0166015625
4 0.662109375 0.01416015625 0.037109375 0.0166015625
4 0.66064453125 0.00146484375 0.0361328125 0.0009765625
4 0.56396484375 0.09423828125 0.0302734375 0.0478515625
4 0.5693359375 0.0576171875 0.03515625 0.021484375
4 0.56884765625 0.03955078125 0.0361328125 0.0185546875
4 0.56884765625 0.0224609375 0.0380859375 0.01953125
4 0.56982421875 0.00634765625 0.0341796875 0.0107421875
4 0.71337890625 0.1201171875 0.0400390625 0.017578125
4 0.74072265625 0.16357421875 0.0537109375 0.0654296875
4 0.66943359375 0.12548828125 0.0517578125 0.0283203125
4 0.71240234375 0.09521484375 0.0400390625 0.0205078125
4 0.71337890625 0.07421875 0.0400390625 0.015625
4 0.71533203125 0.0556640625 0.0458984375 0.01953125
4 0.71484375 0.03564453125 0.04296875 0.0166015625
4 0.71435546875 0.01416015625 0.0439453125 0.0185546875
5 0.94287109375 0.349609375 0.1142578125 0.201171875
5 0.84765625 0.29052734375 0.212890625 0.2548828125
5 0.9326171875 0.1083984375 0.134765625 0.21484375
5 0.84375 0.00439453125 0.09765625 0.0068359375
5 0.68798828125 0.05615234375 0.0888671875 0.1103515625
5 0.5400390625 0.037109375 0.09375 0.072265625
4 0.82275390625 0.0166015625 0.0576171875 0.021484375
4 0.966796875 0.4033203125 0.0390625 0.03125
9 0.33203125 0.634765625 0.0546875 0.052734375
4 0.955078125 0.41748046875 0.0390625 0.0302734375
4 0.97119140625 0.38671875 0.0322265625 0.025390625
4 0.857421875 0.00341796875 0.021484375 0.0048828125
4 0.98095703125 0.13330078125 0.0380859375 0.0419921875
4 0.94775390625 0.1953125 0.0478515625 0.0390625
4 0.9609375 0.17578125 0.048828125 0.037109375
4 0.97314453125 0.154296875 0.0478515625 0.0390625
4 0.98583984375 0.10986328125 0.0283203125 0.0341796875
4 0.99267578125 0.08251953125 0.0146484375 0.0244140625
4 0.8994140625 0.15625 0.05859375 0.046875
4 0.91259765625 0.13037109375 0.0595703125 0.0498046875
4 0.94140625 0.08203125 0.060546875 0.046875
4 0.95263671875 0.05810546875 0.0615234375 0.0458984375
4 0.9697265625 0.03564453125 0.060546875 0.0478515625
4 0.9814453125 0.37158203125 0.037109375 0.0302734375
4 0.76611328125 0.39111328125 0.0654296875 0.0498046875
4 0.779296875 0.36572265625 0.060546875 0.0478515625
4 0.791015625 0.3447265625 0.060546875 0.046875
4 0.80029296875 0.3212890625 0.0615234375 0.044921875
4 0.818359375 0.296875 0.0546875 0.044921875
4 0.83251953125 0.27490234375 0.0537109375 0.0439453125
4 0.84521484375 0.24951171875 0.0615234375 0.0458984375
4 0.861328125 0.22412109375 0.048828125 0.0380859375
4 0.8720703125 0.20068359375 0.05859375 0.0478515625
4 0.88818359375 0.18017578125 0.0517578125 0.0419921875
4 0.92822265625 0.21337890625 0.0302734375 0.0244140625
4 0.91748046875 0.2314453125 0.0322265625 0.025390625
4 0.91357421875 0.2490234375 0.0302734375 0.0234375
4 0.96044921875 0.3193359375 0.0302734375 0.025390625
4 0.98681640625 0.35498046875 0.0263671875 0.0244140625
4 0.98974609375 0.337890625 0.0205078125 0.0234375
4 0.99462890625 0.3193359375 0.0107421875 0.017578125
4 0.9091796875 0.41064453125 0.03515625 0.0263671875
4 0.91748046875 0.39501953125 0.0341796875 0.0263671875
4 0.93505859375 0.36376953125 0.0322265625 0.0244140625
4 0.94287109375 0.34814453125 0.0322265625 0.0263671875
4 0.951171875 0.3349609375 0.033203125 0.02734375
4 0.96923828125 0.30224609375 0.0341796875 0.0283203125
4 0.9013671875 0.2626953125 0.033203125 0.025390625
4 0.98876953125 0.251953125 0.0224609375 0.021484375
4 0.82373046875 0.3994140625 0.0341796875 0.02734375
4 0.83154296875 0.38623046875 0.0322265625 0.0263671875
4 0.83837890625 0.369140625 0.0341796875 0.02734375
4 0.84716796875 0.35205078125 0.0322265625 0.0244140625
4 0.85498046875 0.33935546875 0.0322265625 0.0263671875
4 0.865234375 0.32421875 0.03125 0.0234375
4 0.87451171875 0.30859375 0.0302734375 0.025390625
4 0.88525390625 0.2939453125 0.0302734375 0.0234375
4 0.892578125 0.27734375 0.033203125 0.025390625
