5 0.2998046875 0.13037109375 0.306640625 0.2568359375
5 0.13330078125 0.07470703125 0.2294921875 0.1455078125
4 0.2314453125 0.2412109375 0.05078125 0.046875
4 0.21044921875 0.21484375 0.0419921875 0.041015625
4 0.38037109375 0.06201171875 0.0302734375 0.0322265625
4 0.37158203125 0.07470703125 0.0341796875 0.0361328125
4 0.3564453125 0.087890625 0.03515625 0.041015625
4 0.33935546875 0.10107421875 0.0283203125 0.0322265625
4 0.326171875 0.10986328125 0.029296875 0.0322265625
4 0.3125 0.123046875 0.03125 0.03515625
4 0.29833984375 0.134765625 0.0380859375 0.037109375
4 0.2822265625 0.146484375 0.03125 0.03515625
4 0.2685546875 0.16015625 0.037109375 0.04296875
4 0.25390625 0.169921875 0.033203125 0.037109375
4 0.36328125 0.02001953125 0.037109375 0.0380859375
4 0.34619140625 0.0283203125 0.0400390625 0.0390625
4 0.337890625 0.04248046875 0.03515625 0.0341796875
4 0.32421875 0.0537109375 0.029296875 0.029296875
4 0.3115234375 0.06591796875 0.03125 0.0341796875
4 0.29833984375 0.07666015625 0.0322265625 0.0361328125
4 0.28173828125 0.08642578125 0.0341796875 0.0341796875
4 0.2685546875 0.09765625 0.033203125 0.03515625
4 0.25244140625 0.107421875 0.0302734375 0.029296875
4 0.24072265625 0.11962890625 0.0341796875 0.0380859375
4 0.2265625 0.13037109375 0.033203125 0.0380859375
4 0.1982421875 0.19873046875 0.04296875 0.0439453125
4 0.1748046875 0.3857421875 0.04296875 0.060546875
4 0.08349609375 0.17724609375 0.0458984375 0.0537109375
4 0.0576171875 0.064453125 0.041015625 0.044921875
4 0.1240234375 0.021484375 0.037109375 0.041015625
4 0.10498046875 0.0263671875 0.0400390625 0.04296875
4 0.0908203125 0.044921875 0.041015625 0.044921875
4 0.0732421875 0.05322265625 0.04296875 0.0458984375
4 0.0400390625 0.07958984375 0.044921875 0.0478515625
4 0.03173828125 0.1123046875 0.0380859375 0.044921875
4 0.20068359375 0.021484375 0.0380859375 0.0390625
4 0.1875 0.0302734375 0.03125 0.029296875
4 0.17236328125 0.04248046875 0.0400390625 0.0419921875
4 0.15771484375 0.05322265625 0.0283203125 0.0283203125
4 0.14501953125 0.06396484375 0.0263671875 0.0283203125
4 0.1298828125 0.07373046875 0.03125 0.0302734375
4 0.1162109375 0.08544921875 0.02734375 0.0283203125
4 0.10400390625 0.10009765625 0.0341796875 0.0341796875
4 0.09130859375 0.109375 0.0361328125 0.037109375
4 0.0791015625 0.1328125 0.04296875 0.05078125
4 0.21044921875 0.140625 0.0361328125 0.04296875
