5 0.572265625 0.46484375 0.1328125 0.234375
5 0.69384765625 0.5009765625 0.1142578125 0.21875
8 0.30810546875 0.9658203125 0.0791015625 0.06640625
5 0.65283203125 0.8154296875 0.1181640625 0.21484375
5 0.49609375 0.765625 0.16796875 0.228515625
5 0.375 0.55908203125 0.23828125 0.5283203125
5 0.54443359375 0.10888671875 0.2255859375 0.2158203125
4 0.51025390625 0.82421875 0.0478515625 0.033203125
4 0.66162109375 0.755859375 0.0458984375 0.029296875
4 0.66015625 0.77880859375 0.048828125 0.0302734375
4 0.65234375 0.80029296875 0.048828125 0.0302734375
4 0.64501953125 0.8203125 0.0498046875 0.03125
4 0.63720703125 0.845703125 0.0478515625 0.02734375
4 0.6240234375 0.8857421875 0.048828125 0.03125
4 0.61767578125 0.908203125 0.0498046875 0.03125
4 0.49755859375 0.86865234375 0.0458984375 0.0283203125
4 0.5048828125 0.84765625 0.0546875 0.033203125
4 0.51806640625 0.802734375 0.0498046875 0.03125
4 0.65966796875 0.5859375 0.0380859375 0.025390625
4 0.52197265625 0.78125 0.0458984375 0.029296875
4 0.53271484375 0.75830078125 0.0458984375 0.0283203125
4 0.5380859375 0.73828125 0.046875 0.029296875
4 0.548828125 0.71728515625 0.05078125 0.0322265625
4 0.55322265625 0.6943359375 0.0517578125 0.033203125
4 0.53466796875 0.6591796875 0.0908203125 0.046875
4 0.49072265625 0.6748046875 0.0478515625 0.033203125
4 0.48828125 0.69921875 0.052734375 0.03515625
4 0.4736328125 0.74169921875 0.05078125 0.0341796875
4 0.67626953125 0.73388671875 0.0498046875 0.0322265625
4 0.6708984375 0.56884765625 0.04296875 0.0283203125
4 0.58544921875 0.41455078125 0.0595703125 0.0380859375
4 0.51220703125 0.20703125 0.0673828125 0.0390625
4 0.4609375 0.05859375 0.029296875 0.029296875
4 0.51220703125 0.029296875 0.0302734375 0.029296875
4 0.490234375 0.009765625 0.029296875 0.017578125
4 0.544921875 0.53125 0.056640625 0.037109375
4 0.552734375 0.50732421875 0.0546875 0.0341796875
4 0.564453125 0.4853515625 0.052734375 0.03515625
4 0.56884765625 0.46044921875 0.0556640625 0.0361328125
4 0.59033203125 0.388671875 0.0478515625 0.03515625
4 0.673828125 0.5458984375 0.037109375 0.0234375
4 0.60400390625 0.3662109375 0.0576171875 0.0390625
4 0.7236328125 0.40576171875 0.029296875 0.0185546875
4 0.71533203125 0.42578125 0.0361328125 0.025390625
4 0.7099609375 0.44287109375 0.03515625 0.0244140625
4 0.609375 0.47998046875 0.0234375 0.0361328125
4 0.77880859375 0.505859375 0.0205078125 0.033203125
4 0.6943359375 0.48779296875 0.04296875 0.0283203125
4 0.6865234375 0.50390625 0.037109375 0.025390625
4 0.6806640625 0.5263671875 0.04296875 0.02734375
4 0.46630859375 0.76416015625 0.0478515625 0.0322265625
4 0.45947265625 0.78466796875 0.0498046875 0.0341796875
4 0.45166015625 0.8056640625 0.0439453125 0.029296875
4 0.4462890625 0.82861328125 0.048828125 0.0322265625
4 0.4365234375 0.8486328125 0.044921875 0.02734375
4 0.30517578125 0.8046875 0.0712890625 0.041015625
4 0.3095703125 0.7783203125 0.0625 0.037109375
4 0.3203125 0.75439453125 0.072265625 0.0419921875
4 0.3232421875 0.7265625 0.056640625 0.03515625
4 0.33544921875 0.7041015625 0.0634765625 0.0390625
4 0.34521484375 0.67822265625 0.0556640625 0.0361328125
4 0.35400390625 0.65185546875 0.0556640625 0.0361328125
4 0.35986328125 0.62744140625 0.0673828125 0.0400390625
4 0.36474609375 0.60205078125 0.0595703125 0.0380859375
4 0.3876953125 0.552734375 0.056640625 0.03515625
4 0.39990234375 0.5029296875 0.0556640625 0.03515625
4 0.416015625 0.44921875 0.060546875 0.037109375
4 0.421875 0.4248046875 0.05078125 0.03125
4 0.4326171875 0.39990234375 0.064453125 0.0400390625
4 0.44287109375 0.37646484375 0.0615234375 0.0400390625
