4 0.16845703125 0.85546875 0.1259765625 0.1015625
4 0.2646484375 0.74853515625 0.095703125 0.0751953125
4 0.2880859375 0.70849609375 0.103515625 0.0869140625
4 0.31298828125 0.6689453125 0.1005859375 0.078125
4 0.33740234375 0.6259765625 0.0908203125 0.072265625
4 0.357421875 0.58740234375 0.095703125 0.0791015625
4 0.38525390625 0.55126953125 0.0966796875 0.0771484375
4 0.41552734375 0.513671875 0.1103515625 0.083984375
4 0.43603515625 0.4716796875 0.1064453125 0.087890625
4 0.45458984375 0.43017578125 0.0849609375 0.0732421875
4 0.6904296875 0.57275390625 0.115234375 0.0888671875
4 0.8193359375 0.6416015625 0.1171875 0.091796875
4 0.79443359375 0.6767578125 0.0927734375 0.080078125
4 0.67578125 0.62060546875 0.095703125 0.0771484375
4 0.76123046875 0.70947265625 0.0791015625 0.0654296875
4 0.69873046875 0.8193359375 0.0908203125 0.072265625
4 0.23779296875 0.78369140625 0.1005859375 0.0791015625
5 0.63525390625 0.76904296875 0.4326171875 0.4619140625
4 0.6767578125 0.853515625 0.083984375 0.072265625
4 0.6337890625 0.92919921875 0.091796875 0.0712890625
4 0.6103515625 0.96435546875 0.091796875 0.0712890625
4 0.5830078125 0.98388671875 0.06640625 0.0322265625
4 0.5947265625 0.75830078125 0.12109375 0.0947265625
4 0.46337890625 0.96484375 0.1005859375 0.0703125
4 0.51123046875 0.88623046875 0.1142578125 0.0869140625
4 0.546875 0.84814453125 0.095703125 0.0791015625
4 0.56787109375 0.80126953125 0.1064453125 0.0908203125
4 0.611328125 0.71044921875 0.111328125 0.0908203125
4 0.6474609375 0.67724609375 0.09375 0.0791015625
4 0.86669921875 0.9853515625 0.0634765625 0.029296875
0 0.50341796875 0.0830078125 0.0380859375 0.046875
0 0.5732421875 0.0205078125 0.033203125 0.0390625
0 0.5380859375 0.10498046875 0.03515625 0.0439453125
0 0.42919921875 0.03955078125 0.0341796875 0.0419921875
0 0.4111328125 0.029296875 0.033203125 0.041015625
4 0.90234375 0.96240234375 0.09765625 0.0751953125
4 0.9384765625 0.9306640625 0.078125 0.064453125
4 0.953125 0.88525390625 0.09375 0.0791015625
4 0.96337890625 0.837890625 0.0732421875 0.080078125
4 0.9775390625 0.78564453125 0.044921875 0.0595703125
0 0.0302734375 0.1005859375 0.044921875 0.037109375
0 0.021484375 0.2724609375 0.029296875 0.03515625
5 0.32373046875 0.63232421875 0.3701171875 0.5009765625
