5 0.67333984375 0.31787109375 0.1904296875 0.2724609375
5 0.9423828125 0.5048828125 0.115234375 0.251953125
5 0.86376953125 0.39453125 0.1064453125 0.205078125
5 0.74609375 0.349609375 0.166015625 0.25390625
5 0.560546875 0.28271484375 0.232421875 0.3251953125
5 0.4716796875 0.34033203125 0.19140625 0.3662109375
5 0.44921875 0.1689453125 0.19140625 0.236328125
5 0.34619140625 0.19970703125 0.0908203125 0.1533203125
5 0.29931640625 0.15283203125 0.1455078125 0.2119140625
5 0.21728515625 0.107421875 0.1416015625 0.1953125
5 0.15380859375 0.10302734375 0.1064453125 0.1474609375
5 0.08447265625 0.0634765625 0.1123046875 0.125
5 0.02392578125 0.03369140625 0.0458984375 0.0654296875
4 0.98486328125 0.5546875 0.0302734375 0.091796875
4 0.68896484375 0.28125 0.0478515625 0.060546875
4 0.72119140625 0.181640625 0.0595703125 0.044921875
4 0.650390625 0.14208984375 0.07421875 0.0556640625
