4 0.5771484375 0.568359375 0.025390625 0.033203125
4 0.45947265625 0.787109375 0.0341796875 0.02734375
4 0.47021484375 0.7998046875 0.0302734375 0.0234375
4 0.4814453125 0.8212890625 0.03125 0.025390625
4 0.49072265625 0.83544921875 0.0322265625 0.0283203125
4 0.47314453125 0.876953125 0.0400390625 0.052734375
4 0.521484375 0.87890625 0.0390625 0.03125
4 0.501953125 0.8662109375 0.029296875 0.0234375
4 0.5419921875 0.9111328125 0.03125 0.02734375
4 0.55029296875 0.92333984375 0.0263671875 0.0224609375
4 0.5673828125 0.95556640625 0.033203125 0.0263671875
4 0.5458984375 0.9873046875 0.029296875 0.025390625
4 0.57666015625 0.97265625 0.0322265625 0.025390625
4 0.59912109375 0.994140625 0.0263671875 0.01171875
4 0.68701171875 0.98876953125 0.0244140625 0.0224609375
4 0.70947265625 0.98193359375 0.0322265625 0.0361328125
4 0.42626953125 0.72900390625 0.0380859375 0.0322265625
4 0.37255859375 0.720703125 0.0400390625 0.05078125
4 0.380859375 0.66650390625 0.029296875 0.0244140625
4 0.57861328125 0.28125 0.0439453125 0.03515625
4 0.5849609375 0.61181640625 0.02734375 0.0302734375
4 0.5576171875 0.6376953125 0.02734375 0.03515625
4 0.56298828125 0.57666015625 0.0244140625 0.0302734375
4 0.53076171875 0.59765625 0.0205078125 0.029296875
4 0.63232421875 0.24951171875 0.0439453125 0.0361328125
4 0.689453125 0.1708984375 0.025390625 0.03125
4 0.6259765625 0.21630859375 0.025390625 0.0322265625
4 0.59375 0.2294921875 0.02734375 0.03515625
4 0.5166015625 0.32080078125 0.04296875 0.0341796875
4 0.32177734375 0.63623046875 0.0439453125 0.0576171875
4 0.501953125 0.2861328125 0.029296875 0.0390625
4 0.4580078125 0.31689453125 0.033203125 0.0439453125
4 0.36962890625 0.38671875 0.0556640625 0.07421875
4 0.443359375 0.3232421875 0.03125 0.037109375
4 0.44189453125 0.3671875 0.0341796875 0.02734375
4 0.21630859375 0.47265625 0.0439453125 0.05859375
4 0.2568359375 0.45947265625 0.046875 0.0341796875
4 0.2568359375 0.5322265625 0.037109375 0.048828125
4 0.72900390625 0.97412109375 0.0361328125 0.0458984375
4 0.75390625 0.96630859375 0.033203125 0.0419921875
4 0.76806640625 0.95556640625 0.0322265625 0.0419921875
4 0.7236328125 0.8193359375 0.072265625 0.05078125
4 0.27392578125 0.23388671875 0.0537109375 0.0673828125
4 0.23583984375 0.4287109375 0.0400390625 0.033203125
4 0.8408203125 0.7431640625 0.0625 0.05078125
4 0.74755859375 0.84521484375 0.0615234375 0.0556640625
4 0.85595703125 0.7685546875 0.0498046875 0.041015625
4 0.7841796875 0.94677734375 0.025390625 0.0322265625
4 0.79931640625 0.9365234375 0.0361328125 0.046875
4 0.81396484375 0.92822265625 0.0322265625 0.0400390625
4 0.8427734375 0.90771484375 0.03515625 0.0439453125
4 0.91552734375 0.8623046875 0.0283203125 0.037109375
4 0.93359375 0.8544921875 0.03125 0.041015625
4 0.94873046875 0.84326171875 0.0322265625 0.0400390625
4 0.96630859375 0.8359375 0.0283203125 0.037109375
4 0.98828125 0.8173828125 0.0234375 0.037109375
4 0.88330078125 0.7080078125 0.0302734375 0.0390625
4 0.96728515625 0.70849609375 0.0263671875 0.0361328125
4 0.95361328125 0.71630859375 0.0283203125 0.0380859375
4 0.93505859375 0.6845703125 0.0224609375 0.02734375
4 0.8994140625 0.69873046875 0.029296875 0.0361328125
4 0.908203125 0.74853515625 0.025390625 0.0322265625
4 0.5986328125 0.60205078125 0.025390625 0.0341796875
4 0.6044921875 0.5517578125 0.02734375 0.033203125
4 0.6513671875 0.568359375 0.0234375 0.029296875
5 0.56103515625 0.27490234375 0.4013671875 0.2900390625
5 0.72265625 0.06640625 0.11328125 0.076171875
5 0.64208984375 0.4013671875 0.3935546875 0.283203125
5 0.708984375 0.51318359375 0.396484375 0.2939453125
5 0.77783203125 0.63037109375 0.3857421875 0.2841796875
5 0.82666015625 0.7607421875 0.3466796875 0.275390625
5 0.81884765625 0.89208984375 0.3623046875 0.2158203125
4 0.849609375 0.4462890625 0.025390625 0.03125
4 0.59326171875 0.4111328125 0.0810546875 0.0625
4 0.64794921875 0.380859375 0.0478515625 0.0390625
4 0.69873046875 0.3779296875 0.0400390625 0.03125
4 0.7109375 0.33740234375 0.0546875 0.0419921875
4 0.7783203125 0.326171875 0.037109375 0.03125
4 0.86767578125 0.38623046875 0.0263671875 0.0341796875
4 0.8525390625 0.39697265625 0.025390625 0.0302734375
4 0.8740234375 0.4296875 0.0234375 0.03125
4 0.822265625 0.46142578125 0.0234375 0.0322265625
4 0.5341796875 0.45458984375 0.029296875 0.0244140625
4 0.81494140625 0.42138671875 0.0244140625 0.0302734375
4 0.826171875 0.4111328125 0.02734375 0.03515625
4 0.7880859375 0.4375 0.025390625 0.033203125
4 0.79541015625 0.48095703125 0.0205078125 0.0263671875
4 0.76220703125 0.45458984375 0.0244140625 0.0322265625
4 0.73583984375 0.47021484375 0.0244140625 0.0322265625
4 0.73095703125 0.51953125 0.0244140625 0.03125
4 0.67822265625 0.552734375 0.0283203125 0.03515625
4 0.61669921875 0.43212890625 0.0634765625 0.0498046875
4 0.51171875 0.4951171875 0.0390625 0.033203125
4 0.74951171875 0.6728515625 0.0224609375 0.029296875
4 0.8857421875 0.89111328125 0.0546875 0.0498046875
4 0.912109375 0.916015625 0.0234375 0.029296875
4 0.6923828125 0.6689453125 0.0546875 0.04296875
4 0.73681640625 0.67919921875 0.0263671875 0.0322265625
4 0.7783203125 0.66259765625 0.0234375 0.0263671875
4 0.4833984375 0.48193359375 0.0546875 0.0439453125
4 0.7890625 0.64599609375 0.02734375 0.0283203125
4 0.8173828125 0.6298828125 0.025390625 0.03125
4 0.69873046875 0.6962890625 0.0478515625 0.041015625
4 0.64306640625 0.7353515625 0.0537109375 0.048828125
4 0.626953125 0.70458984375 0.025390625 0.0302734375
4 0.6064453125 0.71484375 0.025390625 0.033203125
4 0.59716796875 0.7490234375 0.0478515625 0.0546875
4 0.62451171875 0.58544921875 0.0244140625 0.0302734375
5 0.384765625 0.66162109375 0.46875 0.6767578125
