5 0.8125 0.30419921875 0.1953125 0.1513671875
5 0.859375 0.689453125 0.28125 0.5
5 0.5234375 0.07568359375 0.189453125 0.1494140625
5 0.93212890625 0.5576171875 0.1357421875 0.259765625
4 0.916015625 0.72802734375 0.046875 0.0361328125
4 0.94140625 0.7646484375 0.04296875 0.037109375
4 0.95947265625 0.7783203125 0.0439453125 0.033203125
4 0.9619140625 0.8037109375 0.05078125 0.0390625
4 0.97119140625 0.8212890625 0.0517578125 0.041015625
4 0.97998046875 0.8408203125 0.0400390625 0.03515625
4 0.98681640625 0.86572265625 0.0263671875 0.0283203125
4 0.99462890625 0.88818359375 0.0107421875 0.0205078125
4 0.9951171875 0.65966796875 0.009765625 0.0146484375
4 0.9892578125 0.64404296875 0.021484375 0.0244140625
4 0.9765625 0.6171875 0.03515625 0.02734375
4 0.96533203125 0.52001953125 0.0361328125 0.0283203125
4 0.9697265625 0.60107421875 0.03515625 0.0283203125
4 0.95947265625 0.5869140625 0.0341796875 0.029296875
4 0.9931640625 0.5830078125 0.013671875 0.01953125
4 0.98779296875 0.56494140625 0.0244140625 0.0283203125
4 0.982421875 0.5498046875 0.03515625 0.03125
4 0.9501953125 0.56982421875 0.029296875 0.0244140625
4 0.94140625 0.55859375 0.033203125 0.02734375
4 0.97265625 0.53564453125 0.03515625 0.0302734375
4 0.95458984375 0.50634765625 0.0361328125 0.0302734375
4 0.9228515625 0.5302734375 0.033203125 0.02734375
4 0.9453125 0.49267578125 0.033203125 0.0283203125
4 0.93603515625 0.47900390625 0.0341796875 0.0283203125
4 0.90625 0.5048828125 0.03125 0.0234375
4 0.89599609375 0.4912109375 0.0341796875 0.02734375
4 0.9853515625 0.3837890625 0.029296875 0.029296875
4 0.9921875 0.40283203125 0.015625 0.0205078125
4 0.927734375 0.7470703125 0.041015625 0.03515625
4 0.9052734375 0.71044921875 0.044921875 0.0341796875
4 0.896484375 0.69091796875 0.041015625 0.0322265625
4 0.72412109375 0.00927734375 0.0361328125 0.0166015625
4 0.4716796875 0.0234375 0.0390625 0.033203125
4 0.53369140625 0.013671875 0.0419921875 0.025390625
4 0.78955078125 0.51416015625 0.0458984375 0.0361328125
4 0.841796875 0.28955078125 0.03515625 0.0458984375
4 0.8583984375 0.2763671875 0.037109375 0.044921875
4 0.8798828125 0.2724609375 0.03125 0.0390625
4 0.72216796875 0.48291015625 0.0224609375 0.0263671875
4 0.75390625 0.46142578125 0.041015625 0.0322265625
4 0.76611328125 0.478515625 0.0458984375 0.037109375
4 0.77880859375 0.4951171875 0.0400390625 0.03125
4 0.74609375 0.5185546875 0.01953125 0.025390625
4 0.8017578125 0.5322265625 0.044921875 0.03515625
4 0.80517578125 0.30810546875 0.0380859375 0.0458984375
4 0.77783203125 0.572265625 0.0244140625 0.02734375
4 0.82080078125 0.56982421875 0.0458984375 0.0361328125
4 0.83056640625 0.58837890625 0.0419921875 0.0341796875
4 0.7978515625 0.6064453125 0.03125 0.041015625
4 0.84521484375 0.60498046875 0.0498046875 0.0380859375
4 0.85693359375 0.623046875 0.0498046875 0.037109375
4 0.86767578125 0.64111328125 0.0517578125 0.0380859375
4 0.88525390625 0.6748046875 0.0517578125 0.041015625
4 0.8251953125 0.30029296875 0.0390625 0.0478515625
4 0.7861328125 0.3193359375 0.033203125 0.04296875
4 0.54931640625 0.02392578125 0.0400390625 0.0322265625
4 0.849609375 0.18408203125 0.01953125 0.0322265625
4 0.47998046875 0.04541015625 0.0458984375 0.0361328125
4 0.50244140625 0.0810546875 0.0400390625 0.03125
4 0.55712890625 0.0498046875 0.0458984375 0.037109375
4 0.56982421875 0.06787109375 0.0517578125 0.0400390625
4 0.57958984375 0.08984375 0.0458984375 0.03515625
4 0.53173828125 0.1181640625 0.0419921875 0.03515625
4 0.560546875 0.12939453125 0.06640625 0.0517578125
4 0.8642578125 0.1796875 0.015625 0.029296875
4 0.83154296875 0.19580078125 0.0166015625 0.0361328125
4 0.7685546875 0.32958984375 0.03515625 0.0439453125
4 0.84619140625 0.2412109375 0.0341796875 0.02734375
4 0.81201171875 0.201171875 0.0263671875 0.03515625
4 0.7958984375 0.208984375 0.017578125 0.025390625
4 0.7802734375 0.20654296875 0.025390625 0.0341796875
4 0.78857421875 0.15869140625 0.0263671875 0.0166015625
4 0.81005859375 0.14404296875 0.0244140625 0.0263671875
4 0.73095703125 0.3544921875 0.0341796875 0.046875
4 0.75146484375 0.34423828125 0.0361328125 0.0458984375
