4 0.7275390625 0.80029296875 0.037109375 0.0322265625
5 0.2822265625 0.30419921875 0.1953125 0.1513671875
5 0.36669921875 0.70361328125 0.3564453125 0.5283203125
5 0.60205078125 0.59130859375 0.3154296875 0.4677734375
5 0.04443359375 0.0732421875 0.0869140625 0.14453125
5 0.4990234375 0.6611328125 0.330078125 0.466796875
4 0.71923828125 0.78515625 0.0400390625 0.033203125
4 0.3857421875 0.72802734375 0.046875 0.0361328125
4 0.580078125 0.75390625 0.033203125 0.025390625
4 0.54638671875 0.775390625 0.0361328125 0.02734375
4 0.53759765625 0.7626953125 0.0322265625 0.025390625
4 0.5712890625 0.7412109375 0.03125 0.025390625
4 0.56396484375 0.7275390625 0.0302734375 0.025390625
4 0.53076171875 0.74853515625 0.0361328125 0.0283203125
4 0.51513671875 0.7216796875 0.0361328125 0.029296875
4 0.5078125 0.70751953125 0.03125 0.0244140625
4 0.50048828125 0.69384765625 0.0361328125 0.0283203125
4 0.54248046875 0.6875 0.0322265625 0.025390625
4 0.5498046875 0.7001953125 0.03515625 0.02734375
4 0.5556640625 0.71435546875 0.03515625 0.0283203125
4 0.53564453125 0.67333984375 0.0341796875 0.0283203125
4 0.52490234375 0.6611328125 0.0263671875 0.021484375
4 0.49072265625 0.681640625 0.0341796875 0.02734375
4 0.5166015625 0.64697265625 0.033203125 0.0263671875
4 0.509765625 0.63134765625 0.03515625 0.0263671875
4 0.4990234375 0.61962890625 0.033203125 0.0263671875
4 0.48681640625 0.60693359375 0.0263671875 0.0224609375
4 0.55419921875 0.78857421875 0.0322265625 0.0244140625
4 0.56201171875 0.8037109375 0.0283203125 0.0234375
4 0.58837890625 0.767578125 0.0361328125 0.02734375
4 0.5205078125 0.9365234375 0.044921875 0.03515625
4 0.4111328125 0.7646484375 0.04296875 0.037109375
4 0.42919921875 0.7783203125 0.0439453125 0.033203125
4 0.431640625 0.8037109375 0.05078125 0.0390625
4 0.44091796875 0.8212890625 0.0517578125 0.041015625
4 0.453125 0.84033203125 0.046875 0.0361328125
4 0.46875 0.86083984375 0.05078125 0.0380859375
4 0.48193359375 0.88037109375 0.0458984375 0.0361328125
4 0.4931640625 0.900390625 0.05078125 0.041015625
4 0.60595703125 0.8837890625 0.0419921875 0.03125
4 0.59619140625 0.78076171875 0.0302734375 0.0263671875
4 0.59814453125 0.8701171875 0.0361328125 0.02734375
4 0.63623046875 0.84814453125 0.0341796875 0.0283203125
4 0.63037109375 0.83349609375 0.0263671875 0.0205078125
4 0.62158203125 0.82080078125 0.0361328125 0.0283203125
4 0.5869140625 0.84326171875 0.03125 0.0244140625
4 0.5771484375 0.82958984375 0.03515625 0.0283203125
4 0.5703125 0.8154296875 0.03125 0.025390625
4 0.60400390625 0.7939453125 0.0341796875 0.025390625
4 0.4814453125 0.59228515625 0.033203125 0.0283203125
4 0.4755859375 0.65478515625 0.03125 0.0244140625
4 0.466796875 0.64111328125 0.037109375 0.0302734375
4 0.61767578125 0.62841796875 0.0439453125 0.0341796875
4 0.5400390625 0.498046875 0.0390625 0.03125
4 0.54833984375 0.5166015625 0.0400390625 0.033203125
4 0.560546875 0.53369140625 0.041015625 0.0341796875
4 0.5693359375 0.55029296875 0.041015625 0.0322265625
4 0.5791015625 0.564453125 0.04296875 0.033203125
4 0.591796875 0.58154296875 0.0390625 0.0302734375
4 0.59912109375 0.5966796875 0.0439453125 0.033203125
4 0.60791015625 0.61181640625 0.0458984375 0.0322265625
4 0.626953125 0.64208984375 0.041015625 0.0322265625
4 0.51611328125 0.4658203125 0.0400390625 0.033203125
4 0.64697265625 0.671875 0.0380859375 0.029296875
4 0.65771484375 0.6845703125 0.0400390625 0.03125
4 0.66552734375 0.69970703125 0.0400390625 0.0341796875
4 0.673828125 0.7138671875 0.041015625 0.03125
4 0.6826171875 0.7275390625 0.037109375 0.02734375
4 0.6904296875 0.7431640625 0.04296875 0.033203125
4 0.70166015625 0.75634765625 0.0322265625 0.0263671875
4 0.7099609375 0.77001953125 0.0390625 0.0302734375
4 0.52978515625 0.48291015625 0.0380859375 0.0302734375
4 0.50732421875 0.44775390625 0.0361328125 0.0302734375
4 0.4462890625 0.6171875 0.03515625 0.02734375
4 0.43505859375 0.52001953125 0.0361328125 0.0283203125
4 0.439453125 0.60107421875 0.03515625 0.0283203125
4 0.42919921875 0.5869140625 0.0341796875 0.029296875
4 0.47265625 0.578125 0.033203125 0.029296875
4 0.462890625 0.56396484375 0.03515625 0.0302734375
4 0.45263671875 0.5498046875 0.0361328125 0.03125
4 0.419921875 0.56982421875 0.029296875 0.0244140625
4 0.4111328125 0.55859375 0.033203125 0.02734375
4 0.4423828125 0.53564453125 0.03515625 0.0302734375
4 0.42431640625 0.50634765625 0.0361328125 0.0302734375
4 0.4951171875 0.4287109375 0.041015625 0.03125
4 0.392578125 0.5302734375 0.033203125 0.02734375
4 0.4150390625 0.49267578125 0.033203125 0.0283203125
4 0.40576171875 0.47900390625 0.0341796875 0.0283203125
4 0.3759765625 0.5048828125 0.03125 0.0234375
4 0.36572265625 0.4912109375 0.0341796875 0.02734375
4 0.46533203125 0.3798828125 0.0498046875 0.037109375
4 0.47705078125 0.396484375 0.0458984375 0.033203125
4 0.48583984375 0.41259765625 0.0419921875 0.0322265625
4 0.3974609375 0.7470703125 0.041015625 0.03515625
4 0.375 0.71044921875 0.044921875 0.0341796875
4 0.3662109375 0.69091796875 0.041015625 0.0322265625
4 0.19384765625 0.00927734375 0.0361328125 0.0166015625
4 0.01318359375 0.01025390625 0.0244140625 0.0185546875
4 0.25927734375 0.51416015625 0.0458984375 0.0361328125
4 0.3115234375 0.28955078125 0.03515625 0.0458984375
4 0.328125 0.2763671875 0.037109375 0.044921875
4 0.349609375 0.2724609375 0.03125 0.0390625
4 0.19189453125 0.48291015625 0.0224609375 0.0263671875
4 0.2236328125 0.46142578125 0.041015625 0.0322265625
4 0.23583984375 0.478515625 0.0458984375 0.037109375
4 0.24853515625 0.4951171875 0.0400390625 0.03125
4 0.2158203125 0.5185546875 0.01953125 0.025390625
4 0.271484375 0.5322265625 0.044921875 0.03515625
4 0.27490234375 0.30810546875 0.0380859375 0.0458984375
4 0.24755859375 0.572265625 0.0244140625 0.02734375
4 0.29052734375 0.56982421875 0.0458984375 0.0361328125
4 0.30029296875 0.58837890625 0.0419921875 0.0341796875
4 0.267578125 0.6064453125 0.03125 0.041015625
4 0.31494140625 0.60498046875 0.0498046875 0.0380859375
4 0.32666015625 0.623046875 0.0498046875 0.037109375
4 0.33740234375 0.64111328125 0.0517578125 0.0380859375
4 0.35498046875 0.6748046875 0.0517578125 0.041015625
4 0.294921875 0.30029296875 0.0390625 0.0478515625
4 0.255859375 0.3193359375 0.033203125 0.04296875
4 0.02001953125 0.02392578125 0.0380859375 0.0322265625
4 0.3193359375 0.18408203125 0.01953125 0.0322265625
4 0.02685546875 0.0498046875 0.0458984375 0.037109375
4 0.03955078125 0.06787109375 0.0517578125 0.0400390625
4 0.04931640625 0.08984375 0.0458984375 0.03515625
4 0.01171875 0.11328125 0.021484375 0.025390625
4 0.0322265625 0.12939453125 0.0625 0.0517578125
4 0.333984375 0.1796875 0.015625 0.029296875
4 0.30126953125 0.19580078125 0.0166015625 0.0361328125
4 0.23828125 0.32958984375 0.03515625 0.0439453125
4 0.31591796875 0.2412109375 0.0341796875 0.02734375
4 0.28173828125 0.201171875 0.0263671875 0.03515625
4 0.265625 0.208984375 0.017578125 0.025390625
4 0.25 0.20654296875 0.025390625 0.0341796875
4 0.25830078125 0.15869140625 0.0263671875 0.0166015625
4 0.27978515625 0.14404296875 0.0244140625 0.0263671875
4 0.20068359375 0.3544921875 0.0341796875 0.046875
4 0.22119140625 0.34423828125 0.0361328125 0.0458984375
