5 0.94580078125 0.69970703125 0.0576171875 0.2333984375
5 0.8681640625 0.67822265625 0.0390625 0.2197265625
5 0.81005859375 0.66943359375 0.0439453125 0.2744140625
5 0.6337890625 0.673828125 0.07421875 0.234375
5 0.24755859375 0.54296875 0.1494140625 0.26953125
5 0.140625 0.5048828125 0.12109375 0.251953125
5 0.05908203125 0.39453125 0.1064453125 0.205078125
4 0.9599609375 0.61669921875 0.029296875 0.0595703125
4 0.916015625 0.62353515625 0.046875 0.0849609375
4 0.77783203125 0.634765625 0.0263671875 0.064453125
4 0.74267578125 0.62646484375 0.0244140625 0.0673828125
4 0.62548828125 0.65185546875 0.0322265625 0.0595703125
4 0.638671875 0.58544921875 0.025390625 0.0654296875
4 0.29248046875 0.673828125 0.0458984375 0.068359375
4 0.19189453125 0.55419921875 0.0537109375 0.0927734375
