0 0.82177734375 0.904296875 0.0498046875 0.021484375
4 0.076171875 0.666015625 0.1171875 0.103515625
4 0.06591796875 0.52685546875 0.1064453125 0.0869140625
4 0.486328125 0.4423828125 0.06640625 0.060546875
5 0.1044921875 0.697265625 0.146484375 0.126953125
5 0.0693359375 0.47900390625 0.1171875 0.1044921875
9 0.17431640625 0.31494140625 0.1455078125 0.1162109375
5 0.1953125 0.37646484375 0.08203125 0.0830078125
5 0.2607421875 0.3525390625 0.068359375 0.064453125
5 0.49560546875 0.4033203125 0.1220703125 0.111328125
5 0.587890625 0.6162109375 0.0625 0.08984375
5 0.59375 0.8291015625 0.060546875 0.095703125
5 0.60693359375 0.994140625 0.0576171875 0.01171875
0 0.0732421875 0.11865234375 0.03515625 0.0380859375
0 0.10546875 0.12646484375 0.03125 0.0400390625
0 0.26318359375 0.095703125 0.0400390625 0.033203125
