5 0.38427734375 0.5205078125 0.0322265625 0.1953125
5 0.32080078125 0.505859375 0.0537109375 0.21875
5 0.21630859375 0.4453125 0.0693359375 0.248046875
5 0.14111328125 0.49560546875 0.0576171875 0.2333984375
5 0.0634765625 0.47412109375 0.0390625 0.2197265625
5 0.01416015625 0.46484375 0.0263671875 0.2734375
5 0.453125 0.4970703125 0.037109375 0.19140625
5 0.56103515625 0.5634765625 0.0322265625 0.162109375
5 0.68310546875 0.49853515625 0.0576171875 0.2021484375
5 0.751953125 0.53662109375 0.119140625 0.2294921875
4 0.23974609375 0.3994140625 0.0322265625 0.06640625
4 0.1552734375 0.41259765625 0.029296875 0.0595703125
4 0.111328125 0.41943359375 0.046875 0.0849609375
5 0.96435546875 0.52880859375 0.0712890625 0.1748046875
5 0.84814453125 0.5830078125 0.0302734375 0.1796875
