4 0.48876953125 0.01220703125 0.0439453125 0.0224609375
5 0.9931640625 0.57275390625 0.013671875 0.0849609375
5 0.1103515625 0.2158203125 0.099609375 0.107421875
5 0.3486328125 0.16650390625 0.119140625 0.1162109375
5 0.52294921875 0.04541015625 0.1376953125 0.0888671875
5 0.984375 0.35009765625 0.03125 0.1083984375
0 0.02099609375 0.4052734375 0.0380859375 0.033203125
0 0.30419921875 0.431640625 0.0380859375 0.02734375
0 0.361328125 0.4580078125 0.041015625 0.03125
0 0.40087890625 0.47216796875 0.0341796875 0.0283203125
0 0.515625 0.421875 0.037109375 0.037109375
0 0.580078125 0.58447265625 0.041015625 0.0380859375
0 0.63330078125 0.525390625 0.0263671875 0.033203125
0 0.6123046875 0.3349609375 0.041015625 0.03515625
0 0.80859375 0.58837890625 0.03125 0.0419921875
0 0.23095703125 0.43115234375 0.0166015625 0.0380859375
0 0.02392578125 0.447265625 0.0400390625 0.037109375
5 0.15576171875 0.03955078125 0.0986328125 0.0771484375
