5 0.66650390625 0.12548828125 0.1767578125 0.2490234375
5 0.9423828125 0.30078125 0.115234375 0.251953125
5 0.86376953125 0.1904296875 0.1064453125 0.205078125
5 0.74609375 0.1455078125 0.166015625 0.25390625
5 0.55224609375 0.12109375 0.2158203125 0.240234375
5 0.46240234375 0.16015625 0.1728515625 0.318359375
5 0.4228515625 0.0419921875 0.138671875 0.08203125
5 0.32861328125 0.03662109375 0.0556640625 0.0712890625
5 0.25146484375 0.02783203125 0.0498046875 0.0537109375
4 0.98486328125 0.3505859375 0.0302734375 0.091796875
4 0.68896484375 0.0771484375 0.0478515625 0.060546875
