5 0.72509765625 0.91552734375 0.0595703125 0.0947265625
5 0.4560546875 0.18212890625 0.0703125 0.1318359375
5 0.48486328125 0.39990234375 0.0615234375 0.0888671875
5 0.50439453125 0.60791015625 0.0634765625 0.1025390625
5 0.517578125 0.818359375 0.05078125 0.087890625
5 0.52880859375 0.99560546875 0.0537109375 0.0087890625
5 0.70654296875 0.70654296875 0.0615234375 0.0908203125
5 0.6904296875 0.48974609375 0.0546875 0.0966796875
5 0.67138671875 0.29833984375 0.0498046875 0.0576171875
5 0.6611328125 0.10546875 0.068359375 0.12890625
5 0.4365234375 0.0107421875 0.05078125 0.01953125
4 0.49853515625 0.23681640625 0.0205078125 0.0439453125
4 0.6357421875 0.27783203125 0.029296875 0.0673828125
0 0.24853515625 0.693359375 0.0478515625 0.025390625
0 0.27001953125 0.78515625 0.0419921875 0.01953125
0 0.9892578125 0.10302734375 0.017578125 0.0341796875
4 0.6611328125 0.51611328125 0.025390625 0.0595703125
4 0.68701171875 0.927734375 0.0322265625 0.068359375
0 0.98974609375 0.04931640625 0.0185546875 0.0380859375
0 0.982421875 0.51025390625 0.01953125 0.0380859375
0 0.908203125 0.65380859375 0.03515625 0.0322265625
0 0.9384765625 0.88330078125 0.017578125 0.0361328125
