4 0.0361328125 0.7431640625 0.0625 0.05078125
4 0.05126953125 0.7685546875 0.0498046875 0.041015625
4 0.19970703125 0.81005859375 0.0263671875 0.0361328125
4 0.0068359375 0.94580078125 0.01171875 0.0283203125
4 0.01318359375 0.9287109375 0.0244140625 0.0390625
4 0.0380859375 0.90771484375 0.03515625 0.0439453125
4 0.11083984375 0.8623046875 0.0283203125 0.037109375
4 0.12890625 0.8544921875 0.03125 0.041015625
4 0.14404296875 0.84326171875 0.0322265625 0.0400390625
4 0.16162109375 0.8359375 0.0283203125 0.037109375
4 0.1865234375 0.818359375 0.029296875 0.0390625
4 0.21337890625 0.8037109375 0.0244140625 0.033203125
4 0.07861328125 0.7080078125 0.0302734375 0.0390625
4 0.224609375 0.79248046875 0.0234375 0.0302734375
4 0.2666015625 0.7685546875 0.0234375 0.029296875
4 0.29296875 0.7529296875 0.021484375 0.025390625
4 0.16259765625 0.70849609375 0.0263671875 0.0361328125
4 0.14892578125 0.71630859375 0.0283203125 0.0380859375
4 0.13037109375 0.6845703125 0.0224609375 0.02734375
4 0.0947265625 0.69873046875 0.029296875 0.0361328125
4 0.103515625 0.74853515625 0.025390625 0.0322265625
5 0.017578125 0.2939453125 0.033203125 0.068359375
5 0.0517578125 0.43017578125 0.1015625 0.1279296875
5 0.08349609375 0.572265625 0.1650390625 0.16796875
5 0.1162109375 0.72412109375 0.23046875 0.2138671875
5 0.16845703125 0.86376953125 0.3349609375 0.2724609375
5 0.30419921875 0.9501953125 0.1376953125 0.099609375
4 0.044921875 0.4462890625 0.025390625 0.03125
4 0.06298828125 0.38623046875 0.0263671875 0.0341796875
4 0.0478515625 0.39697265625 0.025390625 0.0302734375
4 0.0693359375 0.4296875 0.0234375 0.03125
4 0.017578125 0.46142578125 0.0234375 0.0322265625
4 0.01171875 0.42138671875 0.021484375 0.0302734375
4 0.021484375 0.4111328125 0.02734375 0.03515625
4 0.0810546875 0.89111328125 0.0546875 0.0498046875
4 0.107421875 0.916015625 0.0234375 0.029296875
4 0.0126953125 0.6298828125 0.025390625 0.03125
