4 0.01318359375 0.02880859375 0.0244140625 0.0263671875
4 0.0224609375 0.0498046875 0.04296875 0.0390625
4 0.2626953125 0.06201171875 0.041015625 0.0322265625
4 0.27587890625 0.07763671875 0.0322265625 0.0263671875
4 0.21533203125 0.09375 0.0380859375 0.03125
4 0.2431640625 0.130859375 0.044921875 0.037109375
4 0.29736328125 0.11474609375 0.0341796875 0.0283203125
4 0.2626953125 0.1494140625 0.03125 0.025390625
4 0.30810546875 0.1279296875 0.0283203125 0.021484375
4 0.31640625 0.14794921875 0.02734375 0.0224609375
4 0.2646484375 0.17041015625 0.0390625 0.0302734375
4 0.3388671875 0.1826171875 0.03515625 0.029296875
5 0.2822265625 0.68505859375 0.1953125 0.1513671875
5 0.2685546875 0.91015625 0.16015625 0.1796875
5 0.546875 0.869140625 0.205078125 0.26171875
5 0.18212890625 0.0400390625 0.1357421875 0.078125
5 0.0458984375 0.0908203125 0.08984375 0.1796875
5 0.2841796875 0.15283203125 0.208984375 0.2509765625
5 0.13134765625 0.26416015625 0.2333984375 0.2802734375
5 0.42431640625 0.904296875 0.1806640625 0.19140625
4 0.328125 0.166015625 0.037109375 0.029296875
4 0.30322265625 0.2275390625 0.0478515625 0.037109375
4 0.50244140625 0.99365234375 0.0263671875 0.0126953125
4 0.48681640625 0.98779296875 0.0263671875 0.0224609375
4 0.4814453125 0.97314453125 0.033203125 0.0283203125
4 0.5400390625 0.87890625 0.0390625 0.03125
4 0.54833984375 0.8974609375 0.0400390625 0.033203125
4 0.560546875 0.91455078125 0.041015625 0.0341796875
4 0.5693359375 0.93115234375 0.041015625 0.0322265625
4 0.5791015625 0.9453125 0.04296875 0.033203125
4 0.591796875 0.96240234375 0.0390625 0.0302734375
4 0.59912109375 0.9775390625 0.0439453125 0.033203125
4 0.60791015625 0.98828125 0.0458984375 0.0234375
4 0.51611328125 0.8466796875 0.0400390625 0.033203125
4 0.52978515625 0.86376953125 0.0380859375 0.0302734375
4 0.50732421875 0.82861328125 0.0361328125 0.0302734375
4 0.44677734375 0.9921875 0.0341796875 0.015625
4 0.43505859375 0.90087890625 0.0361328125 0.0283203125
4 0.439453125 0.98193359375 0.03515625 0.0283203125
4 0.42919921875 0.9677734375 0.0341796875 0.029296875
4 0.47265625 0.958984375 0.033203125 0.029296875
4 0.462890625 0.94482421875 0.03515625 0.0302734375
4 0.45263671875 0.9306640625 0.0361328125 0.03125
4 0.419921875 0.95068359375 0.029296875 0.0244140625
4 0.4111328125 0.939453125 0.033203125 0.02734375
4 0.4423828125 0.91650390625 0.03515625 0.0302734375
4 0.42431640625 0.88720703125 0.0361328125 0.0302734375
4 0.4951171875 0.8095703125 0.041015625 0.03125
4 0.392578125 0.9111328125 0.033203125 0.02734375
4 0.4150390625 0.87353515625 0.033203125 0.0283203125
4 0.40576171875 0.85986328125 0.0341796875 0.0283203125
4 0.3759765625 0.8857421875 0.03125 0.0234375
4 0.36572265625 0.8720703125 0.0341796875 0.02734375
4 0.46533203125 0.7607421875 0.0498046875 0.037109375
4 0.47705078125 0.77734375 0.0458984375 0.033203125
4 0.48583984375 0.79345703125 0.0419921875 0.0322265625
4 0.3505859375 0.2021484375 0.037109375 0.03125
4 0.05859375 0.193359375 0.0390625 0.033203125
4 0.0966796875 0.1455078125 0.0390625 0.03125
4 0.1806640625 0.27490234375 0.03515625 0.0302734375
4 0.33203125 0.2666015625 0.048828125 0.0390625
4 0.20556640625 0.3740234375 0.0595703125 0.048828125
4 0.2177734375 0.3388671875 0.037109375 0.029296875
4 0.20166015625 0.31689453125 0.0498046875 0.0380859375
4 0.1591796875 0.3779296875 0.033203125 0.025390625
4 0.1904296875 0.298828125 0.046875 0.0390625
4 0.15087890625 0.35205078125 0.0439453125 0.0361328125
4 0.12646484375 0.3134765625 0.0380859375 0.03125
4 0.16796875 0.25732421875 0.03515625 0.0283203125
4 0.1083984375 0.16162109375 0.0390625 0.0341796875
4 0.111328125 0.29541015625 0.0390625 0.0341796875
4 0.15576171875 0.23876953125 0.0400390625 0.0322265625
4 0.10205078125 0.27587890625 0.0498046875 0.0400390625
4 0.1005859375 0.251953125 0.03125 0.025390625
4 0.14208984375 0.22119140625 0.0478515625 0.0380859375
4 0.13037109375 0.20263671875 0.0458984375 0.0380859375
4 0.06298828125 0.21826171875 0.0498046875 0.0400390625
4 0.11865234375 0.1826171875 0.0498046875 0.0390625
4 0.0078125 0.3623046875 0.013671875 0.021484375
4 0.01318359375 0.3857421875 0.0244140625 0.029296875
4 0.25927734375 0.89501953125 0.0458984375 0.0361328125
4 0.3115234375 0.67041015625 0.03515625 0.0458984375
4 0.328125 0.6572265625 0.037109375 0.044921875
4 0.349609375 0.6533203125 0.03125 0.0390625
4 0.19189453125 0.86376953125 0.0224609375 0.0263671875
4 0.2236328125 0.84228515625 0.041015625 0.0322265625
4 0.23583984375 0.859375 0.0458984375 0.037109375
4 0.24853515625 0.8759765625 0.0400390625 0.03125
4 0.2158203125 0.8994140625 0.01953125 0.025390625
4 0.271484375 0.9130859375 0.044921875 0.03515625
4 0.27490234375 0.68896484375 0.0380859375 0.0458984375
4 0.24755859375 0.953125 0.0244140625 0.02734375
4 0.29052734375 0.95068359375 0.0458984375 0.0361328125
4 0.30029296875 0.96923828125 0.0419921875 0.0341796875
4 0.2666015625 0.9833984375 0.029296875 0.033203125
4 0.31591796875 0.9833984375 0.0478515625 0.033203125
4 0.33447265625 0.99267578125 0.0341796875 0.0146484375
4 0.294921875 0.68115234375 0.0390625 0.0478515625
4 0.255859375 0.7001953125 0.033203125 0.04296875
4 0.02001953125 0.40478515625 0.0380859375 0.0322265625
4 0.3193359375 0.56494140625 0.01953125 0.0322265625
4 0.02685546875 0.4306640625 0.0458984375 0.037109375
4 0.03955078125 0.44873046875 0.0517578125 0.0400390625
4 0.04931640625 0.470703125 0.0458984375 0.03515625
4 0.01171875 0.494140625 0.021484375 0.025390625
4 0.0322265625 0.51025390625 0.0625 0.0517578125
4 0.333984375 0.560546875 0.015625 0.029296875
4 0.30126953125 0.57666015625 0.0166015625 0.0361328125
4 0.23828125 0.71044921875 0.03515625 0.0439453125
4 0.31591796875 0.6220703125 0.0341796875 0.02734375
4 0.28173828125 0.58203125 0.0263671875 0.03515625
4 0.265625 0.58984375 0.017578125 0.025390625
4 0.25 0.58740234375 0.025390625 0.0341796875
4 0.25830078125 0.53955078125 0.0263671875 0.0166015625
4 0.27978515625 0.52490234375 0.0244140625 0.0263671875
4 0.20068359375 0.7353515625 0.0341796875 0.046875
4 0.22119140625 0.72509765625 0.0361328125 0.0458984375
