5 0.36181640625 0.73583984375 0.0654296875 0.0712890625
5 0.89599609375 0.970703125 0.0673828125 0.05859375
5 0.80615234375 0.94970703125 0.0654296875 0.0673828125
5 0.72607421875 0.912109375 0.0576171875 0.06640625
5 0.65771484375 0.88232421875 0.0439453125 0.0615234375
5 0.580078125 0.84619140625 0.0625 0.0693359375
5 0.50732421875 0.8125 0.0576171875 0.064453125
5 0.419921875 0.76708984375 0.0625 0.0673828125
5 0.27490234375 0.6943359375 0.0751953125 0.083984375
5 0.2021484375 0.646484375 0.052734375 0.064453125
9 0.01953125 0.6171875 0.037109375 0.048828125
5 0.13037109375 0.6005859375 0.0615234375 0.068359375
5 0.04345703125 0.5537109375 0.0791015625 0.080078125
5 0.97412109375 0.98828125 0.0517578125 0.0234375
