4 0.64697265625 0.27197265625 0.0478515625 0.0205078125
4 0.8369140625 0.556640625 0.09375 0.033203125
4 0.75390625 0.55029296875 0.05859375 0.0244140625
4 0.76513671875 0.51806640625 0.0595703125 0.0263671875
4 0.85009765625 0.43359375 0.0654296875 0.025390625
4 0.76611328125 0.43212890625 0.0849609375 0.0302734375
4 0.849609375 0.3994140625 0.0625 0.0234375
4 0.7744140625 0.396484375 0.0625 0.025390625
4 0.85693359375 0.3125 0.0732421875 0.0234375
4 0.74072265625 0.3134765625 0.0869140625 0.037109375
4 0.6376953125 0.31005859375 0.083984375 0.0263671875
4 0.73193359375 0.27197265625 0.0712890625 0.0244140625
4 0.345703125 0.53662109375 0.068359375 0.2646484375
4 0.775390625 0.6748046875 0.109375 0.033203125
4 0.25146484375 0.46728515625 0.0458984375 0.3310546875
5 0.85986328125 0.64892578125 0.2802734375 0.7021484375
4 0.7587890625 0.63623046875 0.072265625 0.0244140625
4 0.80712890625 0.7451171875 0.1513671875 0.05078125
4 0.8037109375 0.79736328125 0.16015625 0.0419921875
4 0.951171875 0.43359375 0.0625 0.03515625
4 0.947265625 0.40087890625 0.07421875 0.0263671875
4 0.9453125 0.51953125 0.060546875 0.025390625
4 0.998046875 0.759765625 0.00390625 0.0234375
4 0.94921875 0.8701171875 0.1015625 0.044921875
4 0.79638671875 0.91748046875 0.1357421875 0.0419921875
4 0.81591796875 0.8681640625 0.1279296875 0.041015625
5 0.2919921875 0.63623046875 0.048828125 0.7275390625
