8 0.30029296875 0.15185546875 0.1630859375 0.1982421875
8 0.39697265625 0.21044921875 0.1630859375 0.1923828125
8 0.55810546875 0.3115234375 0.1689453125 0.197265625
8 0.720703125 0.4150390625 0.166015625 0.197265625
8 0.814453125 0.47265625 0.166015625 0.1953125
8 0.921875 0.54443359375 0.15625 0.1962890625
0 0.791015625 0.16748046875 0.037109375 0.0322265625
0 0.830078125 0.2197265625 0.037109375 0.033203125
0 0.779296875 0.18505859375 0.041015625 0.0341796875
0 0.8017578125 0.154296875 0.041015625 0.03125
0 0.84814453125 0.18310546875 0.0458984375 0.0380859375
