5 0.2216796875 0.2548828125 0.2890625 0.5078125
4 0.10986328125 0.015625 0.0732421875 0.029296875
4 0.19873046875 0.35302734375 0.0712890625 0.0361328125
4 0.30615234375 0.51708984375 0.1513671875 0.0986328125
4 0.3232421875 0.45068359375 0.087890625 0.0458984375
4 0.220703125 0.47216796875 0.08984375 0.0478515625
4 0.21630859375 0.4306640625 0.0673828125 0.046875
4 0.3115234375 0.408203125 0.076171875 0.037109375
4 0.21142578125 0.392578125 0.0810546875 0.052734375
4 0.29638671875 0.3310546875 0.0908203125 0.046875
4 0.23291015625 0.060546875 0.0830078125 0.041015625
4 0.19091796875 0.31689453125 0.0810546875 0.0419921875
4 0.2900390625 0.29296875 0.07421875 0.037109375
4 0.17822265625 0.2763671875 0.0654296875 0.037109375
4 0.17138671875 0.24267578125 0.0615234375 0.0302734375
4 0.271484375 0.21435546875 0.08984375 0.0439453125
4 0.154296875 0.197265625 0.080078125 0.04296875
4 0.15478515625 0.15966796875 0.0810546875 0.0400390625
4 0.2578125 0.1396484375 0.0703125 0.041015625
4 0.146484375 0.1181640625 0.072265625 0.029296875
4 0.24609375 0.09375 0.08203125 0.041015625
4 0.13720703125 0.08154296875 0.0830078125 0.0478515625
4 0.0087890625 0.57763671875 0.015625 0.0439453125
