0 0.95703125 0.6435546875 0.03125 0.041015625
5 0.42724609375 0.10693359375 0.1630859375 0.1123046875
5 0.4892578125 0.30712890625 0.1640625 0.1083984375
5 0.5390625 0.49462890625 0.1875 0.1201171875
5 0.61474609375 0.705078125 0.2041015625 0.1640625
5 0.69482421875 0.95556640625 0.1103515625 0.0888671875
4 0.34765625 0.134765625 0.041015625 0.0703125
4 0.40869140625 0.34326171875 0.0498046875 0.0888671875
0 0.88232421875 0.45458984375 0.0244140625 0.0322265625
0 0.826171875 0.74951171875 0.0234375 0.0341796875
0 0.9677734375 0.7841796875 0.0234375 0.029296875
0 0.75927734375 0.00537109375 0.0166015625 0.0087890625
