4 0.63720703125 0.015625 0.1142578125 0.029296875
4 0.6435546875 0.1005859375 0.072265625 0.02734375
4 0.0400390625 0.22900390625 0.078125 0.0322265625
4 0.04541015625 0.1064453125 0.0654296875 0.025390625
4 0.00244140625 0.1064453125 0.0029296875 0.02734375
4 0.044921875 0.072265625 0.0625 0.0234375
4 0.01318359375 0.34912109375 0.0244140625 0.0302734375
5 0.79443359375 0.3466796875 0.4111328125 0.69140625
5 0.13623046875 0.3505859375 0.2705078125 0.69921875
4 0.03955078125 0.42138671875 0.0771484375 0.0439453125
4 0.74462890625 0.10009765625 0.0751953125 0.0263671875
4 0.73583984375 0.4189453125 0.0791015625 0.02734375
4 0.642578125 0.13720703125 0.07421875 0.0263671875
4 0.84423828125 0.14111328125 0.0771484375 0.0283203125
4 0.94384765625 0.2451171875 0.0478515625 0.03125
4 0.8642578125 0.23828125 0.080078125 0.033203125
4 0.64306640625 0.24072265625 0.0654296875 0.0283203125
4 0.73291015625 0.24267578125 0.0810546875 0.0263671875
4 0.63232421875 0.2783203125 0.0810546875 0.03515625
4 0.740234375 0.27783203125 0.060546875 0.0263671875
4 0.8486328125 0.28125 0.08203125 0.03515625
4 0.93896484375 0.28271484375 0.0849609375 0.0263671875
4 0.62890625 0.38037109375 0.07421875 0.0283203125
4 0.88525390625 0.435546875 0.1728515625 0.044921875
4 0.0400390625 0.47119140625 0.078125 0.0400390625
4 0.89013671875 0.572265625 0.1650390625 0.044921875
4 0.67529296875 0.71826171875 0.1552734375 0.0576171875
4 0.146484375 0.1064453125 0.0625 0.03515625
4 0.142578125 0.07373046875 0.07421875 0.0263671875
4 0.23486328125 0.193359375 0.0693359375 0.02734375
4 0.140625 0.1923828125 0.060546875 0.025390625
4 0.21728515625 0.43310546875 0.0517578125 0.0244140625
4 0.1748046875 0.5439453125 0.162109375 0.046875
4 0.04150390625 0.7255859375 0.0810546875 0.05859375
4 0.0302734375 0.5908203125 0.05859375 0.041015625
4 0.0380859375 0.54248046875 0.07421875 0.0380859375
