0 0.9345703125 0.75341796875 0.029296875 0.0458984375
0 0.30029296875 0.31787109375 0.0341796875 0.0302734375
0 0.92529296875 0.86328125 0.0244140625 0.0390625
0 0.62744140625 0.74169921875 0.0361328125 0.0283203125
0 0.61572265625 0.724609375 0.0322265625 0.02734375
0 0.599609375 0.71044921875 0.03515625 0.0322265625
0 0.587890625 0.6943359375 0.037109375 0.029296875
0 0.57763671875 0.6787109375 0.0322265625 0.029296875
0 0.56640625 0.6640625 0.033203125 0.03125
0 0.53369140625 0.62255859375 0.0322265625 0.0302734375
0 0.50927734375 0.5927734375 0.0341796875 0.033203125
0 0.49853515625 0.580078125 0.0322265625 0.03125
0 0.48828125 0.56689453125 0.037109375 0.0302734375
0 0.47412109375 0.55078125 0.0361328125 0.03125
0 0.45263671875 0.5185546875 0.0380859375 0.03515625
0 0.28466796875 0.30517578125 0.0361328125 0.0322265625
0 0.25146484375 0.28125 0.0302734375 0.03515625
0 0.234375 0.26953125 0.029296875 0.037109375
0 0.1123046875 0.158203125 0.0390625 0.03125
0 0.1865234375 0.0126953125 0.033203125 0.0234375
0 0.12744140625 0.01611328125 0.0361328125 0.0302734375
9 0.630859375 0.4462890625 0.224609375 0.22265625
8 0.45654296875 0.78466796875 0.1728515625 0.1865234375
8 0.2421875 0.5224609375 0.171875 0.1875
8 0.5498046875 0.04833984375 0.130859375 0.0947265625
8 0.41650390625 0.1416015625 0.1904296875 0.1640625
8 0.35595703125 0.23291015625 0.1904296875 0.1650390625
0 0.96142578125 0.8505859375 0.0263671875 0.0390625
0 0.87646484375 0.7685546875 0.0244140625 0.04296875
0 0.1474609375 0.06494140625 0.0390625 0.0380859375
0 0.8955078125 0.76416015625 0.0234375 0.0439453125
0 0.52099609375 0.60791015625 0.0361328125 0.0341796875
0 0.3603515625 0.39892578125 0.044921875 0.0439453125
0 0.32421875 0.3525390625 0.041015625 0.0390625
0 0.3095703125 0.3349609375 0.0390625 0.037109375
0 0.26708984375 0.29248046875 0.0361328125 0.0400390625
0 0.140625 0.3662109375 0.01953125 0.037109375
0 0.1181640625 0.36865234375 0.01953125 0.0400390625
0 0.12841796875 0.197265625 0.0458984375 0.03515625
0 0.11865234375 0.177734375 0.0458984375 0.037109375
0 0.0576171875 0.060546875 0.046875 0.03515625
0 0.162109375 0.04833984375 0.044921875 0.0380859375
0 0.171875 0.0283203125 0.0390625 0.033203125
0 0.26708984375 0.0703125 0.0380859375 0.03515625
0 0.2763671875 0.05029296875 0.03515625 0.0302734375
0 0.09619140625 0.1484375 0.0380859375 0.03125
0 0.20947265625 0.150390625 0.0380859375 0.03125
0 0.22021484375 0.13525390625 0.0439453125 0.0380859375
0 0.2431640625 0.1005859375 0.037109375 0.03515625
0 0.29638671875 0.0166015625 0.0380859375 0.033203125
