4 0.28466796875 0.4453125 0.0537109375 0.025390625
4 0.2548828125 0.21142578125 0.130859375 0.0419921875
4 0.283203125 0.25 0.05859375 0.029296875
4 0.21142578125 0.2490234375 0.0498046875 0.0234375
4 0.09033203125 0.2587890625 0.1396484375 0.046875
4 0.27880859375 0.333984375 0.0673828125 0.025390625
4 0.21533203125 0.3330078125 0.0517578125 0.021484375
4 0.068359375 0.3623046875 0.0703125 0.029296875
4 0.28125 0.36669921875 0.06640625 0.0283203125
4 0.0517578125 0.443359375 0.046875 0.0234375
4 0.12158203125 0.443359375 0.0654296875 0.025390625
4 0.21826171875 0.4443359375 0.0634765625 0.025390625
4 0.1005859375 0.48486328125 0.1328125 0.0517578125
4 0.1875 0.4931640625 0.017578125 0.0390625
4 0.2548828125 0.484375 0.115234375 0.041015625
4 0.2392578125 0.5517578125 0.119140625 0.033203125
4 0.255859375 0.6015625 0.10546875 0.046875
4 0.119140625 0.5595703125 0.05859375 0.02734375
4 0.06201171875 0.5576171875 0.0751953125 0.02734375
4 0.09375 0.5966796875 0.109375 0.0390625
4 0.08203125 0.66748046875 0.107421875 0.0322265625
4 0.240234375 0.6650390625 0.119140625 0.0390625
4 0.146484375 0.72900390625 0.16796875 0.0634765625
5 0.69970703125 0.35595703125 0.2919921875 0.7099609375
5 0.17041015625 0.35205078125 0.3017578125 0.7021484375
4 0.0908203125 0.20703125 0.138671875 0.04296875
4 0.09716796875 0.13525390625 0.0927734375 0.0400390625
4 0.25341796875 0.09375 0.1181640625 0.0390625
4 0.259765625 0.033203125 0.123046875 0.0390625
4 0.5966796875 0.33740234375 0.072265625 0.0400390625
4 0.7001953125 0.7333984375 0.236328125 0.0546875
4 0.7822265625 0.67822265625 0.08984375 0.0361328125
4 0.6328125 0.6708984375 0.13671875 0.04296875
4 0.62744140625 0.55712890625 0.1259765625 0.0478515625
4 0.76220703125 0.56787109375 0.0693359375 0.0263671875
4 0.79248046875 0.49658203125 0.1357421875 0.0439453125
4 0.623046875 0.4921875 0.1328125 0.048828125
4 0.60498046875 0.4521484375 0.0634765625 0.02734375
4 0.78173828125 0.44873046875 0.0986328125 0.0361328125
4 0.63525390625 0.37451171875 0.0986328125 0.0283203125
4 0.79248046875 0.3330078125 0.1162109375 0.0390625
4 0.60693359375 0.25634765625 0.0634765625 0.0361328125
4 0.67431640625 0.25732421875 0.0595703125 0.0224609375
4 0.779296875 0.26513671875 0.09765625 0.0380859375
4 0.64404296875 0.22216796875 0.0888671875 0.0380859375
4 0.7802734375 0.21533203125 0.111328125 0.0478515625
4 0.650390625 0.14453125 0.07421875 0.025390625
4 0.66552734375 0.1103515625 0.0673828125 0.03515625
4 0.77587890625 0.10498046875 0.1103515625 0.0419921875
4 0.775390625 0.03759765625 0.08203125 0.0341796875
4 0.6455078125 0.005859375 0.05859375 0.009765625
