4 0.33251953125 0.330078125 0.0341796875 0.05078125
4 0.2841796875 0.15625 0.0234375 0.03125
4 0.01123046875 0.63525390625 0.0205078125 0.0244140625
4 0.03955078125 0.619140625 0.0439453125 0.033203125
5 0.12646484375 0.36669921875 0.2509765625 0.2255859375
5 0.10107421875 0.19873046875 0.2001953125 0.1650390625
5 0.05615234375 0.08251953125 0.1103515625 0.1259765625
5 0.50830078125 0.0625 0.1376953125 0.123046875
5 0.86083984375 0.01171875 0.0322265625 0.021484375
5 0.59814453125 0.158203125 0.1572265625 0.099609375
5 0.28466796875 0.15966796875 0.2001953125 0.3173828125
5 0.15234375 0.54931640625 0.302734375 0.1806640625
4 0.17529296875 0.29248046875 0.0283203125 0.0380859375
4 0.12451171875 0.38427734375 0.0380859375 0.0517578125
4 0.146484375 0.375 0.04296875 0.05859375
4 0.08154296875 0.33984375 0.0283203125 0.041015625
4 0.10205078125 0.3291015625 0.0263671875 0.037109375
4 0.1171875 0.32080078125 0.025390625 0.0380859375
4 0.13720703125 0.30908203125 0.0302734375 0.0400390625
4 0.17138671875 0.35693359375 0.0361328125 0.0498046875
4 0.19482421875 0.35302734375 0.0341796875 0.0458984375
4 0.22119140625 0.3369140625 0.0419921875 0.05859375
4 0.19091796875 0.2841796875 0.0263671875 0.037109375
4 0.0751953125 0.4091796875 0.041015625 0.060546875
4 0.21533203125 0.2724609375 0.0302734375 0.04296875
4 0.24267578125 0.3232421875 0.0419921875 0.0625
4 0.037109375 0.5966796875 0.0234375 0.01953125
4 0.07568359375 0.59765625 0.0361328125 0.02734375
4 0.115234375 0.578125 0.0390625 0.029296875
4 0.18994140625 0.5380859375 0.0400390625 0.029296875
4 0.18359375 0.517578125 0.033203125 0.0234375
4 0.216796875 0.50048828125 0.03515625 0.0263671875
4 0.2265625 0.51953125 0.03515625 0.02734375
4 0.099609375 0.39892578125 0.041015625 0.0576171875
4 0.04638671875 0.42333984375 0.0419921875 0.0595703125
4 0.064453125 0.34814453125 0.029296875 0.0400390625
4 0.02685546875 0.435546875 0.0361328125 0.05078125
4 0.01806640625 0.36474609375 0.0341796875 0.0517578125
4 0.04052734375 0.3515625 0.0244140625 0.03515625
4 0.26611328125 0.498046875 0.0478515625 0.03125
4 0.0771484375 0.236328125 0.025390625 0.03515625
4 0.0322265625 0.20361328125 0.025390625 0.0361328125
4 0.04833984375 0.1953125 0.0263671875 0.037109375
4 0.0673828125 0.18701171875 0.0234375 0.0341796875
4 0.08251953125 0.1787109375 0.0244140625 0.03515625
4 0.00927734375 0.27734375 0.0166015625 0.037109375
4 0.0234375 0.263671875 0.02734375 0.037109375
4 0.0419921875 0.2568359375 0.03125 0.04296875
4 0.06201171875 0.2451171875 0.0263671875 0.03515625
4 0.10009765625 0.22509765625 0.0263671875 0.0361328125
4 0.05810546875 0.095703125 0.0224609375 0.03125
4 0.115234375 0.21728515625 0.025390625 0.0361328125
4 0.1005859375 0.1689453125 0.025390625 0.03515625
4 0.1162109375 0.162109375 0.025390625 0.03515625
4 0.1357421875 0.15185546875 0.0234375 0.0361328125
4 0.150390625 0.193359375 0.0234375 0.03125
4 0.17529296875 0.18505859375 0.0263671875 0.0361328125
4 0.1943359375 0.17041015625 0.033203125 0.0517578125
4 0.25341796875 0.15234375 0.0458984375 0.0625
4 0.07275390625 0.08837890625 0.0205078125 0.0283203125
4 0.0537109375 0.048828125 0.0234375 0.033203125
4 0.0380859375 0.056640625 0.021484375 0.029296875
4 0.00927734375 0.07421875 0.0166015625 0.033203125
4 0.01025390625 0.123046875 0.0185546875 0.033203125
4 0.025390625 0.11376953125 0.025390625 0.0341796875
4 0.0400390625 0.10546875 0.021484375 0.03125
4 0.02099609375 0.06640625 0.0224609375 0.033203125
4 0.49755859375 0.0234375 0.0615234375 0.044921875
4 0.4765625 0.01123046875 0.044921875 0.0205078125
4 0.5244140625 0.06396484375 0.06640625 0.0517578125
4 0.83935546875 0.01953125 0.0419921875 0.037109375
