4 0.7587890625 0.9609375 0.0234375 0.03125
4 0.0439453125 0.9951171875 0.017578125 0.009765625
4 0.1240234375 0.9951171875 0.017578125 0.009765625
5 0.4375 0.80322265625 0.18359375 0.1201171875
5 0.57763671875 0.96044921875 0.1962890625 0.0791015625
5 0.48583984375 0.89990234375 0.2001953125 0.1513671875
5 0.24658203125 0.931640625 0.2392578125 0.13671875
5 0.8994140625 0.74560546875 0.201171875 0.3564453125
5 0.9970703125 0.99462890625 0.005859375 0.0107421875
5 0.7236328125 0.88134765625 0.154296875 0.2373046875
4 0.0126953125 0.9921875 0.0234375 0.015625
4 0.349609375 0.8193359375 0.02734375 0.021484375
4 0.3603515625 0.85205078125 0.02734375 0.0361328125
4 0.50146484375 0.9951171875 0.0146484375 0.009765625
4 0.51953125 0.99072265625 0.01953125 0.0185546875
4 0.541015625 0.9873046875 0.021484375 0.025390625
4 0.55712890625 0.98291015625 0.0244140625 0.0341796875
4 0.53271484375 0.900390625 0.0224609375 0.03125
4 0.5751953125 0.9736328125 0.025390625 0.03515625
4 0.5908203125 0.966796875 0.025390625 0.03515625
4 0.6103515625 0.95654296875 0.0234375 0.0361328125
4 0.62255859375 0.9912109375 0.0185546875 0.017578125
4 0.64892578125 0.98583984375 0.0244140625 0.0283203125
4 0.6689453125 0.974609375 0.033203125 0.05078125
4 0.72802734375 0.95703125 0.0458984375 0.0625
4 0.5771484375 0.7314453125 0.03515625 0.037109375
4 0.54736328125 0.89306640625 0.0205078125 0.0283203125
4 0.5283203125 0.853515625 0.0234375 0.033203125
4 0.37744140625 0.84326171875 0.0263671875 0.0380859375
4 0.4287109375 0.90185546875 0.025390625 0.0361328125
4 0.39208984375 0.8330078125 0.0224609375 0.029296875
4 0.4091796875 0.82470703125 0.025390625 0.0322265625
4 0.4248046875 0.81494140625 0.0234375 0.0302734375
4 0.44384765625 0.80810546875 0.0224609375 0.0283203125
4 0.45751953125 0.7998046875 0.0224609375 0.029296875
4 0.47705078125 0.791015625 0.0224609375 0.029296875
4 0.49072265625 0.78173828125 0.0205078125 0.0244140625
4 0.46337890625 0.76171875 0.0283203125 0.0234375
4 0.41357421875 0.91162109375 0.0224609375 0.0283203125
4 0.44580078125 0.8935546875 0.0244140625 0.037109375
4 0.5126953125 0.861328125 0.021484375 0.029296875
4 0.4619140625 0.88720703125 0.025390625 0.0361328125
4 0.47998046875 0.87890625 0.0244140625 0.033203125
4 0.4150390625 0.96142578125 0.02734375 0.0341796875
4 0.44873046875 0.94287109375 0.0263671875 0.0341796875
4 0.46630859375 0.93505859375 0.0244140625 0.0322265625
4 0.48193359375 0.92724609375 0.0244140625 0.0341796875
4 0.5 0.91845703125 0.025390625 0.0341796875
4 0.5146484375 0.91015625 0.021484375 0.03125
4 0.49560546875 0.87109375 0.0224609375 0.033203125
4 0.970703125 0.826171875 0.05859375 0.048828125
4 0.841796875 0.59228515625 0.0703125 0.0517578125
4 0.8486328125 0.6357421875 0.02734375 0.021484375
4 0.880859375 0.66943359375 0.05078125 0.0361328125
4 0.95703125 0.8037109375 0.056640625 0.044921875
4 0.98291015625 0.87548828125 0.0341796875 0.0380859375
4 0.2626953125 0.94482421875 0.03125 0.0419921875
4 0.28369140625 0.9384765625 0.0263671875 0.03515625
4 0.2978515625 0.9248046875 0.02734375 0.0390625
4 0.31640625 0.91552734375 0.029296875 0.0380859375
4 0.33447265625 0.9052734375 0.0302734375 0.0390625
4 0.353515625 0.8994140625 0.03125 0.04296875
4 0.349609375 0.99560546875 0.015625 0.0087890625
4 0.37109375 0.9921875 0.017578125 0.015625
4 0.22412109375 0.96142578125 0.0263671875 0.0361328125
4 0.3994140625 0.98486328125 0.02734375 0.0302734375
4 0.244140625 0.9521484375 0.02734375 0.037109375
4 0.20849609375 0.97314453125 0.0263671875 0.0361328125
4 0.9970703125 0.63232421875 0.005859375 0.0146484375
4 0.9912109375 0.61474609375 0.017578125 0.0205078125
4 0.98681640625 0.59716796875 0.0263671875 0.0283203125
4 0.97900390625 0.5810546875 0.0419921875 0.029296875
4 0.9638671875 0.548828125 0.041015625 0.03125
4 0.95068359375 0.52734375 0.0458984375 0.03515625
4 0.1884765625 0.98095703125 0.02734375 0.0380859375
4 0.2314453125 0.5166015625 0.0234375 0.017578125
4 0.21826171875 0.92333984375 0.0400390625 0.0302734375
4 0.26513671875 0.90185546875 0.0302734375 0.0224609375
4 0.17578125 0.94873046875 0.021484375 0.0185546875
4 0.1416015625 0.96484375 0.033203125 0.025390625
4 0.1484375 0.99267578125 0.017578125 0.0146484375
4 0.169921875 0.98583984375 0.0234375 0.0283203125
