5 0.81640625 0.234375 0.1171875 0.12109375
5 0.74951171875 0.07373046875 0.3505859375 0.1455078125
4 0.5107421875 0.00927734375 0.021484375 0.0166015625
4 0.75390625 0.06884765625 0.03125 0.0458984375
4 0.68994140625 0.03662109375 0.0263671875 0.0380859375
4 0.63818359375 0.06396484375 0.0185546875 0.0263671875
4 0.9736328125 0.3779296875 0.052734375 0.06640625
5 0.9443359375 0.390625 0.07421875 0.1015625
5 0.93798828125 0.33544921875 0.0498046875 0.0556640625
4 0.72802734375 0.01953125 0.0283203125 0.0390625
4 0.88623046875 0.0146484375 0.0302734375 0.02734375
4 0.82958984375 0.03759765625 0.0361328125 0.0537109375
4 0.8095703125 0.04052734375 0.03125 0.0419921875
4 0.7890625 0.0478515625 0.033203125 0.04296875
4 0.771484375 0.05712890625 0.03125 0.0439453125
4 0.76904296875 0.0107421875 0.0224609375 0.01953125
