4 0.3857421875 0.1005859375 0.072265625 0.021484375
4 0.40234375 0.138671875 0.033203125 0.01171875
4 0.40087890625 0.15234375 0.0322265625 0.01171875
4 0.396484375 0.1689453125 0.03125 0.01171875
4 0.39892578125 0.18359375 0.0302734375 0.013671875
4 0.39892578125 0.19970703125 0.0322265625 0.0126953125
4 0.35546875 0.259765625 0.029296875 0.013671875
4 0.39599609375 0.32373046875 0.0322265625 0.0107421875
4 0.35498046875 0.3056640625 0.0322265625 0.013671875
4 0.353515625 0.3212890625 0.029296875 0.013671875
4 0.39306640625 0.35400390625 0.0322265625 0.0107421875
4 0.392578125 0.3701171875 0.03125 0.013671875
4 0.39013671875 0.384765625 0.0302734375 0.01171875
4 0.37646484375 0.81884765625 0.0302734375 0.0107421875
4 0.38134765625 0.71533203125 0.0322265625 0.0126953125
4 0.38037109375 0.72998046875 0.0322265625 0.0126953125
4 0.37939453125 0.74462890625 0.0302734375 0.0107421875
4 0.37744140625 0.76025390625 0.0302734375 0.0146484375
4 0.3779296875 0.77490234375 0.033203125 0.0126953125
4 0.3798828125 0.78955078125 0.02734375 0.0126953125
4 0.37744140625 0.8046875 0.0302734375 0.01171875
4 0.37744140625 0.837890625 0.0322265625 0.013671875
4 0.3388671875 0.6845703125 0.03125 0.01171875
4 0.51025390625 0.8125 0.0419921875 0.015625
4 0.56884765625 0.81298828125 0.0380859375 0.0126953125
4 0.5673828125 0.83056640625 0.04296875 0.0146484375
4 0.56640625 0.8525390625 0.0546875 0.01953125
4 0.50439453125 0.83203125 0.0478515625 0.017578125
4 0.50244140625 0.85498046875 0.0517578125 0.0205078125
4 0.49755859375 0.8759765625 0.0673828125 0.01953125
4 0.38232421875 0.701171875 0.0341796875 0.013671875
4 0.3798828125 0.68505859375 0.03125 0.0126953125
4 0.38671875 0.56640625 0.03125 0.013671875
4 0.39208984375 0.400390625 0.0322265625 0.013671875
4 0.390625 0.416015625 0.03125 0.013671875
4 0.39013671875 0.4619140625 0.0302734375 0.013671875
4 0.38818359375 0.4775390625 0.0322265625 0.01171875
4 0.38671875 0.49267578125 0.02734375 0.0126953125
4 0.38720703125 0.5078125 0.0283203125 0.01171875
4 0.38720703125 0.53662109375 0.0322265625 0.0126953125
4 0.34619140625 0.58203125 0.0322265625 0.01171875
4 0.38330078125 0.67138671875 0.0302734375 0.0126953125
4 0.38818359375 0.5966796875 0.0302734375 0.01171875
4 0.38525390625 0.58154296875 0.0322265625 0.0126953125
4 0.38720703125 0.61083984375 0.0283203125 0.0107421875
4 0.34423828125 0.60986328125 0.0283203125 0.0126953125
4 0.3837890625 0.62646484375 0.03125 0.0107421875
4 0.38232421875 0.6416015625 0.0302734375 0.01171875
4 0.38134765625 0.65576171875 0.0302734375 0.0126953125
4 0.49853515625 0.90087890625 0.0556640625 0.0205078125
4 0.55908203125 0.9091796875 0.0439453125 0.015625
4 0.70068359375 0.81689453125 0.0439453125 0.0185546875
4 0.76220703125 0.82080078125 0.0556640625 0.0205078125
4 0.76025390625 0.8388671875 0.0478515625 0.015625
4 0.7607421875 0.85888671875 0.048828125 0.0185546875
4 0.701171875 0.85693359375 0.044921875 0.0146484375
4 0.70068359375 0.8740234375 0.0478515625 0.017578125
4 0.75732421875 0.89892578125 0.0517578125 0.0185546875
4 0.6953125 0.9140625 0.05078125 0.021484375
4 0.8828125 0.87451171875 0.03515625 0.0126953125
4 0.8662109375 0.85400390625 0.041015625 0.0205078125
4 0.9208984375 0.8525390625 0.041015625 0.015625
4 0.9228515625 0.828125 0.046875 0.015625
4 0.86767578125 0.8251953125 0.0400390625 0.017578125
4 0.94921875 0.8798828125 0.052734375 0.01953125
4 0.99462890625 0.8818359375 0.0107421875 0.015625
5 0.03369140625 0.4599609375 0.0654296875 0.732421875
5 0.13330078125 0.4638671875 0.1083984375 0.73046875
5 0.255859375 0.47021484375 0.09765625 0.7314453125
5 0.36865234375 0.47021484375 0.1005859375 0.7275390625
5 0.54541015625 0.52880859375 0.1650390625 0.7724609375
5 0.8994140625 0.14453125 0.201171875 0.07421875
4 0.279296875 0.30322265625 0.03125 0.0107421875
4 0.2744140625 0.45703125 0.03125 0.01171875
4 0.2373046875 0.41015625 0.029296875 0.01171875
4 0.27783203125 0.38037109375 0.0322265625 0.0126953125
4 0.23828125 0.37890625 0.029296875 0.013671875
4 0.240234375 0.34814453125 0.03125 0.0126953125
4 0.27880859375 0.33447265625 0.0322265625 0.0107421875
4 0.23876953125 0.33154296875 0.0283203125 0.0107421875
4 0.28271484375 0.28857421875 0.0302734375 0.0107421875
4 0.23583984375 0.47216796875 0.0302734375 0.0126953125
4 0.28369140625 0.2421875 0.0322265625 0.01171875
4 0.2421875 0.23974609375 0.033203125 0.0126953125
4 0.2822265625 0.2255859375 0.029296875 0.01171875
4 0.2431640625 0.224609375 0.033203125 0.01171875
4 0.2841796875 0.1962890625 0.03125 0.01171875
4 0.24365234375 0.2080078125 0.0283203125 0.01171875
4 0.24609375 0.1943359375 0.03125 0.01171875
4 0.27587890625 0.47314453125 0.0244140625 0.0126953125
4 0.2353515625 0.486328125 0.03125 0.01171875
4 0.2451171875 0.1630859375 0.02734375 0.013671875
4 0.26708984375 0.6220703125 0.0263671875 0.013671875
4 0.26611328125 0.7119140625 0.0283203125 0.01171875
4 0.22509765625 0.708984375 0.0322265625 0.013671875
4 0.26611328125 0.681640625 0.0302734375 0.01171875
4 0.22802734375 0.6796875 0.0302734375 0.01171875
4 0.2255859375 0.6650390625 0.02734375 0.01171875
4 0.27294921875 0.63671875 0.0205078125 0.01171875
4 0.22900390625 0.63525390625 0.0283203125 0.0126953125
4 0.23095703125 0.60595703125 0.0302734375 0.0126953125
4 0.27197265625 0.48779296875 0.0302734375 0.0107421875
4 0.2705078125 0.56298828125 0.03125 0.0126953125
4 0.232421875 0.5615234375 0.02734375 0.01171875
4 0.27294921875 0.533203125 0.0341796875 0.01171875
4 0.2724609375 0.517578125 0.02734375 0.01171875
4 0.234375 0.51708984375 0.03125 0.0126953125
4 0.234375 0.501953125 0.029296875 0.01171875
4 0.27197265625 0.5029296875 0.0263671875 0.013671875
4 0.287109375 0.166015625 0.03125 0.01171875
4 0.2861328125 0.1337890625 0.03125 0.01171875
4 0.28662109375 0.1171875 0.0302734375 0.01171875
4 0.392578125 0.33837890625 0.03125 0.0126953125
4 0.248046875 0.11669921875 0.029296875 0.0126953125
4 0.361328125 0.1201171875 0.029296875 0.013671875
4 0.3603515625 0.16796875 0.03125 0.013671875
4 0.35986328125 0.18212890625 0.0302734375 0.0126953125
4 0.35693359375 0.24365234375 0.0283203125 0.0107421875
4 0.39794921875 0.23095703125 0.0302734375 0.0126953125
4 0.396484375 0.2919921875 0.033203125 0.01171875
4 0.353515625 0.3837890625 0.029296875 0.01171875
4 0.3486328125 0.4912109375 0.02734375 0.01171875
4 0.34375 0.55029296875 0.03125 0.0126953125
4 0.341796875 0.7138671875 0.03125 0.01171875
4 0.3388671875 0.7724609375 0.033203125 0.013671875
4 0.33544921875 0.7890625 0.0302734375 0.013671875
4 0.33544921875 0.8330078125 0.0322265625 0.01171875
4 0.2255859375 0.7392578125 0.029296875 0.013671875
4 0.26611328125 0.72509765625 0.0322265625 0.0107421875
4 0.2646484375 0.74169921875 0.03125 0.0107421875
4 0.1669921875 0.16162109375 0.033203125 0.0126953125
4 0.00244140625 0.57275390625 0.0029296875 0.0126953125
4 0.0029296875 0.55615234375 0.00390625 0.0126953125
4 0.0029296875 0.54150390625 0.00390625 0.0126953125
4 0.1484375 0.09326171875 0.060546875 0.0185546875
4 0.16748046875 0.1298828125 0.0322265625 0.01171875
4 0.12646484375 0.12841796875 0.0361328125 0.0126953125
4 0.12548828125 0.16015625 0.0361328125 0.015625
4 0.16552734375 0.193359375 0.0341796875 0.01171875
4 0.00146484375 0.63330078125 0.0009765625 0.0126953125
4 0.123046875 0.22509765625 0.033203125 0.0126953125
4 0.1630859375 0.2578125 0.033203125 0.013671875
4 0.1220703125 0.2568359375 0.033203125 0.013671875
4 0.1611328125 0.30615234375 0.037109375 0.0126953125
4 0.15966796875 0.3232421875 0.0322265625 0.013671875
4 0.1181640625 0.3212890625 0.03515625 0.01171875
4 0.1181640625 0.3369140625 0.033203125 0.013671875
4 0.00244140625 0.60205078125 0.0029296875 0.0126953125
4 0.263671875 0.76953125 0.03515625 0.015625
4 0.02001953125 0.82080078125 0.0341796875 0.0126953125
4 0.0234375 0.66650390625 0.03125 0.0107421875
4 0.02490234375 0.69677734375 0.0341796875 0.0126953125
4 0.02001953125 0.72802734375 0.0322265625 0.0126953125
4 0.0224609375 0.744140625 0.03515625 0.013671875
4 0.02197265625 0.7587890625 0.0341796875 0.013671875
4 0.02001953125 0.7900390625 0.0361328125 0.013671875
4 0.0205078125 0.80615234375 0.03515625 0.0126953125
4 0.02734375 0.84326171875 0.0390625 0.0146484375
4 0.1611328125 0.37109375 0.03515625 0.013671875
4 0.11572265625 0.384765625 0.0341796875 0.013671875
4 0.1572265625 0.40185546875 0.033203125 0.0126953125
4 0.14306640625 0.82470703125 0.0361328125 0.0146484375
4 0.10546875 0.73046875 0.033203125 0.013671875
4 0.1455078125 0.76318359375 0.033203125 0.0126953125
4 0.10400390625 0.74609375 0.0341796875 0.01171875
4 0.103515625 0.7607421875 0.03515625 0.015625
4 0.14306640625 0.79345703125 0.0322265625 0.0126953125
4 0.1015625 0.79248046875 0.033203125 0.0146484375
4 0.1435546875 0.8095703125 0.033203125 0.01171875
4 0.1005859375 0.80810546875 0.033203125 0.0126953125
4 0.11474609375 0.43212890625 0.0341796875 0.0126953125
4 0.10009765625 0.82421875 0.0361328125 0.01171875
4 0.22119140625 0.8291015625 0.0263671875 0.013671875
4 0.26171875 0.82861328125 0.03125 0.0126953125
4 0.26123046875 0.7998046875 0.0302734375 0.01171875
4 0.22412109375 0.798828125 0.0302734375 0.01171875
4 0.22021484375 0.81298828125 0.0322265625 0.0126953125
4 0.22509765625 0.76904296875 0.0302734375 0.0126953125
4 0.10498046875 0.7001953125 0.0322265625 0.01171875
4 0.146484375 0.701171875 0.03515625 0.01171875
4 0.10595703125 0.68359375 0.0322265625 0.01171875
4 0.10595703125 0.66943359375 0.0263671875 0.0126953125
4 0.11328125 0.44970703125 0.03125 0.0146484375
4 0.11279296875 0.51416015625 0.0322265625 0.0126953125
4 0.15283203125 0.5302734375 0.0341796875 0.013671875
4 0.1123046875 0.529296875 0.033203125 0.013671875
4 0.1123046875 0.544921875 0.03125 0.01171875
4 0.15234375 0.57666015625 0.03515625 0.0126953125
4 0.11083984375 0.5751953125 0.0341796875 0.013671875
4 0.150390625 0.60791015625 0.03125 0.0126953125
4 0.1083984375 0.6064453125 0.033203125 0.013671875
4 0.1494140625 0.6240234375 0.033203125 0.013671875
4 0.10791015625 0.62255859375 0.0322265625 0.0126953125
4 0.10693359375 0.63720703125 0.0361328125 0.0126953125
4 0.14990234375 0.6396484375 0.0341796875 0.01171875
4 0.1494140625 0.654296875 0.03125 0.01171875
4 0.1474609375 0.669921875 0.03515625 0.01171875
4 0.53076171875 0.16064453125 0.0458984375 0.0185546875
4 0.5244140625 0.224609375 0.060546875 0.01953125
4 0.59521484375 0.208984375 0.0595703125 0.021484375
4 0.5908203125 0.2275390625 0.052734375 0.017578125
4 0.591796875 0.27197265625 0.052734375 0.0185546875
4 0.5234375 0.29296875 0.060546875 0.0234375
4 0.52587890625 0.13525390625 0.0654296875 0.0224609375
4 0.5986328125 0.13818359375 0.0546875 0.0185546875
4 0.59765625 0.16357421875 0.05859375 0.0185546875
4 0.59423828125 0.18310546875 0.0517578125 0.0205078125
4 0.02880859375 0.63427734375 0.0341796875 0.0126953125
4 0.02978515625 0.60498046875 0.0380859375 0.0126953125
4 0.0283203125 0.57275390625 0.03125 0.0126953125
4 0.02880859375 0.55810546875 0.0341796875 0.0126953125
4 0.00634765625 0.380859375 0.0107421875 0.013671875
4 0.0087890625 0.22119140625 0.015625 0.0126953125
4 0.04345703125 0.23681640625 0.0302734375 0.0126953125
4 0.0419921875 0.25439453125 0.03515625 0.0126953125
4 0.0087890625 0.2685546875 0.015625 0.013671875
4 0.03955078125 0.31787109375 0.0341796875 0.0146484375
4 0.00634765625 0.3642578125 0.0107421875 0.01171875
4 0.03857421875 0.3818359375 0.0322265625 0.013671875
4 0.00634765625 0.39599609375 0.0107421875 0.0126953125
4 0.0068359375 0.4130859375 0.01171875 0.013671875
4 0.03466796875 0.44580078125 0.0361328125 0.0126953125
4 0.03271484375 0.47802734375 0.0322265625 0.0126953125
4 0.00537109375 0.4765625 0.0087890625 0.013671875
4 0.03173828125 0.51025390625 0.0322265625 0.0126953125
4 0.02978515625 0.5263671875 0.0341796875 0.01171875
4 0.03173828125 0.54150390625 0.0361328125 0.0126953125
4 0.009765625 0.18798828125 0.017578125 0.0126953125
4 0.044921875 0.19091796875 0.03515625 0.0126953125
4 0.04638671875 0.171875 0.0322265625 0.01171875
4 0.01025390625 0.171875 0.0185546875 0.01171875
4 0.029296875 0.0869140625 0.056640625 0.01953125
4 0.12548828125 0.0185546875 0.0380859375 0.03515625
4 0.04736328125 0.109375 0.0361328125 0.013671875
4 0.04736328125 0.12548828125 0.0341796875 0.0126953125
4 0.00830078125 0.1064453125 0.0146484375 0.01171875
4 0.01025390625 0.12353515625 0.0185546875 0.0126953125
4 0.01123046875 0.1396484375 0.0205078125 0.013671875
4 0.0107421875 0.15673828125 0.01953125 0.0126953125
