4 0.13671875 0.0498046875 0.04296875 0.09765625
4 0.3388671875 0.02392578125 0.0390625 0.0458984375
4 0.37939453125 0.02490234375 0.0439453125 0.0478515625
5 0.84765625 0.75732421875 0.021484375 0.4853515625
5 0.78125 0.9658203125 0.013671875 0.068359375
5 0.65625 0.6552734375 0.119140625 0.689453125
5 0.4541015625 0.65234375 0.158203125 0.6953125
5 0.20166015625 0.6953125 0.0693359375 0.609375
5 0.025390625 0.72802734375 0.048828125 0.5439453125
4 0.06591796875 0.02392578125 0.0302734375 0.0458984375
4 0.0380859375 0.04736328125 0.046875 0.0927734375
4 0.234375 0.025390625 0.078125 0.03515625
4 0.62646484375 0.62060546875 0.0517578125 0.0458984375
4 0.701171875 0.63720703125 0.078125 0.0693359375
4 0.6171875 0.7646484375 0.0625 0.068359375
4 0.697265625 0.82177734375 0.083984375 0.0693359375
4 0.6943359375 0.98779296875 0.0390625 0.0244140625
4 0.49072265625 0.88525390625 0.0615234375 0.0498046875
4 0.37158203125 0.93994140625 0.0302734375 0.0673828125
4 0.48876953125 0.94091796875 0.0244140625 0.0693359375
4 0.3701171875 0.98779296875 0.025390625 0.0244140625
4 0.48779296875 0.9892578125 0.0263671875 0.021484375
4 0.623046875 0.5810546875 0.076171875 0.064453125
4 0.1611328125 0.958984375 0.033203125 0.08203125
4 0.1845703125 0.8623046875 0.025390625 0.099609375
4 0.23291015625 0.7314453125 0.0205078125 0.056640625
4 0.69921875 0.58349609375 0.068359375 0.0712890625
4 0.705078125 0.4921875 0.07421875 0.052734375
4 0.42431640625 0.728515625 0.0693359375 0.056640625
4 0.42333984375 0.82763671875 0.0537109375 0.0537109375
4 0.4189453125 0.7890625 0.07421875 0.05078125
4 0.419921875 0.75732421875 0.064453125 0.0634765625
4 0.4951171875 0.75927734375 0.0703125 0.0595703125
4 0.62548828125 0.4541015625 0.0751953125 0.05859375
4 0.4970703125 0.72509765625 0.072265625 0.0576171875
4 0.49560546875 0.6728515625 0.0595703125 0.046875
4 0.4931640625 0.5830078125 0.046875 0.041015625
4 0.42138671875 0.5419921875 0.0751953125 0.05078125
4 0.4306640625 0.517578125 0.0703125 0.060546875
4 0.5029296875 0.4892578125 0.0625 0.052734375
4 0.43798828125 0.42529296875 0.0517578125 0.0693359375
4 0.50048828125 0.42431640625 0.0576171875 0.0751953125
4 0.42041015625 0.34521484375 0.0244140625 0.0634765625
4 0.47314453125 0.296875 0.1220703125 0.03125
4 0.6904296875 0.41748046875 0.04296875 0.0322265625
4 0.609375 0.3583984375 0.0390625 0.078125
4 0.720703125 0.35009765625 0.02734375 0.0751953125
4 0.1953125 0.61376953125 0.017578125 0.0478515625
4 0.23779296875 0.625 0.0283203125 0.076171875
4 0.19140625 0.53369140625 0.03515625 0.0537109375
4 0.2373046875 0.54638671875 0.0234375 0.0576171875
4 0.2001953125 0.447265625 0.021484375 0.087890625
4 0.2431640625 0.45654296875 0.025390625 0.0966796875
4 0.22802734375 0.39794921875 0.0361328125 0.0166015625
4 0.02392578125 0.52197265625 0.0458984375 0.0615234375
4 0.01708984375 0.58642578125 0.0322265625 0.0517578125
4 0.01904296875 0.6865234375 0.0361328125 0.048828125
4 0.02001953125 0.87841796875 0.0380859375 0.0576171875
4 0.01025390625 0.984375 0.0185546875 0.03125
