4 0.83154296875 0.9951171875 0.0146484375 0.009765625
4 0.85546875 0.986328125 0.025390625 0.02734375
4 0.97216796875 0.9912109375 0.0263671875 0.017578125
4 0.99169921875 0.9892578125 0.0166015625 0.021484375
4 0.771484375 0.8369140625 0.033203125 0.046875
12 0.361328125 0.37060546875 0.115234375 0.0966796875
4 0.58251953125 0.21728515625 0.0693359375 0.0908203125
4 0.6298828125 0.29296875 0.044921875 0.05859375
4 0.67333984375 0.37158203125 0.0517578125 0.0673828125
4 0.712890625 0.44921875 0.072265625 0.09375
4 0.83740234375 0.505859375 0.0634765625 0.046875
4 0.6611328125 0.71142578125 0.052734375 0.0419921875
4 0.61572265625 0.85546875 0.0361328125 0.048828125
4 0.640625 0.8544921875 0.025390625 0.033203125
4 0.66064453125 0.89111328125 0.0283203125 0.0361328125
4 0.673828125 0.87841796875 0.0234375 0.0302734375
4 0.712890625 0.86279296875 0.025390625 0.0322265625
4 0.73291015625 0.84716796875 0.0224609375 0.0302734375
5 0.62646484375 0.71533203125 0.1474609375 0.0869140625
5 0.69873046875 0.8427734375 0.1845703125 0.15234375
5 0.91943359375 0.7841796875 0.1611328125 0.189453125
5 0.97998046875 0.9873046875 0.0400390625 0.025390625
4 0.74951171875 0.8447265625 0.0263671875 0.03515625
4 0.78564453125 0.8251953125 0.0244140625 0.03125
4 0.76220703125 0.783203125 0.0224609375 0.029296875
4 0.81298828125 0.9580078125 0.0322265625 0.044921875
4 0.7470703125 0.79150390625 0.029296875 0.0400390625
4 0.72802734375 0.806640625 0.0244140625 0.03125
4 0.71923828125 0.99365234375 0.0185546875 0.0126953125
4 0.73681640625 0.98828125 0.0244140625 0.0234375
4 0.7783203125 0.98193359375 0.02734375 0.0341796875
4 0.798828125 0.9677734375 0.025390625 0.03125
4 0.83642578125 0.9501953125 0.0224609375 0.029296875
4 0.8525390625 0.947265625 0.0234375 0.03125
4 0.81494140625 0.99609375 0.0146484375 0.0078125
4 0.912109375 0.7490234375 0.0703125 0.08984375
4 0.98779296875 0.68310546875 0.0244140625 0.0537109375
4 0.97412109375 0.71337890625 0.0517578125 0.0751953125
4 0.9619140625 0.740234375 0.033203125 0.046875
4 0.97314453125 0.81298828125 0.0439453125 0.0654296875
4 0.92431640625 0.8369140625 0.0517578125 0.072265625
4 0.8837890625 0.767578125 0.056640625 0.08203125
