4 0.9140625 0.90234375 0.03515625 0.0703125
4 0.880859375 0.90185546875 0.03515625 0.0693359375
5 0.7861328125 0.6396484375 0.1015625 0.107421875
5 0.35888671875 0.01123046875 0.0380859375 0.0205078125
5 0.87841796875 0.1640625 0.0849609375 0.07421875
5 0.81005859375 0.23681640625 0.1142578125 0.0400390625
5 0.84716796875 0.32080078125 0.1044921875 0.0439453125
5 0.9736328125 0.61376953125 0.052734375 0.1162109375
5 0.736328125 0.70703125 0.087890625 0.048828125
5 0.70263671875 0.8583984375 0.0830078125 0.046875
5 0.765625 0.9375 0.078125 0.087890625
5 0.8916015625 0.92822265625 0.103515625 0.1259765625
5 0.31103515625 0.3837890625 0.1181640625 0.03515625
5 0.25927734375 0.56298828125 0.1005859375 0.1298828125
5 0.03564453125 0.28955078125 0.0693359375 0.0849609375
5 0.10302734375 0.0654296875 0.2041015625 0.12890625
4 0.97802734375 0.38330078125 0.0439453125 0.0986328125
4 0.84765625 0.224609375 0.052734375 0.025390625
4 0.7919921875 0.935546875 0.056640625 0.06640625
4 0.77734375 0.90576171875 0.04296875 0.0458984375
4 0.7470703125 0.72607421875 0.0546875 0.0380859375
4 0.7919921875 0.658203125 0.07421875 0.076171875
4 0.8125 0.64013671875 0.03125 0.0322265625
4 0.96533203125 0.64404296875 0.0283203125 0.0556640625
4 0.943359375 0.62890625 0.03125 0.056640625
4 0.9580078125 0.56884765625 0.01953125 0.0341796875
4 0.97607421875 0.57958984375 0.0283203125 0.0576171875
4 0.9912109375 0.64892578125 0.017578125 0.0458984375
4 0.994140625 0.4052734375 0.01171875 0.052734375
4 0.240234375 0.53271484375 0.04296875 0.0673828125
4 0.26171875 0.52685546875 0.037109375 0.0634765625
4 0.28515625 0.51806640625 0.03125 0.0458984375
4 0.1689453125 0.451171875 0.052734375 0.06640625
5 0.1396484375 0.4638671875 0.07421875 0.1015625
5 0.13330078125 0.40869140625 0.0498046875 0.0556640625
4 0.28076171875 0.390625 0.0341796875 0.017578125
4 0.27783203125 0.31396484375 0.0517578125 0.0302734375
4 0.2099609375 0.00927734375 0.029296875 0.0166015625
4 0.18994140625 0.0224609375 0.0341796875 0.04296875
4 0.17041015625 0.03173828125 0.0244140625 0.0322265625
4 0.07421875 0.02099609375 0.029296875 0.0400390625
4 0.09619140625 0.01611328125 0.0283203125 0.0302734375
4 0.13525390625 0.05078125 0.0302734375 0.0390625
4 0.07861328125 0.076171875 0.0361328125 0.05078125
4 0.02490234375 0.11083984375 0.0361328125 0.0537109375
4 0.0107421875 0.11376953125 0.01953125 0.0419921875
4 0.00830078125 0.056640625 0.0146484375 0.04296875
