4 0.2841796875 0.9609375 0.0234375 0.03125
5 0.02783203125 0.775390625 0.0537109375 0.064453125
5 0.10302734375 0.96044921875 0.1962890625 0.0791015625
5 0.05615234375 0.88720703125 0.1103515625 0.1259765625
5 0.45068359375 0.748046875 0.2529296875 0.361328125
5 0.595703125 0.66259765625 0.275390625 0.3857421875
5 0.8125 0.71923828125 0.12890625 0.2158203125
5 0.59912109375 0.95654296875 0.1552734375 0.0869140625
5 0.2490234375 0.88134765625 0.154296875 0.2373046875
4 0.02685546875 0.9951171875 0.0146484375 0.009765625
4 0.044921875 0.99072265625 0.01953125 0.0185546875
4 0.06640625 0.9873046875 0.021484375 0.025390625
4 0.08251953125 0.98291015625 0.0244140625 0.0341796875
4 0.05810546875 0.900390625 0.0224609375 0.03125
4 0.1005859375 0.9736328125 0.025390625 0.03515625
4 0.1162109375 0.966796875 0.025390625 0.03515625
4 0.1357421875 0.95654296875 0.0234375 0.0361328125
4 0.14794921875 0.9912109375 0.0185546875 0.017578125
4 0.17431640625 0.98583984375 0.0244140625 0.0283203125
4 0.1943359375 0.974609375 0.033203125 0.05078125
4 0.25341796875 0.95703125 0.0458984375 0.0625
4 0.1025390625 0.7314453125 0.03515625 0.037109375
4 0.07275390625 0.89306640625 0.0205078125 0.0283203125
4 0.0537109375 0.853515625 0.0234375 0.033203125
4 0.00732421875 0.791015625 0.0126953125 0.029296875
4 0.01611328125 0.78173828125 0.0205078125 0.0244140625
4 0.0380859375 0.861328125 0.021484375 0.029296875
4 0.00927734375 0.87890625 0.0166015625 0.033203125
4 0.01025390625 0.927734375 0.0185546875 0.033203125
4 0.025390625 0.91845703125 0.025390625 0.0341796875
4 0.0400390625 0.91015625 0.021484375 0.03125
4 0.02099609375 0.87109375 0.0224609375 0.033203125
4 0.49755859375 0.826171875 0.0615234375 0.048828125
4 0.3671875 0.59228515625 0.0703125 0.0517578125
4 0.3740234375 0.6357421875 0.02734375 0.021484375
4 0.40625 0.66943359375 0.05078125 0.0361328125
4 0.482421875 0.8037109375 0.056640625 0.044921875
4 0.5244140625 0.86865234375 0.06640625 0.0517578125
4 0.70361328125 0.79736328125 0.0537109375 0.0419921875
4 0.63330078125 0.7978515625 0.0400390625 0.029296875
4 0.62548828125 0.783203125 0.0419921875 0.03125
4 0.6748046875 0.76123046875 0.046875 0.0322265625
4 0.6669921875 0.73828125 0.0546875 0.0390625
4 0.65771484375 0.71728515625 0.0458984375 0.0341796875
4 0.61328125 0.7685546875 0.0390625 0.029296875
4 0.5966796875 0.73583984375 0.04296875 0.0322265625
4 0.64306640625 0.6982421875 0.0517578125 0.041015625
4 0.5703125 0.68896484375 0.044921875 0.0322265625
4 0.6318359375 0.6787109375 0.04296875 0.033203125
4 0.56201171875 0.6748046875 0.0341796875 0.025390625
4 0.55224609375 0.65771484375 0.0341796875 0.0263671875
4 0.7451171875 0.62646484375 0.0546875 0.0771484375
4 0.54443359375 0.6416015625 0.0439453125 0.03125
4 0.537109375 0.62646484375 0.03515625 0.0263671875
4 0.525390625 0.61181640625 0.03515625 0.0263671875
4 0.5185546875 0.595703125 0.0390625 0.03125
4 0.5048828125 0.5810546875 0.04296875 0.029296875
4 0.5302734375 0.53857421875 0.03515625 0.0439453125
4 0.4892578125 0.548828125 0.041015625 0.03125
4 0.47607421875 0.52734375 0.0458984375 0.03515625
4 0.60009765625 0.45556640625 0.0439453125 0.0341796875
4 0.81005859375 0.705078125 0.0244140625 0.03125
4 0.83642578125 0.759765625 0.0185546875 0.0234375
4 0.8310546875 0.80224609375 0.05859375 0.0810546875
