4 0.99853515625 0.02587890625 0.0029296875 0.0126953125
4 0.9990234375 0.0078125 0.001953125 0.013671875
4 0.994140625 0.2666015625 0.01171875 0.013671875
4 0.99169921875 0.28564453125 0.0166015625 0.0146484375
4 0.99365234375 0.3076171875 0.0126953125 0.0234375
4 0.994140625 0.25 0.01171875 0.013671875
4 0.9951171875 0.23095703125 0.009765625 0.0166015625
4 0.99658203125 0.119140625 0.0068359375 0.013671875
4 0.9970703125 0.044921875 0.005859375 0.013671875
4 0.99853515625 0.06591796875 0.0029296875 0.0146484375
4 0.998046875 0.0849609375 0.00390625 0.013671875
4 0.9970703125 0.1015625 0.005859375 0.015625
4 0.99365234375 0.21142578125 0.0126953125 0.0146484375
4 0.99853515625 0.138671875 0.0029296875 0.015625
4 0.9951171875 0.15625 0.009765625 0.013671875
4 0.99462890625 0.17724609375 0.0107421875 0.0126953125
4 0.994140625 0.19384765625 0.01171875 0.0126953125
4 0.796875 0.12548828125 0.03125 0.0126953125
4 0.7607421875 0.00927734375 0.03515625 0.0146484375
4 0.80126953125 0.02783203125 0.0341796875 0.0166015625
4 0.76123046875 0.02490234375 0.0341796875 0.0126953125
4 0.75732421875 0.04150390625 0.0361328125 0.0146484375
4 0.80126953125 0.0439453125 0.0341796875 0.013671875
4 0.798828125 0.0927734375 0.033203125 0.013671875
4 0.75634765625 0.10986328125 0.0341796875 0.0126953125
4 0.75439453125 0.12353515625 0.0341796875 0.0126953125
4 0.7958984375 0.14453125 0.03125 0.013671875
4 0.75439453125 0.15771484375 0.0361328125 0.0126953125
4 0.79443359375 0.16015625 0.0302734375 0.013671875
4 0.794921875 0.17822265625 0.03125 0.0126953125
4 0.7529296875 0.17529296875 0.03515625 0.0126953125
4 0.79296875 0.2109375 0.033203125 0.013671875
4 0.75146484375 0.20849609375 0.0341796875 0.0146484375
4 0.802734375 0.01123046875 0.03125 0.0126953125
4 0.75048828125 0.224609375 0.0322265625 0.013671875
4 0.79296875 0.24560546875 0.033203125 0.0126953125
4 0.74951171875 0.24267578125 0.0341796875 0.0146484375
4 0.88427734375 0.03076171875 0.0361328125 0.0146484375
4 0.88623046875 0.015625 0.0341796875 0.01171875
4 0.92919921875 0.00439453125 0.0341796875 0.0068359375
4 0.88525390625 0.001953125 0.0341796875 0.001953125
4 0.74951171875 0.2568359375 0.0322265625 0.01171875
4 0.92529296875 0.05029296875 0.0361328125 0.0166015625
4 0.8818359375 0.09716796875 0.033203125 0.0146484375
4 0.92333984375 0.099609375 0.0341796875 0.013671875
4 0.921875 0.11669921875 0.033203125 0.0146484375
4 0.79052734375 0.2587890625 0.0302734375 0.013671875
4 0.658203125 0.291015625 0.048828125 0.01953125
4 0.8984375 0.3017578125 0.064453125 0.021484375
4 0.8720703125 0.28125 0.033203125 0.013671875
4 0.916015625 0.26611328125 0.033203125 0.0146484375
4 0.91845703125 0.23291015625 0.0341796875 0.0166015625
4 0.87548828125 0.22998046875 0.0341796875 0.0126953125
4 0.92138671875 0.19873046875 0.0361328125 0.0126953125
4 0.87841796875 0.19677734375 0.0341796875 0.0146484375
4 0.919921875 0.18359375 0.033203125 0.013671875
4 0.9208984375 0.1650390625 0.033203125 0.013671875
4 0.87939453125 0.1640625 0.0322265625 0.013671875
4 0.9208984375 0.150390625 0.033203125 0.013671875
4 0.88134765625 0.14892578125 0.0302734375 0.0126953125
4 0.92333984375 0.1337890625 0.0361328125 0.015625
5 0.55908203125 0.73046875 0.1064453125 0.5390625
5 0.69775390625 0.73291015625 0.1005859375 0.5341796875
5 0.81982421875 0.73388671875 0.1025390625 0.5322265625
5 0.94189453125 0.736328125 0.1005859375 0.52734375
5 0.23828125 0.7236328125 0.14453125 0.552734375
5 0.4111328125 0.72705078125 0.119140625 0.5458984375
5 0.90087890625 0.14794921875 0.0908203125 0.2939453125
5 0.1298828125 0.12255859375 0.091796875 0.2431640625
5 0.2880859375 0.07421875 0.037109375 0.146484375
5 0.43115234375 0.12744140625 0.1318359375 0.2529296875
5 0.5517578125 0.1416015625 0.076171875 0.28125
5 0.6552734375 0.14404296875 0.078125 0.2861328125
5 0.7783203125 0.1455078125 0.087890625 0.2890625
4 0.64453125 0.0185546875 0.02734375 0.01171875
4 0.6435546875 0.03369140625 0.029296875 0.0126953125
4 0.45751953125 0.26171875 0.0478515625 0.017578125
4 0.67578125 0.16796875 0.025390625 0.01171875
4 0.68310546875 0.05078125 0.0283203125 0.009765625
4 0.673828125 0.2138671875 0.029296875 0.009765625
4 0.44140625 0.0029296875 0.041015625 0.00390625
4 0.43994140625 0.01611328125 0.0400390625 0.0126953125
4 0.4462890625 0.03173828125 0.03125 0.0126953125
4 0.53515625 0.18994140625 0.017578125 0.0478515625
4 0.13623046875 0.12060546875 0.0498046875 0.0224609375
4 0.13330078125 0.1611328125 0.0419921875 0.017578125
4 0.13818359375 0.14404296875 0.0576171875 0.0263671875
4 0.130859375 0.2021484375 0.048828125 0.0234375
4 0.5625 0.2685546875 0.029296875 0.01171875
4 0.56298828125 0.23876953125 0.0283203125 0.0146484375
4 0.56640625 0.208984375 0.029296875 0.01171875
4 0.5390625 0.13720703125 0.017578125 0.0458984375
4 0.44140625 0.05126953125 0.03125 0.0126953125
4 0.57275390625 0.1044921875 0.0283203125 0.013671875
4 0.541015625 0.0859375 0.01953125 0.048828125
4 0.572265625 0.0615234375 0.029296875 0.01171875
4 0.14453125 0.0830078125 0.056640625 0.021484375
4 0.1416015625 0.06201171875 0.048828125 0.0205078125
4 0.14599609375 0.041015625 0.0478515625 0.01953125
4 0.1484375 0.01904296875 0.046875 0.0185546875
4 0.48193359375 0.02783203125 0.0263671875 0.0126953125
4 0.4833984375 0.00390625 0.02734375 0.005859375
4 0.150390625 0.00244140625 0.04296875 0.0029296875
4 0.53515625 0.25 0.013671875 0.0390625
4 0.3896484375 0.26171875 0.06640625 0.0234375
4 0.25146484375 0.4404296875 0.0693359375 0.0234375
4 0.224609375 0.4658203125 0.052734375 0.01953125
4 0.28564453125 0.4638671875 0.0458984375 0.015625
4 0.41845703125 0.22998046875 0.0615234375 0.0205078125
4 0.28466796875 0.48583984375 0.0478515625 0.0185546875
4 0.22314453125 0.49658203125 0.0458984375 0.0166015625
4 0.2216796875 0.5185546875 0.052734375 0.01953125
4 0.47119140625 0.16357421875 0.0166015625 0.0478515625
4 0.208984375 0.97412109375 0.05078125 0.0146484375
4 0.20947265625 0.99462890625 0.0439453125 0.0107421875
4 0.47265625 0.11376953125 0.015625 0.0458984375
4 0.435546875 0.173828125 0.037109375 0.015625
4 0.2841796875 0.5068359375 0.044921875 0.01953125
4 0.43603515625 0.15771484375 0.0439453125 0.0146484375
4 0.4365234375 0.138671875 0.037109375 0.013671875
4 0.43896484375 0.12109375 0.0439453125 0.021484375
4 0.43798828125 0.0849609375 0.0400390625 0.015625
4 0.43603515625 0.06640625 0.0380859375 0.013671875
4 0.47412109375 0.06201171875 0.0146484375 0.0439453125
4 0.4326171875 0.21044921875 0.037109375 0.0126953125
4 0.20947265625 0.9541015625 0.0498046875 0.01953125
4 0.212890625 0.931640625 0.046875 0.017578125
4 0.2109375 0.91162109375 0.052734375 0.0205078125
4 0.21630859375 0.89111328125 0.0439453125 0.0205078125
4 0.283203125 0.52783203125 0.044921875 0.0166015625
4 0.2861328125 0.54736328125 0.052734375 0.0224609375
4 0.22265625 0.5478515625 0.0546875 0.021484375
4 0.22265625 0.5712890625 0.0546875 0.01953125
4 0.28564453125 0.56884765625 0.0517578125 0.0185546875
4 0.21923828125 0.6005859375 0.0576171875 0.021484375
4 0.2177734375 0.62451171875 0.056640625 0.0185546875
4 0.2158203125 0.654296875 0.05859375 0.021484375
4 0.216796875 0.677734375 0.05078125 0.01953125
4 0.2177734375 0.708984375 0.05078125 0.01953125
4 0.2138671875 0.76025390625 0.0546875 0.0205078125
4 0.208984375 0.78564453125 0.052734375 0.0205078125
4 0.20751953125 0.83837890625 0.0498046875 0.0185546875
4 0.072265625 0.904296875 0.01953125 0.046875
4 0.2041015625 0.8671875 0.060546875 0.01953125
4 0.9716796875 0.53564453125 0.033203125 0.0126953125
4 0.7919921875 0.94677734375 0.033203125 0.0126953125
4 0.79296875 0.93017578125 0.033203125 0.0126953125
4 0.79296875 0.91552734375 0.033203125 0.0126953125
4 0.953125 0.46728515625 0.060546875 0.0185546875
4 0.97216796875 0.50390625 0.0322265625 0.01171875
4 0.93115234375 0.50244140625 0.0361328125 0.0126953125
4 0.93017578125 0.5341796875 0.0361328125 0.015625
4 0.97021484375 0.5673828125 0.0341796875 0.01171875
4 0.927734375 0.59912109375 0.033203125 0.0126953125
4 0.9677734375 0.6318359375 0.033203125 0.013671875
4 0.9267578125 0.630859375 0.033203125 0.013671875
4 0.9658203125 0.68017578125 0.037109375 0.0126953125
4 0.96435546875 0.697265625 0.0322265625 0.013671875
4 0.9228515625 0.6953125 0.03515625 0.01171875
4 0.9228515625 0.7109375 0.033203125 0.013671875
4 0.78955078125 0.97607421875 0.0380859375 0.0126953125
4 0.9658203125 0.7451171875 0.03515625 0.013671875
4 0.92041015625 0.7587890625 0.0341796875 0.013671875
4 0.9619140625 0.77587890625 0.033203125 0.0126953125
4 0.91943359375 0.80615234375 0.0341796875 0.0126953125
4 0.91796875 0.82373046875 0.03125 0.0146484375
4 0.91748046875 0.88818359375 0.0322265625 0.0126953125
4 0.95751953125 0.904296875 0.0341796875 0.013671875
4 0.9169921875 0.9033203125 0.033203125 0.013671875
4 0.9169921875 0.9189453125 0.03125 0.01171875
4 0.95703125 0.95068359375 0.03515625 0.0126953125
4 0.91552734375 0.94921875 0.0341796875 0.013671875
4 0.955078125 0.98193359375 0.03125 0.0126953125
4 0.9130859375 0.98046875 0.033203125 0.013671875
4 0.9541015625 0.99560546875 0.033203125 0.0087890625
4 0.91259765625 0.9951171875 0.0322265625 0.009765625
4 0.83447265625 0.97900390625 0.0380859375 0.0126953125
4 0.8330078125 0.94677734375 0.03125 0.0126953125
4 0.38818359375 0.70068359375 0.0419921875 0.0185546875
4 0.43798828125 0.7783203125 0.0439453125 0.015625
4 0.4384765625 0.76025390625 0.04296875 0.0146484375
4 0.38720703125 0.75732421875 0.0419921875 0.0185546875
4 0.44091796875 0.7412109375 0.0458984375 0.015625
4 0.38330078125 0.73681640625 0.0322265625 0.0166015625
4 0.38623046875 0.72021484375 0.0458984375 0.0166015625
4 0.4384765625 0.72216796875 0.04296875 0.0166015625
4 0.43896484375 0.701171875 0.0400390625 0.015625
4 0.38232421875 0.7958984375 0.0400390625 0.017578125
4 0.44189453125 0.68359375 0.0458984375 0.015625
4 0.38818359375 0.68212890625 0.0400390625 0.0166015625
4 0.3896484375 0.6611328125 0.04296875 0.015625
4 0.43994140625 0.66357421875 0.0400390625 0.0146484375
4 0.44482421875 0.64599609375 0.0439453125 0.0166015625
4 0.39111328125 0.64453125 0.0400390625 0.015625
4 0.39013671875 0.6240234375 0.0458984375 0.015625
4 0.3876953125 0.77587890625 0.041015625 0.0185546875
4 0.43896484375 0.79833984375 0.0419921875 0.0146484375
4 0.42822265625 0.98828125 0.0419921875 0.015625
4 0.38232421875 0.8896484375 0.0419921875 0.015625
4 0.3759765625 0.966796875 0.033203125 0.013671875
4 0.42919921875 0.94921875 0.0439453125 0.017578125
4 0.3798828125 0.9482421875 0.041015625 0.017578125
4 0.38134765625 0.927734375 0.0419921875 0.015625
4 0.4296875 0.9306640625 0.04296875 0.017578125
4 0.4345703125 0.91259765625 0.037109375 0.0146484375
4 0.37890625 0.90869140625 0.04296875 0.0166015625
4 0.43115234375 0.89306640625 0.0380859375 0.0166015625
4 0.38330078125 0.81396484375 0.0439453125 0.0166015625
4 0.38037109375 0.873046875 0.0361328125 0.013671875
4 0.431640625 0.87353515625 0.0390625 0.0166015625
4 0.43505859375 0.85400390625 0.0400390625 0.0146484375
4 0.384765625 0.8505859375 0.041015625 0.013671875
4 0.43603515625 0.8359375 0.0400390625 0.015625
4 0.38232421875 0.833984375 0.0439453125 0.015625
4 0.43359375 0.8154296875 0.041015625 0.013671875
4 0.4443359375 0.62646484375 0.046875 0.0166015625
4 0.44384765625 0.60791015625 0.0458984375 0.0166015625
4 0.3916015625 0.6064453125 0.04296875 0.015625
4 0.54296875 0.59765625 0.037109375 0.015625
4 0.5478515625 0.50927734375 0.037109375 0.0126953125
4 0.54541015625 0.525390625 0.0400390625 0.017578125
4 0.54443359375 0.54443359375 0.0380859375 0.0166015625
4 0.58984375 0.5654296875 0.0390625 0.013671875
4 0.5439453125 0.56298828125 0.0390625 0.0166015625
4 0.5888671875 0.58251953125 0.0390625 0.0146484375
4 0.58837890625 0.60009765625 0.0380859375 0.0146484375
4 0.5859375 0.6171875 0.041015625 0.017578125
4 0.39501953125 0.58642578125 0.0419921875 0.0166015625
4 0.541015625 0.61572265625 0.037109375 0.0166015625
4 0.58642578125 0.63427734375 0.0400390625 0.0146484375
4 0.5869140625 0.6513671875 0.033203125 0.013671875
4 0.541015625 0.63330078125 0.0390625 0.0146484375
4 0.5400390625 0.64990234375 0.0390625 0.0146484375
4 0.53857421875 0.666015625 0.0380859375 0.015625
4 0.5390625 0.68310546875 0.041015625 0.0166015625
4 0.591796875 0.5458984375 0.0390625 0.015625
4 0.59228515625 0.51123046875 0.0380859375 0.0146484375
4 0.54443359375 0.4931640625 0.0341796875 0.013671875
4 0.59228515625 0.4951171875 0.0400390625 0.013671875
4 0.44287109375 0.587890625 0.0400390625 0.015625
4 0.39306640625 0.5673828125 0.0400390625 0.017578125
4 0.4462890625 0.56982421875 0.041015625 0.0166015625
4 0.4482421875 0.54833984375 0.044921875 0.0166015625
4 0.39404296875 0.54638671875 0.0400390625 0.0166015625
4 0.39404296875 0.5283203125 0.0439453125 0.015625
4 0.4462890625 0.52978515625 0.04296875 0.0146484375
4 0.3955078125 0.5068359375 0.044921875 0.017578125
4 0.44580078125 0.50830078125 0.0400390625 0.0146484375
4 0.4462890625 0.490234375 0.0390625 0.015625
4 0.396484375 0.4873046875 0.041015625 0.017578125
4 0.39794921875 0.4677734375 0.0478515625 0.017578125
4 0.572265625 0.45166015625 0.07421875 0.0244140625
4 0.59326171875 0.47509765625 0.0341796875 0.0146484375
4 0.5478515625 0.47265625 0.0390625 0.015625
4 0.43115234375 0.9677734375 0.0419921875 0.013671875
4 0.37841796875 0.98681640625 0.0400390625 0.0146484375
4 0.58544921875 0.7021484375 0.0380859375 0.013671875
4 0.2822265625 0.62890625 0.052734375 0.017578125
4 0.28125 0.58935546875 0.05078125 0.0166015625
4 0.28076171875 0.60986328125 0.0458984375 0.0166015625
4 0.28125 0.64892578125 0.046875 0.0166015625
4 0.6435546875 0.078125 0.02734375 0.013671875
4 0.27734375 0.66943359375 0.046875 0.0185546875
4 0.2802734375 0.68994140625 0.05078125 0.0205078125
4 0.27734375 0.71142578125 0.046875 0.0185546875
4 0.27734375 0.73095703125 0.04296875 0.0166015625
4 0.275390625 0.7509765625 0.048828125 0.01953125
4 0.27294921875 0.83154296875 0.0458984375 0.0185546875
4 0.20947265625 0.81689453125 0.0478515625 0.0166015625
4 0.646484375 0.04833984375 0.025390625 0.0126953125
4 0.67724609375 0.1083984375 0.0283203125 0.013671875
4 0.376953125 0.99755859375 0.04296875 0.0048828125
4 0.572265625 0.03125 0.02734375 0.01171875
4 0.54150390625 0.0068359375 0.0224609375 0.01171875
4 0.5732421875 0.01611328125 0.029296875 0.0126953125
4 0.53955078125 0.0185546875 0.0224609375 0.01171875
4 0.53955078125 0.03076171875 0.0205078125 0.0107421875
4 0.53955078125 0.04296875 0.0244140625 0.009765625
4 0.572265625 0.0458984375 0.025390625 0.01171875
4 0.64111328125 0.12255859375 0.0283203125 0.0126953125
4 0.671875 0.2578125 0.029296875 0.013671875
4 0.6728515625 0.2431640625 0.025390625 0.01171875
4 0.6328125 0.2412109375 0.025390625 0.01171875
4 0.67236328125 0.228515625 0.0263671875 0.01171875
4 0.67236328125 0.1982421875 0.0263671875 0.013671875
4 0.638671875 0.15185546875 0.03125 0.0146484375
4 0.677734375 0.13818359375 0.025390625 0.0126953125
4 0.27392578125 0.85205078125 0.0380859375 0.0146484375
4 0.2724609375 0.87158203125 0.05078125 0.0166015625
4 0.27197265625 0.89208984375 0.0517578125 0.0146484375
4 0.26953125 0.912109375 0.046875 0.015625
4 0.26611328125 0.9521484375 0.0439453125 0.015625
4 0.2666015625 0.99267578125 0.046875 0.0146484375
4 0.58447265625 0.685546875 0.0361328125 0.017578125
4 0.5390625 0.69970703125 0.037109375 0.0166015625
4 0.83349609375 0.93212890625 0.0341796875 0.0126953125
4 0.66943359375 0.96435546875 0.0341796875 0.0146484375
4 0.66845703125 0.98046875 0.0361328125 0.013671875
4 0.7119140625 0.9912109375 0.03515625 0.013671875
4 0.6669921875 0.9951171875 0.037109375 0.009765625
4 0.7109375 0.9599609375 0.03515625 0.013671875
4 0.71044921875 0.97509765625 0.0322265625 0.0126953125
4 0.6689453125 0.94677734375 0.037109375 0.0166015625
4 0.67626953125 0.74169921875 0.0419921875 0.0146484375
4 0.6728515625 0.84423828125 0.033203125 0.0126953125
4 0.7197265625 0.76904296875 0.03515625 0.0146484375
4 0.7197265625 0.78515625 0.03515625 0.01171875
4 0.67529296875 0.7744140625 0.0361328125 0.013671875
4 0.6728515625 0.7919921875 0.041015625 0.015625
4 0.71875 0.8173828125 0.03515625 0.013671875
4 0.66943359375 0.8095703125 0.0361328125 0.013671875
4 0.6728515625 0.8271484375 0.037109375 0.015625
4 0.66943359375 0.8603515625 0.0419921875 0.015625
4 0.7119140625 0.94482421875 0.033203125 0.0126953125
4 0.7138671875 0.88037109375 0.033203125 0.0126953125
4 0.71435546875 0.89697265625 0.0341796875 0.0126953125
4 0.66943359375 0.876953125 0.0400390625 0.015625
4 0.671875 0.896484375 0.037109375 0.015625
4 0.66748046875 0.91357421875 0.0419921875 0.0146484375
4 0.71337890625 0.9287109375 0.0361328125 0.013671875
4 0.66845703125 0.93017578125 0.0341796875 0.0146484375
4 0.7998046875 0.75439453125 0.033203125 0.0146484375
4 0.8046875 0.5947265625 0.033203125 0.013671875
4 0.84814453125 0.61083984375 0.0302734375 0.0126953125
4 0.8466796875 0.62841796875 0.03515625 0.0126953125
4 0.8046875 0.642578125 0.033203125 0.013671875
4 0.84423828125 0.69189453125 0.0341796875 0.0146484375
4 0.80029296875 0.73779296875 0.0322265625 0.0126953125
4 0.84326171875 0.755859375 0.0322265625 0.013671875
4 0.79931640625 0.77001953125 0.0341796875 0.0126953125
4 0.79931640625 0.78662109375 0.0361328125 0.0146484375
4 0.83935546875 0.81982421875 0.0361328125 0.0126953125
4 0.83740234375 0.85205078125 0.0322265625 0.0126953125
4 0.79541015625 0.85009765625 0.0380859375 0.0146484375
4 0.83642578125 0.88427734375 0.0322265625 0.0126953125
4 0.83447265625 0.900390625 0.0341796875 0.01171875
4 0.83642578125 0.91552734375 0.0361328125 0.0126953125
4 0.80615234375 0.56201171875 0.0341796875 0.0126953125
4 0.849609375 0.56494140625 0.03515625 0.0126953125
4 0.85107421875 0.5458984375 0.0322265625 0.01171875
4 0.8046875 0.5458984375 0.0390625 0.01171875
4 0.8251953125 0.46142578125 0.07421875 0.0205078125
4 0.9306640625 0.38623046875 0.0390625 0.0478515625
4 0.85205078125 0.4833984375 0.0361328125 0.013671875
4 0.85205078125 0.49951171875 0.0341796875 0.0126953125
4 0.80517578125 0.48046875 0.0302734375 0.01171875
4 0.8076171875 0.49755859375 0.033203125 0.0126953125
4 0.80859375 0.513671875 0.03515625 0.013671875
4 0.80810546875 0.53076171875 0.0341796875 0.0126953125
4 0.67578125 0.75830078125 0.037109375 0.0126953125
4 0.7216796875 0.75244140625 0.033203125 0.0126953125
4 0.58642578125 0.71923828125 0.0380859375 0.0146484375
4 0.5322265625 0.88916015625 0.03515625 0.0146484375
4 0.529296875 0.90673828125 0.041015625 0.0166015625
4 0.576171875 0.92724609375 0.037109375 0.0166015625
4 0.5751953125 0.94384765625 0.0390625 0.0146484375
4 0.57568359375 0.9609375 0.0419921875 0.017578125
4 0.57470703125 0.97802734375 0.0380859375 0.0146484375
4 0.5751953125 0.994140625 0.037109375 0.01171875
4 0.57666015625 0.90966796875 0.0380859375 0.0146484375
4 0.53076171875 0.87255859375 0.0341796875 0.0146484375
4 0.576171875 0.8916015625 0.037109375 0.015625
4 0.67724609375 0.72412109375 0.0361328125 0.0146484375
4 0.53515625 0.78466796875 0.0390625 0.0146484375
4 0.5390625 0.71728515625 0.03515625 0.0146484375
4 0.53564453125 0.73486328125 0.0380859375 0.0146484375
4 0.583984375 0.73681640625 0.037109375 0.0146484375
4 0.58203125 0.75390625 0.037109375 0.015625
4 0.53564453125 0.75146484375 0.0400390625 0.0146484375
4 0.58203125 0.771484375 0.03515625 0.015625
4 0.53564453125 0.76904296875 0.0341796875 0.0146484375
4 0.58203125 0.7890625 0.037109375 0.015625
4 0.53076171875 0.85498046875 0.0380859375 0.0146484375
4 0.5830078125 0.80615234375 0.041015625 0.0146484375
4 0.53271484375 0.80322265625 0.0361328125 0.0146484375
4 0.58056640625 0.82275390625 0.0380859375 0.0146484375
4 0.5810546875 0.8388671875 0.037109375 0.013671875
4 0.53076171875 0.837890625 0.0439453125 0.015625
4 0.5791015625 0.857421875 0.037109375 0.015625
4 0.5791015625 0.8740234375 0.037109375 0.013671875
4 0.6806640625 0.60205078125 0.0390625 0.0146484375
4 0.68701171875 0.513671875 0.0361328125 0.013671875
4 0.685546875 0.53173828125 0.037109375 0.0146484375
4 0.72802734375 0.55908203125 0.0341796875 0.0146484375
4 0.68505859375 0.5498046875 0.0380859375 0.013671875
4 0.681640625 0.56689453125 0.033203125 0.0166015625
4 0.728515625 0.57568359375 0.037109375 0.0126953125
4 0.68310546875 0.5849609375 0.0380859375 0.015625
4 0.7255859375 0.62255859375 0.03515625 0.0126953125
4 0.72509765625 0.60791015625 0.0380859375 0.0146484375
4 0.6806640625 0.62109375 0.041015625 0.015625
4 0.68115234375 0.63623046875 0.0380859375 0.0146484375
4 0.6787109375 0.67138671875 0.03515625 0.0146484375
4 0.6787109375 0.68701171875 0.037109375 0.0146484375
4 0.72021484375 0.71875 0.0322265625 0.013671875
4 0.677734375 0.70654296875 0.041015625 0.0166015625
4 0.68408203125 0.49609375 0.0400390625 0.013671875
4 0.7275390625 0.51123046875 0.029296875 0.0107421875
4 0.68798828125 0.47705078125 0.0361328125 0.0126953125
4 0.72998046875 0.49658203125 0.0322265625 0.0107421875
4 0.52685546875 0.99267578125 0.0361328125 0.0146484375
4 0.52685546875 0.97509765625 0.0361328125 0.0146484375
4 0.52783203125 0.95703125 0.0361328125 0.013671875
4 0.52880859375 0.94091796875 0.0419921875 0.0166015625
4 0.53125 0.923828125 0.0390625 0.017578125
4 0.7119140625 0.4580078125 0.068359375 0.021484375
4 0.7294921875 0.478515625 0.037109375 0.013671875
