4 0.8486328125 0.9951171875 0.017578125 0.009765625
4 0.9287109375 0.9951171875 0.017578125 0.009765625
4 0.1171875 0.607421875 0.01953125 0.046875
4 0.34130859375 0.416015625 0.0263671875 0.041015625
4 0.36767578125 0.40673828125 0.0283203125 0.0458984375
4 0.39599609375 0.3994140625 0.0361328125 0.060546875
4 0.42431640625 0.38916015625 0.0263671875 0.0400390625
4 0.45068359375 0.37548828125 0.0283203125 0.0498046875
4 0.2060546875 0.591796875 0.021484375 0.07421875
4 0.2333984375 0.59130859375 0.01953125 0.0458984375
4 0.1220703125 0.67578125 0.021484375 0.052734375
4 0.1767578125 0.59765625 0.025390625 0.060546875
4 0.0517578125 0.62109375 0.0234375 0.056640625
4 0.2626953125 0.44677734375 0.033203125 0.0498046875
4 0.0146484375 0.64306640625 0.01953125 0.0576171875
4 0.05712890625 0.79345703125 0.0244140625 0.0634765625
4 0.109375 0.81201171875 0.02734375 0.0712890625
4 0.02587890625 0.796875 0.0166015625 0.04296875
4 0.22314453125 0.8046875 0.0185546875 0.041015625
4 0.37451171875 0.5283203125 0.0341796875 0.068359375
4 0.408203125 0.5146484375 0.03515625 0.068359375
4 0.4375 0.5849609375 0.017578125 0.05078125
4 0.47021484375 0.58740234375 0.0205078125 0.0693359375
4 0.31689453125 0.42431640625 0.0244140625 0.0380859375
4 0.17626953125 0.4716796875 0.0341796875 0.05859375
4 0.40869140625 0.73291015625 0.0556640625 0.0380859375
5 0.9638671875 0.97021484375 0.072265625 0.0595703125
4 0.111328125 0.4921875 0.0234375 0.04296875
4 0.06298828125 0.50634765625 0.0361328125 0.0576171875
4 0.08984375 0.4931640625 0.03125 0.056640625
4 0.24853515625 0.63916015625 0.0166015625 0.0302734375
4 0.49169921875 0.70703125 0.0478515625 0.06640625
4 0.81201171875 0.9921875 0.0341796875 0.015625
4 0.525390625 0.6953125 0.041015625 0.0703125
4 0.5595703125 0.6962890625 0.037109375 0.052734375
4 0.5498046875 0.763671875 0.03515625 0.046875
4 0.6015625 0.740234375 0.037109375 0.048828125
4 0.6455078125 0.70947265625 0.033203125 0.0458984375
4 0.60888671875 0.66357421875 0.0400390625 0.0537109375
4 0.400390625 0.91943359375 0.064453125 0.0341796875
4 0.431640625 0.97119140625 0.056640625 0.0419921875
4 0.44921875 0.9931640625 0.03125 0.013671875
4 0.68017578125 0.4873046875 0.0361328125 0.044921875
4 0.6337890625 0.41748046875 0.052734375 0.0771484375
4 0.57861328125 0.451171875 0.0478515625 0.076171875
4 0.5361328125 0.44873046875 0.033203125 0.0537109375
4 0.5078125 0.4736328125 0.041015625 0.072265625
4 0.52685546875 0.357421875 0.0244140625 0.03515625
4 0.5517578125 0.3427734375 0.029296875 0.04296875
4 0.5810546875 0.341796875 0.021484375 0.03515625
4 0.60302734375 0.32861328125 0.0283203125 0.0458984375
4 0.98974609375 0.98095703125 0.0205078125 0.0380859375
4 0.98046875 0.94873046875 0.021484375 0.0185546875
4 0.9462890625 0.96484375 0.033203125 0.025390625
4 0.953125 0.99267578125 0.017578125 0.0146484375
4 0.974609375 0.98583984375 0.0234375 0.0283203125
