5 0.57470703125 0.09130859375 0.8505859375 0.1162109375
4 0.5908203125 0.08203125 0.0234375 0.06640625
4 0.94140625 0.8642578125 0.041015625 0.015625
4 0.9375 0.88525390625 0.056640625 0.0224609375
4 0.9326171875 0.93359375 0.04296875 0.01953125
4 0.9326171875 0.9541015625 0.046875 0.017578125
4 0.994140625 0.9931640625 0.01171875 0.013671875
4 0.8349609375 0.98876953125 0.033203125 0.0107421875
4 0.8359375 0.96875 0.03515625 0.013671875
4 0.83837890625 0.92138671875 0.0517578125 0.0244140625
4 0.83642578125 0.89892578125 0.0458984375 0.0185546875
4 0.8408203125 0.8525390625 0.046875 0.0234375
4 0.83447265625 0.82958984375 0.0380859375 0.0146484375
4 0.47705078125 0.08984375 0.0126953125 0.03125
4 0.93017578125 0.1123046875 0.0166015625 0.04296875
4 0.97607421875 0.11767578125 0.0107421875 0.0283203125
