5 0.6484375 0.85595703125 0.08203125 0.1044921875
4 0.59765625 0.93701171875 0.033203125 0.0498046875
4 0.310546875 0.5888671875 0.021484375 0.029296875
4 0.326171875 0.58154296875 0.0234375 0.0322265625
4 0.3388671875 0.57861328125 0.021484375 0.0263671875
4 0.2021484375 0.19873046875 0.025390625 0.0322265625
4 0.22265625 0.1845703125 0.029296875 0.0390625
4 0.345703125 0.20361328125 0.04296875 0.0576171875
4 0.3642578125 0.19189453125 0.03125 0.0419921875
4 0.3154296875 0.46923828125 0.021484375 0.0283203125
4 0.34912109375 0.53076171875 0.0205078125 0.0263671875
4 0.37451171875 0.51708984375 0.0244140625 0.0322265625
4 0.400390625 0.50341796875 0.0234375 0.0322265625
5 0.34423828125 0.5537109375 0.1767578125 0.13671875
4 0.4052734375 0.54345703125 0.0234375 0.0341796875
4 0.41796875 0.5390625 0.0234375 0.03125
4 0.30029296875 0.59814453125 0.0263671875 0.0341796875
4 0.28271484375 0.60791015625 0.0205078125 0.0263671875
4 0.3369140625 0.5390625 0.01953125 0.029296875
4 0.13671875 0.029296875 0.033203125 0.046875
4 0.009765625 0.04736328125 0.017578125 0.0322265625
4 0.02587890625 0.08349609375 0.0283203125 0.0361328125
4 0.0390625 0.07080078125 0.0234375 0.0302734375
4 0.078125 0.05517578125 0.025390625 0.0322265625
4 0.09814453125 0.03955078125 0.0224609375 0.0302734375
5 0.47509765625 0.8173828125 0.1494140625 0.10546875
5 0.74365234375 0.75537109375 0.1845703125 0.1142578125
5 0.150390625 0.19482421875 0.185546875 0.1533203125
5 0.7041015625 0.6103515625 0.283203125 0.216796875
5 0.43701171875 0.72314453125 0.1630859375 0.1123046875
5 0.39404296875 0.64306640625 0.1708984375 0.1318359375
5 0.58154296875 0.38916015625 0.2822265625 0.2060546875
5 0.2939453125 0.45703125 0.171875 0.12890625
5 0.46484375 0.17236328125 0.279296875 0.2041015625
5 0.23046875 0.3388671875 0.16796875 0.12109375
4 0.11474609375 0.037109375 0.0263671875 0.03515625
4 0.15087890625 0.017578125 0.0244140625 0.03125
4 0.28466796875 0.5634765625 0.0244140625 0.03125
4 0.2509765625 0.31982421875 0.025390625 0.0302734375
4 0.2666015625 0.31396484375 0.025390625 0.0322265625
4 0.27978515625 0.29296875 0.0419921875 0.0546875
4 0.3017578125 0.29345703125 0.025390625 0.0322265625
4 0.21630859375 0.4814453125 0.0224609375 0.029296875
4 0.23486328125 0.47119140625 0.0244140625 0.0322265625
4 0.24658203125 0.4658203125 0.0205078125 0.029296875
4 0.26025390625 0.4580078125 0.0244140625 0.03125
4 0.271484375 0.451171875 0.0234375 0.03125
4 0.28564453125 0.4443359375 0.0244140625 0.03125
4 0.29541015625 0.43310546875 0.0244140625 0.0341796875
4 0.31103515625 0.4296875 0.0244140625 0.03125
4 0.337890625 0.416015625 0.0234375 0.03125
4 0.36474609375 0.43896484375 0.0224609375 0.0302734375
4 0.32763671875 0.45947265625 0.0205078125 0.0263671875
4 0.2763671875 0.486328125 0.021484375 0.02734375
4 0.2646484375 0.572265625 0.0234375 0.029296875
4 0.22998046875 0.33056640625 0.0283203125 0.0361328125
4 0.2119140625 0.33740234375 0.03515625 0.0458984375
4 0.193359375 0.35009765625 0.02734375 0.0361328125
4 0.17822265625 0.150390625 0.0322265625 0.044921875
4 0.0966796875 0.0078125 0.017578125 0.013671875
4 0.0712890625 0.2119140625 0.02734375 0.0390625
4 0.0908203125 0.20068359375 0.03125 0.0419921875
4 0.10546875 0.189453125 0.03125 0.041015625
4 0.1435546875 0.17431640625 0.02734375 0.0341796875
4 0.1640625 0.16015625 0.025390625 0.03125
4 0.20166015625 0.142578125 0.0224609375 0.029296875
4 0.20947265625 0.38232421875 0.0439453125 0.0322265625
4 0.2177734375 0.1396484375 0.0234375 0.03125
4 0.10009765625 0.26318359375 0.0419921875 0.0576171875
4 0.150390625 0.22265625 0.02734375 0.0390625
4 0.1640625 0.21240234375 0.029296875 0.0380859375
4 0.18603515625 0.203125 0.0263671875 0.037109375
4 0.1826171875 0.3662109375 0.021484375 0.02734375
4 0.15625 0.36865234375 0.029296875 0.0419921875
4 0.3154296875 0.666015625 0.0234375 0.029296875
4 0.4169921875 0.7607421875 0.052734375 0.041015625
4 0.484375 0.72265625 0.0546875 0.037109375
4 0.47265625 0.69775390625 0.0234375 0.0322265625
4 0.4970703125 0.685546875 0.0234375 0.029296875
4 0.4453125 0.7138671875 0.021484375 0.02734375
4 0.419921875 0.72509765625 0.0234375 0.0302734375
4 0.3623046875 0.75439453125 0.0234375 0.0322265625
4 0.46435546875 0.623046875 0.0224609375 0.02734375
4 0.4365234375 0.599609375 0.0234375 0.03125
4 0.421875 0.60693359375 0.021484375 0.0302734375
4 0.396484375 0.62060546875 0.0234375 0.0302734375
4 0.4013671875 0.65625 0.021484375 0.02734375
4 0.38720703125 0.66357421875 0.0185546875 0.0244140625
4 0.37451171875 0.67138671875 0.0224609375 0.0302734375
4 0.3583984375 0.640625 0.02734375 0.033203125
4 0.36083984375 0.6767578125 0.0224609375 0.03125
4 0.349609375 0.6845703125 0.0234375 0.029296875
4 0.40966796875 0.83935546875 0.0263671875 0.0361328125
4 0.42919921875 0.8359375 0.0263671875 0.03515625
4 0.44287109375 0.830078125 0.0224609375 0.029296875
4 0.791015625 0.515625 0.041015625 0.052734375
4 0.7255859375 0.55224609375 0.03125 0.0419921875
4 0.75390625 0.5419921875 0.033203125 0.044921875
4 0.76708984375 0.5302734375 0.0302734375 0.0390625
4 0.7509765625 0.60107421875 0.029296875 0.0400390625
4 0.77978515625 0.591796875 0.0380859375 0.048828125
4 0.7939453125 0.578125 0.029296875 0.0390625
4 0.822265625 0.56982421875 0.03125 0.0419921875
4 0.81640625 0.70458984375 0.02734375 0.0205078125
4 0.45654296875 0.82275390625 0.0224609375 0.0322265625
4 0.74951171875 0.73681640625 0.0869140625 0.0615234375
4 0.75048828125 0.71923828125 0.0302734375 0.0224609375
4 0.50341796875 0.83056640625 0.0361328125 0.0283203125
4 0.44921875 0.85888671875 0.052734375 0.0361328125
4 0.52099609375 0.787109375 0.0283203125 0.03515625
4 0.509765625 0.794921875 0.0234375 0.029296875
4 0.46826171875 0.81298828125 0.0283203125 0.0380859375
4 0.33349609375 0.70068359375 0.0244140625 0.0322265625
4 0.3447265625 0.64892578125 0.0234375 0.0302734375
4 0.73779296875 0.61767578125 0.0400390625 0.0576171875
4 0.3427734375 0.01953125 0.03515625 0.037109375
4 0.29052734375 0.033203125 0.0498046875 0.064453125
4 0.71240234375 0.56396484375 0.0322265625 0.0478515625
4 0.6435546875 0.60107421875 0.033203125 0.0439453125
4 0.623046875 0.60400390625 0.04296875 0.0556640625
4 0.5537109375 0.43701171875 0.02734375 0.0419921875
4 0.5830078125 0.42724609375 0.041015625 0.0556640625
4 0.55419921875 0.3740234375 0.0361328125 0.046875
4 0.57275390625 0.3671875 0.0361328125 0.046875
4 0.5966796875 0.353515625 0.03125 0.046875
4 0.60986328125 0.34130859375 0.0341796875 0.0458984375
4 0.63916015625 0.326171875 0.0283203125 0.037109375
4 0.63916015625 0.39208984375 0.0341796875 0.0478515625
4 0.66455078125 0.3759765625 0.0322265625 0.044921875
4 0.70751953125 0.35888671875 0.0341796875 0.0458984375
4 0.68017578125 0.306640625 0.0302734375 0.0390625
4 0.65576171875 0.32080078125 0.0341796875 0.0458984375
4 0.5791015625 0.62158203125 0.046875 0.0673828125
4 0.61328125 0.68310546875 0.04296875 0.0595703125
4 0.62646484375 0.669921875 0.0322265625 0.04296875
4 0.65185546875 0.65380859375 0.0341796875 0.0458984375
4 0.6728515625 0.6513671875 0.0390625 0.052734375
4 0.53759765625 0.4453125 0.0322265625 0.04296875
4 0.51171875 0.45654296875 0.03125 0.0439453125
4 0.4990234375 0.47119140625 0.04296875 0.0556640625
4 0.50048828125 0.1787109375 0.0322265625 0.04296875
4 0.47509765625 0.1328125 0.0361328125 0.048828125
4 0.54541015625 0.1630859375 0.0439453125 0.056640625
4 0.55517578125 0.08447265625 0.0400390625 0.0556640625
4 0.533203125 0.0986328125 0.0390625 0.052734375
4 0.51904296875 0.111328125 0.0341796875 0.046875
4 0.43896484375 0.22119140625 0.0478515625 0.0576171875
4 0.525390625 0.3857421875 0.03515625 0.05078125
4 0.416015625 0.22314453125 0.03515625 0.0478515625
4 0.39111328125 0.240234375 0.0302734375 0.044921875
4 0.390625 0.17724609375 0.033203125 0.0478515625
4 0.40625 0.16650390625 0.041015625 0.0576171875
4 0.4716796875 0.41943359375 0.037109375 0.0498046875
4 0.48388671875 0.3994140625 0.0576171875 0.072265625
4 0.50927734375 0.39501953125 0.0419921875 0.0537109375
