4 0.9580078125 0.2880859375 0.021484375 0.04296875
4 0.85205078125 0.29052734375 0.0205078125 0.0322265625
4 0.89892578125 0.37646484375 0.0302734375 0.0654296875
4 0.923828125 0.375 0.02734375 0.0546875
4 0.90576171875 0.53857421875 0.0322265625 0.0712890625
4 0.94873046875 0.53173828125 0.0341796875 0.0732421875
4 0.9833984375 0.52783203125 0.033203125 0.0771484375
4 0.9228515625 0.65087890625 0.044921875 0.1201171875
4 0.96142578125 0.64599609375 0.0419921875 0.0927734375
4 0.98828125 0.63623046875 0.0234375 0.0927734375
4 0.96240234375 0.97265625 0.0361328125 0.0546875
4 0.951171875 0.8740234375 0.0390625 0.08984375
4 0.982421875 0.8701171875 0.03515625 0.103515625
0 0.6162109375 0.75732421875 0.025390625 0.0439453125
5 0.95703125 0.5908203125 0.0859375 0.216796875
5 0.978515625 0.908203125 0.04296875 0.18359375
0 0.59521484375 0.20263671875 0.0400390625 0.0224609375
0 0.611328125 0.263671875 0.033203125 0.01953125
0 0.41845703125 0.1787109375 0.0205078125 0.033203125
0 0.60009765625 0.2255859375 0.0283203125 0.017578125
0 0.6513671875 0.25732421875 0.033203125 0.0185546875
0 0.65576171875 0.68896484375 0.0400390625 0.0205078125
0 0.6171875 0.30029296875 0.037109375 0.0205078125
0 0.4521484375 0.3759765625 0.0234375 0.046875
0 0.6650390625 0.328125 0.044921875 0.0234375
0 0.662109375 0.3720703125 0.044921875 0.025390625
0 0.6318359375 0.4345703125 0.044921875 0.021484375
0 0.6708984375 0.43017578125 0.03515625 0.0205078125
0 0.63330078125 0.47314453125 0.0439453125 0.0244140625
0 0.6396484375 0.494140625 0.03515625 0.021484375
0 0.67578125 0.5263671875 0.041015625 0.0234375
0 0.677734375 0.54638671875 0.0390625 0.0224609375
0 0.64111328125 0.55078125 0.0361328125 0.021484375
0 0.64453125 0.57080078125 0.03515625 0.0205078125
0 0.6494140625 0.5908203125 0.0390625 0.021484375
0 0.6865234375 0.58544921875 0.029296875 0.0224609375
0 0.68896484375 0.60302734375 0.0361328125 0.0185546875
0 0.69091796875 0.62109375 0.0380859375 0.01953125
0 0.65283203125 0.6259765625 0.0380859375 0.021484375
0 0.650390625 0.609375 0.03515625 0.021484375
0 0.55224609375 0.6474609375 0.0419921875 0.01953125
0 0.544921875 0.55517578125 0.037109375 0.0224609375
0 0.6552734375 0.6669921875 0.0390625 0.021484375
