4 0.03466796875 0.53369140625 0.0263671875 0.0126953125
4 0.00927734375 0.09912109375 0.0166015625 0.0244140625
4 0.0087890625 0.12548828125 0.015625 0.0205078125
4 0.0146484375 0.1474609375 0.02734375 0.029296875
4 0.01318359375 0.17333984375 0.0244140625 0.0224609375
4 0.04638671875 0.205078125 0.0458984375 0.037109375
4 0.00927734375 0.1953125 0.0166015625 0.017578125
4 0.0400390625 0.24072265625 0.0390625 0.0322265625
4 0.14697265625 0.216796875 0.0634765625 0.01953125
4 0.15087890625 0.19677734375 0.0361328125 0.0146484375
4 0.1416015625 0.3359375 0.0390625 0.03515625
4 0.1552734375 0.2900390625 0.041015625 0.013671875
4 0.1044921875 0.33154296875 0.025390625 0.0380859375
4 0.0791015625 0.33447265625 0.033203125 0.0400390625
4 0.05859375 0.337890625 0.0234375 0.029296875
4 0.03466796875 0.3291015625 0.0263671875 0.03515625
4 0.0087890625 0.33642578125 0.015625 0.0322265625
4 0.0107421875 0.26123046875 0.01953125 0.0205078125
4 0.0078125 0.2412109375 0.013671875 0.015625
4 0.150390625 0.17529296875 0.046875 0.0146484375
4 0.1552734375 0.15283203125 0.037109375 0.0146484375
4 0.15478515625 0.1298828125 0.0458984375 0.013671875
4 0.1162109375 0.060546875 0.01953125 0.033203125
4 0.03076171875 0.05810546875 0.0224609375 0.0263671875
4 0.06201171875 0.046875 0.0244140625 0.025390625
4 0.1552734375 0.3125 0.037109375 0.015625
11 0.76318359375 0.0380859375 0.0751953125 0.07421875
