4 0.83154296875 0.0703125 0.0400390625 0.064453125
4 0.873046875 0.091796875 0.033203125 0.052734375
4 0.09326171875 0.13720703125 0.1376953125 0.0771484375
4 0.19482421875 0.1416015625 0.0283203125 0.046875
4 0.22607421875 0.14453125 0.0458984375 0.08203125
4 0.248046875 0.16748046875 0.02734375 0.0478515625
4 0.279296875 0.1689453125 0.04296875 0.072265625
4 0.30322265625 0.18310546875 0.0400390625 0.0654296875
4 0.333984375 0.185546875 0.04296875 0.072265625
4 0.3544921875 0.20751953125 0.03515625 0.0615234375
4 0.38330078125 0.21484375 0.0380859375 0.06640625
4 0.41259765625 0.21826171875 0.0400390625 0.0693359375
4 0.44384765625 0.22314453125 0.0419921875 0.0673828125
4 0.46923828125 0.2373046875 0.0458984375 0.080078125
4 0.49365234375 0.2509765625 0.0400390625 0.064453125
5 0.6748046875 0.05078125 0.2890625 0.099609375
5 0.908203125 0.10986328125 0.18359375 0.1279296875
4 0.857421875 0.560546875 0.28515625 0.193359375
5 0.4453125 0.23681640625 0.572265625 0.2548828125
5 0.85888671875 0.37646484375 0.2822265625 0.1708984375
4 0.54931640625 0.26220703125 0.0439453125 0.0732421875
4 0.572265625 0.27294921875 0.041015625 0.0771484375
4 0.60595703125 0.27734375 0.0458984375 0.078125
4 0.94677734375 0.16845703125 0.0673828125 0.0439453125
4 0.98681640625 0.1337890625 0.0263671875 0.052734375
4 0.962890625 0.123046875 0.033203125 0.056640625
4 0.9169921875 0.10791015625 0.033203125 0.0537109375
4 0.86669921875 0.1357421875 0.0576171875 0.03515625
4 0.65966796875 0.2880859375 0.0458984375 0.076171875
4 0.78955078125 0.34375 0.0400390625 0.068359375
4 0.818359375 0.36083984375 0.0390625 0.0576171875
4 0.845703125 0.36279296875 0.041015625 0.0712890625
4 0.87548828125 0.3701171875 0.0400390625 0.07421875
4 0.90087890625 0.37548828125 0.0419921875 0.0732421875
4 0.95458984375 0.3916015625 0.0361328125 0.0625
4 0.61962890625 0.01611328125 0.0263671875 0.0302734375
4 0.5732421875 0.03173828125 0.072265625 0.0439453125
4 0.6728515625 0.06787109375 0.064453125 0.0380859375
4 0.73974609375 0.08935546875 0.0634765625 0.0400390625
4 0.77783203125 0.056640625 0.0302734375 0.052734375
4 0.759765625 0.05029296875 0.029296875 0.0498046875
4 0.73583984375 0.0400390625 0.0322265625 0.0546875
4 0.71337890625 0.03369140625 0.0322265625 0.0498046875
4 0.6865234375 0.025390625 0.02734375 0.048828125
4 0.66650390625 0.0224609375 0.0322265625 0.04296875
4 0.9375 0.0048828125 0.01953125 0.0078125
4 0.99365234375 0.0166015625 0.0126953125 0.03125
