4 0.9453125 0.591796875 0.021484375 0.029296875
4 0.9609375 0.58447265625 0.0234375 0.0322265625
4 0.9736328125 0.58154296875 0.021484375 0.0263671875
4 0.8369140625 0.20166015625 0.025390625 0.0322265625
4 0.857421875 0.1875 0.029296875 0.0390625
4 0.9794921875 0.20654296875 0.041015625 0.0576171875
4 0.99169921875 0.19287109375 0.0166015625 0.0380859375
4 0.9501953125 0.47216796875 0.021484375 0.0283203125
4 0.98388671875 0.53369140625 0.0205078125 0.0263671875
5 0.9453125 0.56689453125 0.109375 0.1162109375
4 0.93505859375 0.60107421875 0.0263671875 0.0341796875
4 0.91748046875 0.61083984375 0.0205078125 0.0263671875
4 0.9716796875 0.5419921875 0.01953125 0.029296875
4 0.771484375 0.0322265625 0.033203125 0.046875
4 0.61572265625 0.05078125 0.0361328125 0.048828125
4 0.640625 0.0498046875 0.025390625 0.033203125
4 0.66064453125 0.08642578125 0.0283203125 0.0361328125
4 0.673828125 0.07373046875 0.0234375 0.0302734375
4 0.712890625 0.05810546875 0.025390625 0.0322265625
4 0.73291015625 0.04248046875 0.0224609375 0.0302734375
5 0.69384765625 0.0576171875 0.1748046875 0.11328125
5 0.92822265625 0.03759765625 0.1435546875 0.0732421875
5 0.78515625 0.19775390625 0.185546875 0.1533203125
5 0.9716796875 0.6689453125 0.056640625 0.0859375
5 0.92138671875 0.46533203125 0.1572265625 0.1181640625
5 0.865234375 0.341796875 0.16796875 0.12109375
4 0.74951171875 0.0400390625 0.0263671875 0.03515625
4 0.78564453125 0.0205078125 0.0244140625 0.03125
4 0.91943359375 0.56640625 0.0244140625 0.03125
4 0.8857421875 0.32275390625 0.025390625 0.0302734375
4 0.9013671875 0.31689453125 0.025390625 0.0322265625
4 0.91455078125 0.2958984375 0.0419921875 0.0546875
4 0.9365234375 0.29638671875 0.025390625 0.0322265625
4 0.85107421875 0.484375 0.0224609375 0.029296875
4 0.86962890625 0.47412109375 0.0244140625 0.0322265625
4 0.88134765625 0.46875 0.0205078125 0.029296875
4 0.89501953125 0.4609375 0.0244140625 0.03125
4 0.90625 0.4541015625 0.0234375 0.03125
4 0.92041015625 0.447265625 0.0244140625 0.03125
4 0.93017578125 0.43603515625 0.0244140625 0.0341796875
4 0.94580078125 0.4326171875 0.0244140625 0.03125
4 0.97265625 0.4189453125 0.0234375 0.03125
4 0.994140625 0.43994140625 0.01171875 0.0263671875
4 0.96240234375 0.46240234375 0.0205078125 0.0263671875
4 0.9111328125 0.4892578125 0.021484375 0.02734375
4 0.8994140625 0.5751953125 0.0234375 0.029296875
4 0.86474609375 0.33349609375 0.0283203125 0.0361328125
4 0.8466796875 0.34033203125 0.03515625 0.0458984375
4 0.828125 0.35302734375 0.02734375 0.0361328125
4 0.81298828125 0.1533203125 0.0322265625 0.044921875
4 0.7548828125 0.00390625 0.013671875 0.005859375
4 0.73046875 0.00927734375 0.01953125 0.0166015625
4 0.7060546875 0.21484375 0.02734375 0.0390625
4 0.7255859375 0.20361328125 0.03125 0.0419921875
4 0.740234375 0.1923828125 0.03125 0.041015625
4 0.7783203125 0.17724609375 0.02734375 0.0341796875
4 0.798828125 0.1630859375 0.025390625 0.03125
4 0.83642578125 0.1455078125 0.0224609375 0.029296875
4 0.84423828125 0.38525390625 0.0439453125 0.0322265625
4 0.8525390625 0.142578125 0.0234375 0.03125
4 0.73486328125 0.26611328125 0.0419921875 0.0576171875
4 0.78515625 0.2255859375 0.02734375 0.0390625
4 0.798828125 0.21533203125 0.029296875 0.0380859375
4 0.82080078125 0.2060546875 0.0263671875 0.037109375
4 0.8173828125 0.369140625 0.021484375 0.02734375
4 0.791015625 0.37158203125 0.029296875 0.0419921875
4 0.9501953125 0.6689453125 0.0234375 0.029296875
4 0.99267578125 0.75732421875 0.0146484375 0.0322265625
4 0.98974609375 0.642578125 0.0205078125 0.03125
4 0.9921875 0.67919921875 0.015625 0.0302734375
4 0.984375 0.6875 0.0234375 0.029296875
4 0.96826171875 0.70361328125 0.0244140625 0.0322265625
4 0.9794921875 0.65185546875 0.0234375 0.0302734375
4 0.9765625 0.02099609375 0.037109375 0.0400390625
4 0.92431640625 0.03466796875 0.0517578125 0.0673828125
