5 0.00537109375 0.17578125 0.0087890625 0.033203125
5 0.0068359375 0.1240234375 0.01171875 0.029296875
4 0.0693359375 0.9111328125 0.046875 0.0390625
4 0.07275390625 0.93505859375 0.0380859375 0.0302734375
4 0.07666015625 0.95654296875 0.0537109375 0.0380859375
4 0.07470703125 0.9814453125 0.0517578125 0.029296875
4 0.22607421875 0.9970703125 0.0361328125 0.005859375
4 0.2255859375 0.97998046875 0.046875 0.0146484375
4 0.23046875 0.95751953125 0.037109375 0.0146484375
4 0.22998046875 0.9345703125 0.0458984375 0.013671875
4 0.19140625 0.865234375 0.01953125 0.033203125
4 0.10595703125 0.86279296875 0.0224609375 0.0263671875
4 0.13720703125 0.8515625 0.0244140625 0.025390625
4 0.24951171875 0.787109375 0.0244140625 0.033203125
4 0.21484375 0.78564453125 0.03125 0.0439453125
4 0.00830078125 0.77001953125 0.0146484375 0.0244140625
4 0.06201171875 0.7783203125 0.0244140625 0.029296875
4 0.8955078125 0.5712890625 0.0703125 0.044921875
4 0.96923828125 0.6005859375 0.0498046875 0.02734375
4 0.50146484375 0.00146484375 0.0107421875 0.0009765625
11 0.83837890625 0.83935546875 0.0751953125 0.0810546875
4 0.5107421875 0.00439453125 0.009765625 0.0068359375
4 0.71875 0.38818359375 0.052734375 0.0322265625
4 0.72021484375 0.5224609375 0.0478515625 0.033203125
4 0.72314453125 0.48974609375 0.0478515625 0.0302734375
4 0.7783203125 0.48974609375 0.048828125 0.0244140625
4 0.779296875 0.45703125 0.048828125 0.02734375
4 0.720703125 0.4560546875 0.037109375 0.025390625
4 0.7802734375 0.4248046875 0.044921875 0.0234375
4 0.7802734375 0.39013671875 0.0390625 0.0224609375
4 0.904296875 0.3134765625 0.04296875 0.017578125
4 0.90966796875 0.3671875 0.0654296875 0.0234375
4 0.89990234375 0.47119140625 0.0634765625 0.0400390625
4 0.9111328125 0.4501953125 0.029296875 0.021484375
4 0.91259765625 0.43798828125 0.0283203125 0.0205078125
4 0.96630859375 0.46630859375 0.0419921875 0.0302734375
4 0.96142578125 0.5 0.0634765625 0.041015625
4 0.90380859375 0.541015625 0.0400390625 0.03125
4 0.7119140625 0.5537109375 0.041015625 0.025390625
4 0.77197265625 0.59130859375 0.0595703125 0.0283203125
4 0.7734375 0.55810546875 0.0546875 0.0283203125
4 0.673828125 0.6513671875 0.02734375 0.068359375
4 0.51220703125 0.64990234375 0.0478515625 0.0185546875
4 0.52734375 0.67236328125 0.0390625 0.0146484375
4 0.59326171875 0.669921875 0.0166015625 0.041015625
4 0.640625 0.65283203125 0.02734375 0.0693359375
