4 0.5947265625 0.4501953125 0.048828125 0.06640625
4 0.6181640625 0.4345703125 0.046875 0.064453125
4 0.642578125 0.42724609375 0.048828125 0.0693359375
4 0.6689453125 0.412109375 0.037109375 0.048828125
4 0.7138671875 0.38330078125 0.041015625 0.0537109375
4 0.6826171875 0.31982421875 0.037109375 0.0517578125
4 0.73486328125 0.36962890625 0.0478515625 0.0732421875
4 0.71533203125 0.55517578125 0.0615234375 0.0458984375
4 0.77392578125 0.5244140625 0.0517578125 0.037109375
4 0.74853515625 0.56689453125 0.0400390625 0.0302734375
4 0.71240234375 0.5830078125 0.0361328125 0.02734375
4 0.6787109375 0.6015625 0.029296875 0.021484375
4 0.6484375 0.61865234375 0.033203125 0.0224609375
4 0.66259765625 0.5888671875 0.0302734375 0.021484375
4 0.626953125 0.60693359375 0.029296875 0.0224609375
4 0.6181640625 0.63330078125 0.025390625 0.0205078125
4 0.595703125 0.65283203125 0.01953125 0.0283203125
4 0.55908203125 0.662109375 0.0263671875 0.021484375
4 0.5205078125 0.6826171875 0.029296875 0.0234375
4 0.53466796875 0.69580078125 0.0224609375 0.0185546875
4 0.4814453125 0.70361328125 0.025390625 0.0205078125
4 0.51806640625 0.482421875 0.0400390625 0.05859375
4 0.54345703125 0.4736328125 0.0419921875 0.064453125
4 0.50830078125 0.40771484375 0.0400390625 0.0576171875
4 0.45947265625 0.265625 0.0380859375 0.0546875
4 0.5185546875 0.15966796875 0.02734375 0.0341796875
4 0.5029296875 0.169921875 0.029296875 0.04296875
4 0.48779296875 0.177734375 0.0263671875 0.037109375
4 0.47216796875 0.18701171875 0.0283203125 0.0380859375
4 0.4560546875 0.1962890625 0.029296875 0.041015625
4 0.58984375 0.189453125 0.029296875 0.0390625
4 0.51416015625 0.2275390625 0.0361328125 0.052734375
4 0.4951171875 0.240234375 0.033203125 0.048828125
4 0.47802734375 0.2490234375 0.0341796875 0.048828125
4 0.44189453125 0.20263671875 0.0302734375 0.0439453125
4 0.52880859375 0.400390625 0.0419921875 0.05859375
4 0.40869140625 0.21728515625 0.0283203125 0.0400390625
4 0.609375 0.1806640625 0.037109375 0.048828125
4 0.6298828125 0.169921875 0.037109375 0.052734375
4 0.6259765625 0.3466796875 0.04296875 0.0625
4 0.64306640625 0.33837890625 0.0380859375 0.0576171875
4 0.66357421875 0.32861328125 0.0439453125 0.0615234375
4 0.58837890625 0.37158203125 0.0361328125 0.0517578125
4 0.56640625 0.3798828125 0.041015625 0.056640625
4 0.5478515625 0.388671875 0.03515625 0.052734375
4 0.49462890625 0.71728515625 0.0224609375 0.0185546875
4 0.4638671875 0.734375 0.02734375 0.021484375
4 0.43017578125 0.75244140625 0.0283203125 0.0224609375
4 0.90087890625 0.029296875 0.0341796875 0.048828125
4 0.88037109375 0.0380859375 0.0380859375 0.052734375
4 0.84912109375 0.0048828125 0.0166015625 0.0078125
4 0.86279296875 0.046875 0.0361328125 0.05078125
4 0.82861328125 0.06640625 0.0400390625 0.056640625
4 0.83056640625 0.01318359375 0.0263671875 0.0244140625
4 0.81396484375 0.01416015625 0.0263671875 0.0263671875
4 0.7919921875 0.08544921875 0.03515625 0.0478515625
4 0.771484375 0.09326171875 0.03515625 0.0478515625
4 0.78857421875 0.544921875 0.0419921875 0.03125
4 0.82861328125 0.5244140625 0.0419921875 0.03125
4 0.86669921875 0.50244140625 0.0400390625 0.0283203125
4 0.82177734375 0.50439453125 0.0283203125 0.0224609375
4 0.8623046875 0.47998046875 0.046875 0.0341796875
4 0.94091796875 0.4638671875 0.0439453125 0.03125
4 0.98095703125 0.44189453125 0.0361328125 0.0205078125
4 0.9951171875 0.40380859375 0.009765625 0.0244140625
4 0.53662109375 0.1533203125 0.0283203125 0.0390625
4 0.548828125 0.14306640625 0.03125 0.0400390625
4 0.5810546875 0.13037109375 0.033203125 0.0439453125
5 0.515625 0.1982421875 0.2421875 0.197265625
5 0.7998046875 0.078125 0.267578125 0.154296875
5 0.615234375 0.392578125 0.251953125 0.21484375
5 0.88232421875 0.24658203125 0.2353515625 0.2236328125
5 0.1640625 0.2080078125 0.2109375 0.1953125
5 0.712890625 0.57568359375 0.57421875 0.3310546875
4 0.6015625 0.12109375 0.03125 0.04296875
4 0.4052734375 0.0556640625 0.025390625 0.01953125
4 0.35888671875 0.12060546875 0.0322265625 0.0439453125
4 0.373046875 0.11279296875 0.03125 0.0458984375
4 0.39013671875 0.10302734375 0.0302734375 0.0419921875
4 0.40283203125 0.09619140625 0.0302734375 0.0419921875
4 0.3681640625 0.06689453125 0.076171875 0.0537109375
4 0.43505859375 0.080078125 0.0302734375 0.04296875
4 0.62744140625 0.02587890625 0.0341796875 0.0517578125
4 0.4521484375 0.0712890625 0.029296875 0.041015625
4 0.4384765625 0.0341796875 0.048828125 0.03515625
4 0.486328125 0.05419921875 0.03125 0.0458984375
4 0.49951171875 0.04345703125 0.0283203125 0.0380859375
4 0.5166015625 0.03759765625 0.02734375 0.0380859375
4 0.53369140625 0.03173828125 0.0244140625 0.0341796875
4 0.548828125 0.0205078125 0.03125 0.0390625
4 0.48388671875 0.01318359375 0.0322265625 0.0224609375
4 0.06787109375 0.013671875 0.0595703125 0.025390625
4 0.2978515625 0.130859375 0.0546875 0.072265625
4 0.7548828125 0.10595703125 0.03515625 0.0498046875
4 0.796875 0.0205078125 0.03125 0.0390625
4 0.7646484375 0.0341796875 0.03125 0.04296875
4 0.748046875 0.03759765625 0.029296875 0.0400390625
4 0.9501953125 0.173828125 0.041015625 0.05859375
4 0.97216796875 0.16650390625 0.0400390625 0.0576171875
4 0.984375 0.15625 0.03125 0.0546875
4 0.29248046875 0.47412109375 0.0849609375 0.1259765625
4 0.9873046875 0.2275390625 0.025390625 0.056640625
4 0.91650390625 0.19677734375 0.0380859375 0.0517578125
4 0.9755859375 0.24365234375 0.046875 0.0654296875
4 0.78173828125 0.26025390625 0.0458984375 0.0634765625
4 0.73388671875 0.04931640625 0.0302734375 0.0400390625
4 0.716796875 0.0556640625 0.033203125 0.044921875
4 0.70263671875 0.06640625 0.0283203125 0.037109375
4 0.7353515625 0.1162109375 0.041015625 0.0546875
4 0.7138671875 0.13037109375 0.044921875 0.0615234375
4 0.6796875 0.126953125 0.044921875 0.060546875
4 0.68115234375 0.07421875 0.0341796875 0.048828125
4 0.6552734375 0.076171875 0.03515625 0.052734375
4 0.7353515625 0.23046875 0.037109375 0.05078125
4 0.8076171875 0.251953125 0.037109375 0.048828125
4 0.94873046875 0.25439453125 0.0439453125 0.0615234375
4 0.82470703125 0.2412109375 0.0322265625 0.046875
4 0.84521484375 0.23583984375 0.0361328125 0.0478515625
4 0.86376953125 0.22412109375 0.0380859375 0.0517578125
4 0.7900390625 0.33837890625 0.037109375 0.0439453125
4 0.8134765625 0.330078125 0.037109375 0.056640625
4 0.83740234375 0.3125 0.0419921875 0.048828125
4 0.8828125 0.28857421875 0.04296875 0.0615234375
4 0.9052734375 0.279296875 0.044921875 0.068359375
4 0.92724609375 0.263671875 0.0439453125 0.0625
5 0.447265625 0.07177734375 0.21875 0.1416015625
