4 0.609375 0.443359375 0.03125 0.04296875
4 0.6591796875 0.38525390625 0.033203125 0.0322265625
4 0.6474609375 0.37451171875 0.03125 0.0302734375
4 0.63037109375 0.361328125 0.0361328125 0.03125
4 0.67626953125 0.33203125 0.0458984375 0.044921875
4 0.59130859375 0.30126953125 0.0322265625 0.0322265625
4 0.15283203125 0.2451171875 0.0439453125 0.05859375
4 0.17578125 0.25830078125 0.044921875 0.0615234375
4 0.22998046875 0.21533203125 0.0400390625 0.0537109375
4 0.16552734375 0.18017578125 0.0341796875 0.0458984375
4 0.14697265625 0.17236328125 0.0322265625 0.0439453125
4 0.13037109375 0.16943359375 0.0244140625 0.0302734375
4 0.11328125 0.216796875 0.044921875 0.056640625
4 0.09033203125 0.2080078125 0.0380859375 0.05078125
4 0.05029296875 0.1748046875 0.0283203125 0.041015625
4 0.0341796875 0.1650390625 0.02734375 0.037109375
4 0.01513671875 0.07421875 0.0283203125 0.025390625
4 0.58447265625 0.28662109375 0.0322265625 0.0244140625
4 0.48046875 0.2734375 0.03125 0.033203125
4 0.5146484375 0.1806640625 0.03515625 0.04296875
4 0.93408203125 0.4775390625 0.0419921875 0.044921875
4 0.9638671875 0.49658203125 0.041015625 0.0478515625
4 0.9794921875 0.50830078125 0.033203125 0.0439453125
4 0.98974609375 0.52685546875 0.0205078125 0.0400390625
4 0.93359375 0.43896484375 0.0703125 0.0732421875
4 0.986328125 0.4462890625 0.02734375 0.0390625
4 0.25732421875 0.3134765625 0.0419921875 0.0546875
4 0.50048828125 0.19384765625 0.0322265625 0.0400390625
4 0.54833984375 0.41259765625 0.0341796875 0.0439453125
4 0.48388671875 0.2080078125 0.0341796875 0.041015625
4 0.4658203125 0.2177734375 0.0390625 0.044921875
4 0.4345703125 0.2431640625 0.037109375 0.044921875
4 0.39892578125 0.263671875 0.0400390625 0.046875
4 0.427734375 0.29638671875 0.033203125 0.0283203125
4 0.38525390625 0.28125 0.0341796875 0.04296875
4 0.3701171875 0.29248046875 0.033203125 0.0400390625
4 0.29248046875 0.2568359375 0.0419921875 0.056640625
4 0.56201171875 0.42626953125 0.0322265625 0.0439453125
4 0.52392578125 0.39892578125 0.0322265625 0.0458984375
4 0.28076171875 0.32568359375 0.0400390625 0.0537109375
4 0.51171875 0.46142578125 0.0390625 0.0537109375
4 0.4853515625 0.37353515625 0.041015625 0.0537109375
4 0.47119140625 0.35693359375 0.0380859375 0.0478515625
4 0.427734375 0.412109375 0.0390625 0.05078125
4 0.447265625 0.3525390625 0.029296875 0.037109375
4 0.42919921875 0.3486328125 0.0263671875 0.03515625
4 0.3837890625 0.39013671875 0.041015625 0.0537109375
4 0.34375 0.3583984375 0.046875 0.052734375
4 0.32177734375 0.3505859375 0.0419921875 0.056640625
5 0.01171875 0.07080078125 0.021484375 0.1142578125
4 0.2216796875 0.70751953125 0.44140625 0.3544921875
5 0.33544921875 0.31884765625 0.6513671875 0.4560546875
5 0.44189453125 0.23876953125 0.2021484375 0.1748046875
5 0.95361328125 0.478515625 0.0927734375 0.1484375
5 0.85546875 0.62939453125 0.2890625 0.3271484375
4 0.97412109375 0.7294921875 0.0498046875 0.060546875
4 0.955078125 0.716796875 0.05078125 0.05859375
4 0.9384765625 0.6953125 0.05078125 0.0546875
4 0.9697265625 0.6328125 0.044921875 0.05078125
4 0.94677734375 0.62353515625 0.0419921875 0.0478515625
4 0.93212890625 0.6083984375 0.0439453125 0.052734375
4 0.029296875 0.52880859375 0.056640625 0.0693359375
4 0.91455078125 0.6875 0.0478515625 0.05859375
4 0.8076171875 0.5966796875 0.05078125 0.060546875
4 0.8994140625 0.6689453125 0.041015625 0.048828125
4 0.88134765625 0.65283203125 0.0517578125 0.0615234375
4 0.8603515625 0.64111328125 0.052734375 0.0634765625
4 0.88916015625 0.580078125 0.0400390625 0.046875
4 0.82470703125 0.6162109375 0.0498046875 0.060546875
4 0.87451171875 0.56005859375 0.0419921875 0.0478515625
4 0.85400390625 0.55224609375 0.0283203125 0.0361328125
4 0.83984375 0.53857421875 0.041015625 0.0478515625
4 0.82421875 0.52001953125 0.044921875 0.0537109375
4 0.7841796875 0.58642578125 0.052734375 0.0693359375
4 0.40869140625 0.68896484375 0.1513671875 0.1455078125
4 0.765625 0.56884765625 0.05078125 0.0595703125
4 0.78857421875 0.50439453125 0.0400390625 0.0439453125
4 0.7265625 0.53125 0.060546875 0.072265625
4 0.7900390625 0.8955078125 0.052734375 0.04296875
4 0.77392578125 0.91015625 0.0771484375 0.064453125
4 0.685546875 0.84716796875 0.060546875 0.0576171875
4 0.70068359375 0.830078125 0.0966796875 0.08984375
5 0.39794921875 0.10595703125 0.1044921875 0.0927734375
