5 0.81640625 0.3076171875 0.1171875 0.12109375
5 0.787109375 0.1103515625 0.42578125 0.21875
5 0.57177734375 0.05615234375 0.2724609375 0.1103515625
4 0.48828125 0.02880859375 0.029296875 0.0439453125
4 0.51220703125 0.01953125 0.0263671875 0.037109375
4 0.52880859375 0.0166015625 0.0263671875 0.03125
4 0.5078125 0.07177734375 0.02734375 0.0380859375
4 0.55029296875 0.0556640625 0.0283203125 0.0390625
4 0.5703125 0.044921875 0.0234375 0.033203125
4 0.55078125 0.0078125 0.01953125 0.013671875
4 0.56884765625 0.0078125 0.0185546875 0.013671875
4 0.626953125 0.0224609375 0.033203125 0.04296875
4 0.6630859375 0.01025390625 0.021484375 0.0185546875
4 0.75390625 0.14208984375 0.03125 0.0458984375
4 0.68994140625 0.10986328125 0.0263671875 0.0380859375
4 0.63818359375 0.13720703125 0.0185546875 0.0263671875
4 0.9736328125 0.451171875 0.052734375 0.06640625
5 0.9443359375 0.4638671875 0.07421875 0.1015625
5 0.93798828125 0.40869140625 0.0498046875 0.0556640625
4 0.72802734375 0.0927734375 0.0283203125 0.0390625
4 0.97509765625 0.03173828125 0.0244140625 0.0322265625
4 0.87890625 0.02099609375 0.029296875 0.0400390625
4 0.90087890625 0.01611328125 0.0283203125 0.0302734375
4 0.93994140625 0.05078125 0.0302734375 0.0390625
4 0.88330078125 0.076171875 0.0361328125 0.05078125
4 0.82958984375 0.11083984375 0.0361328125 0.0537109375
4 0.8095703125 0.11376953125 0.03125 0.0419921875
4 0.7890625 0.12109375 0.033203125 0.04296875
4 0.771484375 0.13037109375 0.03125 0.0439453125
4 0.8046875 0.056640625 0.03125 0.04296875
4 0.765625 0.07421875 0.029296875 0.0390625
