5 0.55517578125 0.45166015625 0.1142578125 0.7294921875
5 0.6943359375 0.45556640625 0.107421875 0.7275390625
5 0.81640625 0.4599609375 0.109375 0.732421875
5 0.93798828125 0.4638671875 0.1083984375 0.73046875
5 0.234375 0.4375 0.15234375 0.728515625
5 0.4072265625 0.4443359375 0.126953125 0.728515625
4 0.25146484375 0.06640625 0.0693359375 0.0234375
4 0.224609375 0.091796875 0.052734375 0.01953125
4 0.28564453125 0.08984375 0.0458984375 0.015625
4 0.28466796875 0.11181640625 0.0478515625 0.0185546875
4 0.22314453125 0.12255859375 0.0458984375 0.0166015625
4 0.2216796875 0.14453125 0.052734375 0.01953125
4 0.208984375 0.60009765625 0.05078125 0.0146484375
4 0.20947265625 0.6240234375 0.0439453125 0.017578125
4 0.2099609375 0.64404296875 0.046875 0.0185546875
4 0.2080078125 0.66650390625 0.048828125 0.0205078125
4 0.2841796875 0.1328125 0.044921875 0.01953125
4 0.20947265625 0.580078125 0.0498046875 0.01953125
4 0.212890625 0.5576171875 0.046875 0.017578125
4 0.2109375 0.53759765625 0.052734375 0.0205078125
4 0.21630859375 0.51708984375 0.0439453125 0.0205078125
4 0.283203125 0.15380859375 0.044921875 0.0166015625
4 0.2861328125 0.17333984375 0.052734375 0.0224609375
4 0.22265625 0.173828125 0.0546875 0.021484375
4 0.22265625 0.197265625 0.0546875 0.01953125
4 0.28564453125 0.19482421875 0.0517578125 0.0185546875
4 0.21923828125 0.2265625 0.0576171875 0.021484375
4 0.2177734375 0.25048828125 0.056640625 0.0185546875
4 0.2158203125 0.2802734375 0.05859375 0.021484375
4 0.216796875 0.3037109375 0.05078125 0.01953125
4 0.2177734375 0.3349609375 0.05078125 0.01953125
4 0.2138671875 0.38623046875 0.0546875 0.0205078125
4 0.208984375 0.41162109375 0.052734375 0.0205078125
4 0.20751953125 0.46435546875 0.0498046875 0.0185546875
4 0.072265625 0.5302734375 0.01953125 0.046875
4 0.2041015625 0.4931640625 0.060546875 0.01953125
4 0.9716796875 0.16162109375 0.033203125 0.0126953125
4 0.7919921875 0.57275390625 0.033203125 0.0126953125
4 0.79296875 0.55615234375 0.033203125 0.0126953125
4 0.79296875 0.54150390625 0.033203125 0.0126953125
4 0.953125 0.09326171875 0.060546875 0.0185546875
4 0.97216796875 0.1298828125 0.0322265625 0.01171875
4 0.93115234375 0.12841796875 0.0361328125 0.0126953125
4 0.93017578125 0.16015625 0.0361328125 0.015625
4 0.97021484375 0.193359375 0.0341796875 0.01171875
4 0.78955078125 0.63330078125 0.0341796875 0.0126953125
4 0.927734375 0.22509765625 0.033203125 0.0126953125
4 0.9677734375 0.2578125 0.033203125 0.013671875
4 0.9267578125 0.2568359375 0.033203125 0.013671875
4 0.9658203125 0.30615234375 0.037109375 0.0126953125
4 0.96435546875 0.3232421875 0.0322265625 0.013671875
4 0.9228515625 0.3212890625 0.03515625 0.01171875
4 0.9228515625 0.3369140625 0.033203125 0.013671875
4 0.78955078125 0.60205078125 0.0380859375 0.0126953125
4 0.7890625 0.64892578125 0.03125 0.0126953125
4 0.82470703125 0.82080078125 0.0341796875 0.0126953125
4 0.828125 0.66650390625 0.03125 0.0107421875
4 0.82958984375 0.69677734375 0.0341796875 0.0126953125
4 0.82470703125 0.72802734375 0.0322265625 0.0126953125
4 0.8271484375 0.744140625 0.03515625 0.013671875
4 0.82666015625 0.7587890625 0.0341796875 0.013671875
4 0.82470703125 0.7900390625 0.0361328125 0.013671875
4 0.8251953125 0.80615234375 0.03515625 0.0126953125
4 0.83203125 0.84326171875 0.0390625 0.0146484375
4 0.78759765625 0.69482421875 0.0341796875 0.0146484375
4 0.78466796875 0.8408203125 0.0400390625 0.013671875
4 0.78125 0.82373046875 0.033203125 0.0126953125
4 0.7841796875 0.80419921875 0.033203125 0.0146484375
4 0.78369140625 0.787109375 0.0361328125 0.013671875
4 0.78369140625 0.771484375 0.0341796875 0.01171875
4 0.783203125 0.75732421875 0.03125 0.0126953125
4 0.78564453125 0.7412109375 0.0322265625 0.013671875
4 0.9658203125 0.37109375 0.03515625 0.013671875
4 0.92041015625 0.384765625 0.0341796875 0.013671875
4 0.9619140625 0.40185546875 0.033203125 0.0126953125
4 0.94775390625 0.82470703125 0.0361328125 0.0146484375
4 0.91015625 0.73046875 0.033203125 0.013671875
4 0.9501953125 0.76318359375 0.033203125 0.0126953125
4 0.90869140625 0.74609375 0.0341796875 0.01171875
4 0.908203125 0.7607421875 0.03515625 0.015625
4 0.94775390625 0.79345703125 0.0322265625 0.0126953125
4 0.90625 0.79248046875 0.033203125 0.0146484375
4 0.9482421875 0.8095703125 0.033203125 0.01171875
4 0.9052734375 0.80810546875 0.033203125 0.0126953125
4 0.91943359375 0.43212890625 0.0341796875 0.0126953125
4 0.90478515625 0.82421875 0.0361328125 0.01171875
4 0.90966796875 0.7001953125 0.0322265625 0.01171875
4 0.951171875 0.701171875 0.03515625 0.01171875
4 0.91064453125 0.68359375 0.0322265625 0.01171875
4 0.91064453125 0.66943359375 0.0263671875 0.0126953125
4 0.91796875 0.44970703125 0.03125 0.0146484375
4 0.91748046875 0.51416015625 0.0322265625 0.0126953125
4 0.95751953125 0.5302734375 0.0341796875 0.013671875
4 0.9169921875 0.529296875 0.033203125 0.013671875
4 0.9169921875 0.544921875 0.03125 0.01171875
4 0.95703125 0.57666015625 0.03515625 0.0126953125
4 0.91552734375 0.5751953125 0.0341796875 0.013671875
4 0.955078125 0.60791015625 0.03125 0.0126953125
4 0.9130859375 0.6064453125 0.033203125 0.013671875
4 0.9541015625 0.6240234375 0.033203125 0.013671875
4 0.91259765625 0.62255859375 0.0322265625 0.0126953125
4 0.91162109375 0.63720703125 0.0361328125 0.0126953125
4 0.95458984375 0.6396484375 0.0341796875 0.01171875
4 0.9541015625 0.654296875 0.03125 0.01171875
4 0.9521484375 0.669921875 0.03515625 0.01171875
4 0.83349609375 0.63427734375 0.0341796875 0.0126953125
4 0.83447265625 0.60498046875 0.0380859375 0.0126953125
4 0.8330078125 0.57275390625 0.03125 0.0126953125
4 0.38818359375 0.32666015625 0.0419921875 0.0185546875
4 0.43798828125 0.404296875 0.0439453125 0.015625
4 0.4384765625 0.38623046875 0.04296875 0.0146484375
4 0.38720703125 0.38330078125 0.0419921875 0.0185546875
4 0.44091796875 0.3671875 0.0458984375 0.015625
4 0.38330078125 0.36279296875 0.0322265625 0.0166015625
4 0.38623046875 0.34619140625 0.0458984375 0.0166015625
4 0.4384765625 0.34814453125 0.04296875 0.0166015625
4 0.43896484375 0.3271484375 0.0400390625 0.015625
4 0.38232421875 0.421875 0.0400390625 0.017578125
4 0.44189453125 0.3095703125 0.0458984375 0.015625
4 0.38818359375 0.30810546875 0.0400390625 0.0166015625
4 0.3896484375 0.287109375 0.04296875 0.015625
4 0.43994140625 0.28955078125 0.0400390625 0.0146484375
4 0.44482421875 0.27197265625 0.0439453125 0.0166015625
4 0.39111328125 0.2705078125 0.0400390625 0.015625
4 0.39013671875 0.25 0.0458984375 0.015625
4 0.3876953125 0.40185546875 0.041015625 0.0185546875
4 0.43896484375 0.42431640625 0.0419921875 0.0146484375
4 0.42822265625 0.6142578125 0.0419921875 0.015625
4 0.38232421875 0.515625 0.0419921875 0.015625
4 0.3759765625 0.5927734375 0.033203125 0.013671875
4 0.42919921875 0.5751953125 0.0439453125 0.017578125
4 0.3798828125 0.57421875 0.041015625 0.017578125
4 0.38134765625 0.5537109375 0.0419921875 0.015625
4 0.4296875 0.556640625 0.04296875 0.017578125
4 0.4345703125 0.53857421875 0.037109375 0.0146484375
4 0.37890625 0.53466796875 0.04296875 0.0166015625
4 0.43115234375 0.51904296875 0.0380859375 0.0166015625
4 0.38330078125 0.43994140625 0.0439453125 0.0166015625
4 0.38037109375 0.4990234375 0.0361328125 0.013671875
4 0.431640625 0.49951171875 0.0390625 0.0166015625
4 0.43505859375 0.47998046875 0.0400390625 0.0146484375
4 0.384765625 0.4765625 0.041015625 0.013671875
4 0.43603515625 0.4619140625 0.0400390625 0.015625
4 0.38232421875 0.4599609375 0.0439453125 0.015625
4 0.43359375 0.44140625 0.041015625 0.013671875
4 0.4443359375 0.25244140625 0.046875 0.0166015625
4 0.44384765625 0.23388671875 0.0458984375 0.0166015625
4 0.3916015625 0.232421875 0.04296875 0.015625
4 0.54296875 0.2236328125 0.037109375 0.015625
4 0.5478515625 0.13525390625 0.037109375 0.0126953125
4 0.54541015625 0.1513671875 0.0400390625 0.017578125
4 0.54443359375 0.17041015625 0.0380859375 0.0166015625
4 0.58984375 0.19140625 0.0390625 0.013671875
4 0.5439453125 0.18896484375 0.0390625 0.0166015625
4 0.5888671875 0.20849609375 0.0390625 0.0146484375
4 0.58837890625 0.22607421875 0.0380859375 0.0146484375
4 0.5859375 0.2431640625 0.041015625 0.017578125
4 0.39501953125 0.21240234375 0.0419921875 0.0166015625
4 0.541015625 0.24169921875 0.037109375 0.0166015625
4 0.58642578125 0.26025390625 0.0400390625 0.0146484375
4 0.5869140625 0.27734375 0.033203125 0.013671875
4 0.541015625 0.25927734375 0.0390625 0.0146484375
4 0.5400390625 0.27587890625 0.0390625 0.0146484375
4 0.53857421875 0.2919921875 0.0380859375 0.015625
4 0.5390625 0.30908203125 0.041015625 0.0166015625
4 0.591796875 0.171875 0.0390625 0.015625
4 0.59228515625 0.13720703125 0.0380859375 0.0146484375
4 0.54443359375 0.119140625 0.0341796875 0.013671875
4 0.59228515625 0.12109375 0.0400390625 0.013671875
4 0.44287109375 0.2138671875 0.0400390625 0.015625
4 0.39306640625 0.193359375 0.0400390625 0.017578125
4 0.4462890625 0.19580078125 0.041015625 0.0166015625
4 0.4482421875 0.17431640625 0.044921875 0.0166015625
4 0.39404296875 0.17236328125 0.0400390625 0.0166015625
4 0.39404296875 0.154296875 0.0439453125 0.015625
4 0.4462890625 0.15576171875 0.04296875 0.0146484375
4 0.3955078125 0.1328125 0.044921875 0.017578125
4 0.44580078125 0.13427734375 0.0400390625 0.0146484375
4 0.4462890625 0.1162109375 0.0390625 0.015625
4 0.396484375 0.11328125 0.041015625 0.017578125
4 0.39794921875 0.09375 0.0478515625 0.017578125
4 0.572265625 0.07763671875 0.07421875 0.0244140625
4 0.59326171875 0.10107421875 0.0341796875 0.0146484375
4 0.5478515625 0.0986328125 0.0390625 0.015625
4 0.43115234375 0.59375 0.0419921875 0.013671875
4 0.37841796875 0.61279296875 0.0400390625 0.0146484375
4 0.58544921875 0.328125 0.0380859375 0.013671875
4 0.2822265625 0.2548828125 0.052734375 0.017578125
4 0.28125 0.21533203125 0.05078125 0.0166015625
4 0.28076171875 0.23583984375 0.0458984375 0.0166015625
4 0.28125 0.27490234375 0.046875 0.0166015625
4 0.27734375 0.29541015625 0.046875 0.0185546875
4 0.2802734375 0.31591796875 0.05078125 0.0205078125
4 0.27734375 0.33740234375 0.046875 0.0185546875
4 0.27734375 0.35693359375 0.04296875 0.0166015625
4 0.275390625 0.376953125 0.048828125 0.01953125
4 0.27294921875 0.45751953125 0.0458984375 0.0185546875
4 0.20947265625 0.44287109375 0.0478515625 0.0166015625
4 0.376953125 0.63037109375 0.04296875 0.0185546875
4 0.27392578125 0.47802734375 0.0380859375 0.0146484375
4 0.2724609375 0.49755859375 0.05078125 0.0166015625
4 0.27197265625 0.51806640625 0.0517578125 0.0146484375
4 0.4248046875 0.7080078125 0.041015625 0.015625
4 0.37060546875 0.78271484375 0.0419921875 0.0166015625
4 0.3701171875 0.76513671875 0.04296875 0.0146484375
4 0.42529296875 0.76708984375 0.0361328125 0.0146484375
4 0.42333984375 0.74658203125 0.0419921875 0.0166015625
4 0.37353515625 0.7451171875 0.0419921875 0.015625
4 0.37255859375 0.72509765625 0.0439453125 0.0166015625
4 0.42431640625 0.72802734375 0.0439453125 0.0146484375
4 0.3740234375 0.70654296875 0.044921875 0.0185546875
4 0.26953125 0.5380859375 0.046875 0.015625
4 0.42724609375 0.6904296875 0.0439453125 0.015625
4 0.37646484375 0.6884765625 0.0419921875 0.015625
4 0.37744140625 0.66748046875 0.0380859375 0.0166015625
4 0.427734375 0.67041015625 0.04296875 0.0166015625
4 0.42724609375 0.65234375 0.0419921875 0.015625
4 0.4287109375 0.63134765625 0.044921875 0.0166015625
4 0.37548828125 0.64892578125 0.0400390625 0.0185546875
4 0.421875 0.7841796875 0.041015625 0.017578125
4 0.4228515625 0.80419921875 0.04296875 0.0166015625
4 0.36865234375 0.8017578125 0.0458984375 0.017578125
4 0.35205078125 0.82763671875 0.0595703125 0.0205078125
4 0.26611328125 0.578125 0.0439453125 0.015625
4 0.2666015625 0.61865234375 0.046875 0.0146484375
4 0.2666015625 0.63916015625 0.05078125 0.0185546875
4 0.26318359375 0.69921875 0.0458984375 0.017578125
4 0.20751953125 0.68603515625 0.0498046875 0.0185546875
4 0.2607421875 0.73876953125 0.044921875 0.0166015625
4 0.205078125 0.7294921875 0.044921875 0.017578125
4 0.20556640625 0.75341796875 0.0380859375 0.0166015625
4 0.26220703125 0.75830078125 0.0517578125 0.0185546875
4 0.2587890625 0.77734375 0.044921875 0.017578125
4 0.20166015625 0.7724609375 0.0537109375 0.01953125
4 0.26123046875 0.796875 0.0498046875 0.01953125
4 0.20263671875 0.80078125 0.0498046875 0.01953125
4 0.20751953125 0.8193359375 0.0439453125 0.015625
4 0.2841796875 0.8251953125 0.0703125 0.0234375
4 0.58447265625 0.3115234375 0.0361328125 0.017578125
4 0.5390625 0.32568359375 0.037109375 0.0166015625
4 0.83349609375 0.55810546875 0.0341796875 0.0126953125
4 0.70849609375 0.6767578125 0.0322265625 0.01171875
4 0.66943359375 0.59033203125 0.0341796875 0.0146484375
4 0.66845703125 0.6064453125 0.0361328125 0.013671875
4 0.7119140625 0.6171875 0.03515625 0.013671875
4 0.7080078125 0.63134765625 0.033203125 0.0126953125
4 0.6669921875 0.623046875 0.037109375 0.013671875
4 0.666015625 0.6416015625 0.037109375 0.013671875
4 0.7080078125 0.66162109375 0.03125 0.0126953125
4 0.70654296875 0.69140625 0.0322265625 0.013671875
4 0.7109375 0.5859375 0.03515625 0.013671875
4 0.7060546875 0.70751953125 0.033203125 0.0107421875
4 0.70654296875 0.72265625 0.0361328125 0.013671875
4 0.70654296875 0.7392578125 0.0380859375 0.015625
4 0.705078125 0.7705078125 0.03125 0.013671875
4 0.70654296875 0.78515625 0.0361328125 0.01171875
4 0.7021484375 0.80078125 0.033203125 0.013671875
4 0.703125 0.83642578125 0.029296875 0.0107421875
4 0.71044921875 0.60107421875 0.0322265625 0.0126953125
4 0.6689453125 0.57275390625 0.037109375 0.0166015625
4 0.67626953125 0.36767578125 0.0419921875 0.0146484375
4 0.6728515625 0.47021484375 0.033203125 0.0126953125
4 0.7197265625 0.39501953125 0.03515625 0.0146484375
4 0.7197265625 0.4111328125 0.03515625 0.01171875
4 0.67529296875 0.400390625 0.0361328125 0.013671875
4 0.6728515625 0.41796875 0.041015625 0.015625
4 0.71875 0.443359375 0.03515625 0.013671875
4 0.66943359375 0.435546875 0.0361328125 0.013671875
4 0.6728515625 0.453125 0.037109375 0.015625
4 0.66943359375 0.486328125 0.0419921875 0.015625
4 0.7119140625 0.57080078125 0.033203125 0.0126953125
4 0.7138671875 0.50634765625 0.033203125 0.0126953125
4 0.71435546875 0.52294921875 0.0341796875 0.0126953125
4 0.66943359375 0.5029296875 0.0400390625 0.015625
4 0.671875 0.5224609375 0.037109375 0.015625
4 0.66748046875 0.53955078125 0.0419921875 0.0146484375
4 0.71337890625 0.5546875 0.0361328125 0.013671875
4 0.66845703125 0.55615234375 0.0341796875 0.0146484375
4 0.70263671875 0.82177734375 0.0322265625 0.0126953125
4 0.65380859375 0.8134765625 0.0341796875 0.015625
4 0.65966796875 0.7958984375 0.0361328125 0.015625
4 0.7998046875 0.38037109375 0.033203125 0.0146484375
4 0.8046875 0.220703125 0.033203125 0.013671875
4 0.84814453125 0.23681640625 0.0302734375 0.0126953125
4 0.8466796875 0.25439453125 0.03515625 0.0126953125
4 0.8046875 0.2685546875 0.033203125 0.013671875
4 0.84423828125 0.31787109375 0.0341796875 0.0146484375
4 0.80029296875 0.36376953125 0.0322265625 0.0126953125
4 0.84326171875 0.3818359375 0.0322265625 0.013671875
4 0.79931640625 0.39599609375 0.0341796875 0.0126953125
4 0.65966796875 0.7783203125 0.0341796875 0.015625
4 0.79931640625 0.41259765625 0.0361328125 0.0146484375
4 0.83935546875 0.44580078125 0.0361328125 0.0126953125
4 0.83740234375 0.47802734375 0.0322265625 0.0126953125
4 0.79541015625 0.47607421875 0.0380859375 0.0146484375
4 0.83642578125 0.51025390625 0.0322265625 0.0126953125
4 0.83447265625 0.5263671875 0.0341796875 0.01171875
4 0.83642578125 0.54150390625 0.0361328125 0.0126953125
4 0.80615234375 0.18798828125 0.0341796875 0.0126953125
4 0.849609375 0.19091796875 0.03515625 0.0126953125
4 0.85107421875 0.171875 0.0322265625 0.01171875
4 0.8046875 0.171875 0.0390625 0.01171875
4 0.66162109375 0.76220703125 0.0361328125 0.0146484375
4 0.66162109375 0.7451171875 0.0361328125 0.015625
4 0.6630859375 0.7265625 0.03515625 0.013671875
4 0.6630859375 0.70849609375 0.03515625 0.0166015625
4 0.6630859375 0.69189453125 0.03515625 0.0126953125
4 0.6640625 0.67529296875 0.03515625 0.0146484375
4 0.66259765625 0.65869140625 0.0380859375 0.0146484375
4 0.8251953125 0.08740234375 0.07421875 0.0205078125
4 0.93017578125 0.0185546875 0.0380859375 0.03515625
4 0.85205078125 0.109375 0.0361328125 0.013671875
4 0.85205078125 0.12548828125 0.0341796875 0.0126953125
4 0.80517578125 0.1064453125 0.0302734375 0.01171875
4 0.8076171875 0.12353515625 0.033203125 0.0126953125
4 0.80859375 0.1396484375 0.03515625 0.013671875
4 0.80810546875 0.15673828125 0.0341796875 0.0126953125
4 0.67578125 0.38427734375 0.037109375 0.0126953125
4 0.7216796875 0.37841796875 0.033203125 0.0126953125
4 0.58642578125 0.34521484375 0.0380859375 0.0146484375
4 0.57373046875 0.63720703125 0.0380859375 0.0146484375
4 0.5322265625 0.51513671875 0.03515625 0.0146484375
4 0.529296875 0.53271484375 0.041015625 0.0166015625
4 0.576171875 0.55322265625 0.037109375 0.0166015625
4 0.5751953125 0.56982421875 0.0390625 0.0146484375
4 0.57568359375 0.5869140625 0.0419921875 0.017578125
4 0.57470703125 0.60400390625 0.0380859375 0.0146484375
4 0.5751953125 0.62060546875 0.037109375 0.0126953125
4 0.57275390625 0.6552734375 0.0361328125 0.015625
4 0.57666015625 0.53564453125 0.0380859375 0.0146484375
4 0.5712890625 0.671875 0.037109375 0.013671875
4 0.5703125 0.68896484375 0.03515625 0.0146484375
4 0.56982421875 0.7060546875 0.0380859375 0.015625
4 0.56982421875 0.724609375 0.0361328125 0.015625
4 0.5693359375 0.74072265625 0.037109375 0.0166015625
4 0.56787109375 0.7587890625 0.0400390625 0.015625
4 0.56689453125 0.775390625 0.0361328125 0.015625
4 0.53076171875 0.49853515625 0.0341796875 0.0146484375
4 0.576171875 0.517578125 0.037109375 0.015625
4 0.67724609375 0.35009765625 0.0361328125 0.0146484375
4 0.53515625 0.41064453125 0.0390625 0.0146484375
4 0.5390625 0.34326171875 0.03515625 0.0146484375
4 0.53564453125 0.36083984375 0.0380859375 0.0146484375
4 0.583984375 0.36279296875 0.037109375 0.0146484375
4 0.58203125 0.3798828125 0.037109375 0.015625
4 0.53564453125 0.37744140625 0.0400390625 0.0146484375
4 0.58203125 0.3974609375 0.03515625 0.015625
4 0.53564453125 0.39501953125 0.0341796875 0.0146484375
4 0.58203125 0.4150390625 0.037109375 0.015625
4 0.53076171875 0.48095703125 0.0380859375 0.0146484375
4 0.5830078125 0.43212890625 0.041015625 0.0146484375
4 0.53271484375 0.42919921875 0.0361328125 0.0146484375
4 0.58056640625 0.44873046875 0.0380859375 0.0146484375
4 0.5810546875 0.46484375 0.037109375 0.013671875
4 0.53076171875 0.4638671875 0.0439453125 0.015625
4 0.5791015625 0.4833984375 0.037109375 0.015625
4 0.5791015625 0.5 0.037109375 0.013671875
4 0.56884765625 0.79345703125 0.0361328125 0.0146484375
4 0.5703125 0.8095703125 0.037109375 0.015625
4 0.5224609375 0.79150390625 0.037109375 0.0146484375
4 0.6806640625 0.22802734375 0.0390625 0.0146484375
4 0.68701171875 0.1396484375 0.0361328125 0.013671875
4 0.685546875 0.15771484375 0.037109375 0.0146484375
4 0.72802734375 0.18505859375 0.0341796875 0.0146484375
4 0.68505859375 0.17578125 0.0380859375 0.013671875
4 0.681640625 0.19287109375 0.033203125 0.0166015625
4 0.728515625 0.20166015625 0.037109375 0.0126953125
4 0.68310546875 0.2109375 0.0380859375 0.015625
4 0.7255859375 0.24853515625 0.03515625 0.0126953125
4 0.5205078125 0.77294921875 0.041015625 0.0166015625
4 0.72509765625 0.23388671875 0.0380859375 0.0146484375
4 0.6806640625 0.2470703125 0.041015625 0.015625
4 0.68115234375 0.26220703125 0.0380859375 0.0146484375
4 0.6787109375 0.29736328125 0.03515625 0.0146484375
4 0.6787109375 0.31298828125 0.037109375 0.0146484375
4 0.72021484375 0.3447265625 0.0322265625 0.013671875
4 0.677734375 0.33251953125 0.041015625 0.0166015625
4 0.68408203125 0.1220703125 0.0400390625 0.013671875
4 0.7275390625 0.13720703125 0.029296875 0.0107421875
4 0.68798828125 0.10302734375 0.0361328125 0.0126953125
4 0.72998046875 0.12255859375 0.0322265625 0.0107421875
4 0.52392578125 0.75537109375 0.0341796875 0.0126953125
4 0.5244140625 0.73876953125 0.037109375 0.0146484375
4 0.52392578125 0.72265625 0.0380859375 0.015625
4 0.5234375 0.705078125 0.033203125 0.015625
4 0.52294921875 0.68798828125 0.0380859375 0.0146484375
4 0.525390625 0.67041015625 0.037109375 0.0166015625
4 0.525390625 0.65283203125 0.037109375 0.0146484375
4 0.52685546875 0.634765625 0.0380859375 0.015625
4 0.52685546875 0.619140625 0.0361328125 0.015625
4 0.52685546875 0.60107421875 0.0361328125 0.0146484375
4 0.52783203125 0.5830078125 0.0361328125 0.013671875
4 0.52880859375 0.56689453125 0.0419921875 0.0166015625
4 0.53125 0.5498046875 0.0390625 0.017578125
4 0.7119140625 0.083984375 0.068359375 0.021484375
4 0.7294921875 0.1044921875 0.037109375 0.013671875
