4 0.99365234375 0.17626953125 0.0126953125 0.0595703125
4 0.96044921875 0.10107421875 0.0322265625 0.0673828125
5 0.88427734375 0.14794921875 0.2314453125 0.1611328125
5 0.89892578125 0.35693359375 0.2021484375 0.1552734375
4 0.93798828125 0.107421875 0.0283203125 0.064453125
4 0.728515625 0.0166015625 0.02734375 0.03125
4 0.79248046875 0.123046875 0.0341796875 0.0625
4 0.8271484375 0.1220703125 0.02734375 0.060546875
4 0.85107421875 0.11669921875 0.0263671875 0.0595703125
4 0.8818359375 0.1142578125 0.02734375 0.060546875
4 0.90966796875 0.1123046875 0.0244140625 0.056640625
4 0.76953125 0.19921875 0.041015625 0.07421875
4 0.80419921875 0.1962890625 0.0302734375 0.0625
4 0.83447265625 0.19384765625 0.0205078125 0.0537109375
4 0.86083984375 0.19091796875 0.0263671875 0.0615234375
4 0.9150390625 0.18408203125 0.02734375 0.0634765625
4 0.943359375 0.18359375 0.025390625 0.056640625
4 0.9697265625 0.17919921875 0.02734375 0.0615234375
0 0.494140625 0.00830078125 0.041015625 0.0146484375
0 0.498046875 0.0224609375 0.0390625 0.01953125
0 0.36376953125 0.0390625 0.0361328125 0.025390625
0 0.3740234375 0.15771484375 0.037109375 0.0205078125
0 0.39306640625 0.23291015625 0.0341796875 0.0205078125
0 0.40380859375 0.25146484375 0.0361328125 0.0205078125
0 0.40283203125 0.271484375 0.0400390625 0.0234375
0 0.4130859375 0.3046875 0.04296875 0.0234375
0 0.40966796875 0.3271484375 0.0361328125 0.021484375
0 0.419921875 0.4423828125 0.037109375 0.01953125
0 0.57666015625 0.46044921875 0.0361328125 0.0205078125
0 0.576171875 0.44189453125 0.03515625 0.0205078125
0 0.54736328125 0.3076171875 0.0361328125 0.021484375
0 0.54443359375 0.234375 0.0341796875 0.01953125
0 0.58203125 0.4921875 0.037109375 0.0234375
0 0.60009765625 0.66845703125 0.0400390625 0.0244140625
0 0.455078125 0.01025390625 0.037109375 0.0205078125
0 0.41845703125 0.9833984375 0.0205078125 0.033203125
4 0.8955078125 0.400390625 0.01953125 0.056640625
4 0.98583984375 0.3115234375 0.0263671875 0.05859375
4 0.962890625 0.31640625 0.029296875 0.064453125
4 0.99169921875 0.38623046875 0.0166015625 0.0517578125
4 0.96728515625 0.38818359375 0.0224609375 0.0458984375
4 0.94580078125 0.39306640625 0.0244140625 0.0595703125
4 0.9189453125 0.3994140625 0.025390625 0.05859375
4 0.90576171875 0.32373046875 0.0244140625 0.0615234375
4 0.8779296875 0.32763671875 0.025390625 0.0595703125
4 0.86767578125 0.40625 0.0283203125 0.064453125
4 0.84619140625 0.4072265625 0.0224609375 0.05859375
4 0.81201171875 0.40673828125 0.0302734375 0.0615234375
4 0.78125 0.32958984375 0.0234375 0.0595703125
4 0.80419921875 0.53271484375 0.0302734375 0.0615234375
4 0.84716796875 0.58203125 0.0439453125 0.01953125
4 0.81103515625 0.60693359375 0.0205078125 0.0556640625
4 0.892578125 0.609375 0.03125 0.078125
