4 0.10986328125 0.53369140625 0.0263671875 0.0126953125
4 0.0693359375 0.1064453125 0.046875 0.0390625
4 0.07275390625 0.13037109375 0.0380859375 0.0302734375
4 0.07666015625 0.15185546875 0.0537109375 0.0380859375
4 0.07470703125 0.1767578125 0.0517578125 0.029296875
4 0.12158203125 0.205078125 0.0458984375 0.037109375
4 0.072265625 0.19873046875 0.041015625 0.0244140625
4 0.115234375 0.24072265625 0.0390625 0.0322265625
4 0.22216796875 0.216796875 0.0634765625 0.01953125
4 0.22607421875 0.19677734375 0.0361328125 0.0146484375
4 0.216796875 0.3359375 0.0390625 0.03515625
4 0.01611328125 0.33251953125 0.0322265625 0.0380859375
4 0.23046875 0.2900390625 0.041015625 0.013671875
4 0.1796875 0.33154296875 0.025390625 0.0380859375
4 0.154296875 0.33447265625 0.033203125 0.0400390625
4 0.1337890625 0.337890625 0.0234375 0.029296875
4 0.10986328125 0.3291015625 0.0263671875 0.03515625
4 0.07763671875 0.33447265625 0.0283203125 0.0361328125
4 0.0390625 0.3310546875 0.033203125 0.037109375
4 0.0751953125 0.26416015625 0.041015625 0.0263671875
4 0.07421875 0.244140625 0.03125 0.021484375
4 0.2255859375 0.17529296875 0.046875 0.0146484375
4 0.23046875 0.15283203125 0.037109375 0.0146484375
4 0.22998046875 0.1298828125 0.0458984375 0.013671875
4 0.19140625 0.060546875 0.01953125 0.033203125
4 0.10595703125 0.05810546875 0.0224609375 0.0263671875
4 0.13720703125 0.046875 0.0244140625 0.025390625
4 0.23046875 0.3125 0.037109375 0.015625
11 0.83837890625 0.0380859375 0.0751953125 0.07421875
