4 0.322265625 0.03076171875 0.01953125 0.0263671875
4 0.29345703125 0.056640625 0.0224609375 0.01953125
4 0.2939453125 0.08203125 0.025390625 0.029296875
4 0.0478515625 0.3154296875 0.033203125 0.01953125
4 0.01953125 0.06689453125 0.017578125 0.0126953125
4 0.02099609375 0.03955078125 0.0205078125 0.0107421875
4 0.1220703125 0.01171875 0.021484375 0.017578125
5 0.3798828125 0.044921875 0.1328125 0.087890625
5 0.3291015625 0.11865234375 0.158203125 0.1240234375
5 0.25732421875 0.24951171875 0.1318359375 0.1025390625
5 0.0859375 0.32080078125 0.150390625 0.0673828125
