5 0.318359375 0.9677734375 0.052734375 0.05859375
5 0.3974609375 0.9423828125 0.041015625 0.072265625
5 0.64306640625 0.8974609375 0.0556640625 0.091796875
5 0.8369140625 0.85546875 0.05078125 0.119140625
5 0.9345703125 0.83154296875 0.072265625 0.1376953125
5 0.6494140625 0.48974609375 0.078125 0.0673828125
5 0.73193359375 0.3994140625 0.0771484375 0.02734375
5 0.77001953125 0.21142578125 0.0712890625 0.0224609375
5 0.763671875 0.06787109375 0.20703125 0.0986328125
5 0.228515625 0.97412109375 0.0625 0.0517578125
