4 0.3984375 0.85986328125 0.021484375 0.0634765625
4 0.4453125 0.83984375 0.04296875 0.017578125
4 0.60693359375 0.86474609375 0.0205078125 0.0537109375
4 0.44580078125 0.8671875 0.0107421875 0.03125
4 0.45751953125 0.87451171875 0.0146484375 0.0439453125
4 0.4873046875 0.86474609375 0.029296875 0.0771484375
4 0.51611328125 0.80419921875 0.0146484375 0.0341796875
4 0.5615234375 0.794921875 0.013671875 0.0390625
4 0.580078125 0.79931640625 0.015625 0.0361328125
4 0.51708984375 0.86669921875 0.0185546875 0.0576171875
4 0.54443359375 0.8798828125 0.0263671875 0.0859375
4 0.6279296875 0.796875 0.021484375 0.05859375
4 0.63818359375 0.6533203125 0.0224609375 0.056640625
4 0.81298828125 0.662109375 0.0185546875 0.056640625
4 0.77734375 0.6494140625 0.013671875 0.02734375
4 0.75341796875 0.58447265625 0.0166015625 0.0517578125
4 0.46923828125 0.6484375 0.0107421875 0.03125
4 0.671875 0.81005859375 0.013671875 0.0341796875
4 0.4501953125 0.5703125 0.01171875 0.02734375
4 0.54638671875 0.56982421875 0.0439453125 0.0771484375
4 0.29443359375 0.640625 0.0205078125 0.05078125
4 0.31884765625 0.63916015625 0.0205078125 0.0498046875
4 0.40283203125 0.55810546875 0.0224609375 0.0849609375
4 0.328125 0.57177734375 0.017578125 0.0498046875
4 0.29736328125 0.56640625 0.0185546875 0.052734375
4 0.9921875 0.89404296875 0.015625 0.0712890625
4 0.6708984375 0.8857421875 0.02734375 0.083984375
4 0.701171875 0.890625 0.025390625 0.1015625
4 0.73095703125 0.82470703125 0.0263671875 0.0126953125
4 0.75341796875 0.80419921875 0.0166015625 0.0478515625
4 0.73046875 0.8603515625 0.013671875 0.037109375
4 0.75732421875 0.85009765625 0.0341796875 0.0146484375
4 0.77734375 0.865234375 0.013671875 0.0390625
4 0.8076171875 0.89111328125 0.03125 0.0810546875
4 0.8486328125 0.89013671875 0.0234375 0.0751953125
4 0.87451171875 0.91015625 0.0166015625 0.048828125
4 0.875 0.869140625 0.013671875 0.03515625
4 0.88671875 0.8701171875 0.013671875 0.03515625
4 0.927734375 0.87109375 0.015625 0.0390625
4 0.92919921875 0.9208984375 0.0126953125 0.029296875
4 0.9580078125 0.8095703125 0.013671875 0.041015625
4 0.28564453125 0.5078125 0.0263671875 0.048828125
4 0.30029296875 0.50927734375 0.0185546875 0.0478515625
4 0.3017578125 0.4609375 0.017578125 0.046875
4 0.3212890625 0.0126953125 0.017578125 0.0234375
4 0.3505859375 0.015625 0.015625 0.029296875
4 0.380859375 0.015625 0.01953125 0.029296875
4 0.29833984375 0.06298828125 0.0126953125 0.0361328125
4 0.310546875 0.03369140625 0.033203125 0.0146484375
4 0.45068359375 0.09326171875 0.0166015625 0.0517578125
4 0.4287109375 0.0927734375 0.017578125 0.048828125
4 0.4130859375 0.091796875 0.017578125 0.046875
4 0.3486328125 0.07177734375 0.015625 0.0439453125
4 0.3447265625 0.11572265625 0.01171875 0.0302734375
4 0.3896484375 0.10791015625 0.013671875 0.0400390625
4 0.43017578125 0.05615234375 0.0458984375 0.0244140625
4 0.39111328125 0.06689453125 0.0166015625 0.0419921875
4 0.3671875 0.0517578125 0.03515625 0.015625
4 0.4873046875 0.01806640625 0.01953125 0.0341796875
4 0.4609375 0.0185546875 0.01953125 0.03515625
4 0.4345703125 0.017578125 0.01953125 0.033203125
4 0.40576171875 0.0166015625 0.0205078125 0.03125
4 0.30517578125 0.4169921875 0.0146484375 0.037109375
5 0.67626953125 0.3193359375 0.6474609375 0.1953125
5 0.6103515625 0.84423828125 0.779296875 0.1884765625
5 0.6591796875 0.60498046875 0.681640625 0.1865234375
5 0.67431640625 0.07373046875 0.6513671875 0.1455078125
4 0.87158203125 0.10009765625 0.0205078125 0.0693359375
4 0.72900390625 0.0224609375 0.0166015625 0.04296875
4 0.2939453125 0.1083984375 0.017578125 0.044921875
4 0.2900390625 0.15673828125 0.0234375 0.0537109375
4 0.34765625 0.17431640625 0.021484375 0.0634765625
4 0.90673828125 0.37060546875 0.0244140625 0.0751953125
4 0.8037109375 0.36962890625 0.02734375 0.0810546875
4 0.83544921875 0.369140625 0.0263671875 0.083984375
4 0.80419921875 0.27783203125 0.0224609375 0.0693359375
4 0.83349609375 0.28271484375 0.0224609375 0.0634765625
4 0.86474609375 0.279296875 0.0244140625 0.072265625
4 0.8759765625 0.37158203125 0.0234375 0.0791015625
4 0.9453125 0.38037109375 0.025390625 0.0849609375
4 0.89208984375 0.28759765625 0.0224609375 0.0595703125
4 0.34716796875 0.25048828125 0.0283203125 0.0869140625
4 0.92724609375 0.2841796875 0.0205078125 0.056640625
4 0.955078125 0.28125 0.0234375 0.068359375
4 0.9853515625 0.28955078125 0.025390625 0.0634765625
4 0.9775390625 0.3759765625 0.02734375 0.078125
4 0.7646484375 0.3642578125 0.025390625 0.078125
4 0.73486328125 0.36328125 0.0263671875 0.078125
4 0.74462890625 0.275390625 0.0244140625 0.072265625
4 0.7138671875 0.2705078125 0.02734375 0.078125
4 0.2958984375 0.38916015625 0.03125 0.0107421875
4 0.29443359375 0.3779296875 0.0400390625 0.013671875
4 0.28466796875 0.3486328125 0.0146484375 0.04296875
4 0.380859375 0.35205078125 0.029296875 0.0810546875
4 0.41259765625 0.35205078125 0.0263671875 0.0830078125
4 0.5302734375 0.26708984375 0.0234375 0.0673828125
4 0.5634765625 0.27001953125 0.0234375 0.0654296875
4 0.591796875 0.27197265625 0.0234375 0.0654296875
4 0.623046875 0.27197265625 0.0234375 0.0595703125
4 0.65380859375 0.27197265625 0.0244140625 0.0712890625
4 0.5556640625 0.3544921875 0.025390625 0.078125
4 0.5927734375 0.35986328125 0.02734375 0.0810546875
4 0.62158203125 0.3603515625 0.0224609375 0.076171875
4 0.6650390625 0.3642578125 0.0234375 0.080078125
4 0.69482421875 0.3642578125 0.0244140625 0.08203125
4 0.83984375 0.099609375 0.021484375 0.072265625
4 0.86767578125 0.0263671875 0.0185546875 0.05078125
4 0.837890625 0.025390625 0.01953125 0.048828125
4 0.814453125 0.0244140625 0.01953125 0.046875
4 0.78076171875 0.02490234375 0.0185546875 0.0478515625
4 0.70263671875 0.0234375 0.0205078125 0.044921875
4 0.67578125 0.0224609375 0.01953125 0.04296875
4 0.7802734375 0.09716796875 0.025390625 0.0712890625
4 0.7509765625 0.09716796875 0.021484375 0.0712890625
4 0.71875 0.0947265625 0.01953125 0.06640625
4 0.689453125 0.09423828125 0.0234375 0.0732421875
4 0.65771484375 0.09375 0.0244140625 0.0703125
4 0.5380859375 0.09326171875 0.025390625 0.0830078125
4 0.50830078125 0.08544921875 0.0205078125 0.0615234375
4 0.4765625 0.0869140625 0.0234375 0.0703125
4 0.4697265625 0.26025390625 0.0234375 0.0673828125
4 0.8896484375 0.02783203125 0.017578125 0.0537109375
4 0.9013671875 0.10546875 0.025390625 0.076171875
4 0.99169921875 0.103515625 0.0166015625 0.0625
4 0.974609375 0.03369140625 0.015625 0.0478515625
4 0.9443359375 0.02734375 0.01953125 0.052734375
4 0.40087890625 0.79052734375 0.0166015625 0.0458984375
4 0.42431640625 0.7890625 0.0185546875 0.048828125
4 0.3720703125 0.861328125 0.021484375 0.06640625
4 0.34423828125 0.86181640625 0.0166015625 0.0517578125
4 0.31298828125 0.85205078125 0.0166015625 0.0537109375
4 0.29296875 0.86279296875 0.015625 0.0458984375
4 0.150390625 0.8349609375 0.0234375 0.01171875
4 0.19091796875 0.84130859375 0.0478515625 0.0185546875
