4 0.0654296875 0.94873046875 0.01953125 0.0517578125
4 0.04150390625 0.947265625 0.0205078125 0.05078125
4 0.09228515625 0.99658203125 0.0185546875 0.0068359375
4 0.04052734375 0.994140625 0.0205078125 0.01171875
4 0.01513671875 0.9931640625 0.0166015625 0.013671875
4 0.09326171875 0.9501953125 0.0185546875 0.052734375
4 0.11572265625 0.9541015625 0.0166015625 0.046875
4 0.14404296875 0.95068359375 0.0166015625 0.0478515625
4 0.1669921875 0.953125 0.01953125 0.052734375
4 0.48486328125 0.970703125 0.0322265625 0.05859375
4 0.41943359375 0.96337890625 0.0185546875 0.0498046875
4 0.3896484375 0.9990234375 0.01953125 0.001953125
4 0.396484375 0.96435546875 0.017578125 0.0478515625
4 0.3701171875 0.9619140625 0.01953125 0.05078125
4 0.3447265625 0.958984375 0.01953125 0.056640625
4 0.31787109375 0.95556640625 0.0166015625 0.0556640625
4 0.294921875 0.95703125 0.017578125 0.046875
4 0.27001953125 0.95703125 0.0205078125 0.05078125
4 0.2265625 0.9970703125 0.021484375 0.005859375
4 0.2001953125 0.99658203125 0.01953125 0.0068359375
4 0.216796875 0.95166015625 0.017578125 0.0556640625
4 0.6220703125 0.3154296875 0.037109375 0.029296875
4 0.77880859375 0.71435546875 0.0517578125 0.0166015625
4 0.77880859375 0.736328125 0.0517578125 0.017578125
4 0.78076171875 0.7568359375 0.0498046875 0.015625
4 0.77685546875 0.8017578125 0.0517578125 0.017578125
4 0.8388671875 0.8125 0.044921875 0.013671875
4 0.77685546875 0.84375 0.0498046875 0.01953125
4 0.77587890625 0.8681640625 0.0498046875 0.017578125
4 0.775390625 0.888671875 0.048828125 0.017578125
4 0.7734375 0.912109375 0.048828125 0.015625
4 0.775390625 0.93359375 0.0546875 0.01953125
4 0.771484375 0.9560546875 0.03515625 0.013671875
4 0.7744140625 0.974609375 0.046875 0.01953125
4 0.77294921875 0.99462890625 0.0478515625 0.0107421875
4 0.83740234375 0.9794921875 0.0595703125 0.017578125
4 0.98193359375 0.9755859375 0.0361328125 0.01953125
4 0.97802734375 0.85986328125 0.0439453125 0.0185546875
4 0.97998046875 0.8828125 0.0400390625 0.01953125
4 0.97998046875 0.90625 0.0400390625 0.01953125
4 0.97607421875 0.951171875 0.0478515625 0.01953125
4 0.97802734375 0.994140625 0.0439453125 0.01171875
4 0.84423828125 0.9560546875 0.0634765625 0.021484375
4 0.7890625 0.52587890625 0.044921875 0.0205078125
4 0.79443359375 0.505859375 0.0361328125 0.013671875
4 0.7919921875 0.490234375 0.033203125 0.013671875
4 0.78564453125 0.54638671875 0.0458984375 0.0166015625
4 0.84326171875 0.931640625 0.0654296875 0.01953125
4 0.8466796875 0.88671875 0.0546875 0.017578125
4 0.845703125 0.8623046875 0.056640625 0.017578125
4 0.84228515625 0.83837890625 0.0537109375 0.0185546875
4 0.83544921875 0.79296875 0.0478515625 0.017578125
4 0.83837890625 0.7470703125 0.0478515625 0.015625
4 0.83984375 0.7216796875 0.048828125 0.017578125
4 0.8388671875 0.7001953125 0.048828125 0.017578125
4 0.84375 0.67626953125 0.04296875 0.0166015625
4 0.78076171875 0.67236328125 0.0537109375 0.0205078125
4 0.78466796875 0.65283203125 0.0380859375 0.0166015625
4 0.84228515625 0.65673828125 0.0478515625 0.0185546875
4 0.8427734375 0.59033203125 0.05078125 0.0166015625
4 0.78564453125 0.568359375 0.0458984375 0.015625
4 0.8447265625 0.57080078125 0.046875 0.0166015625
5 0.9775390625 0.91455078125 0.044921875 0.1708984375
5 0.810546875 0.736328125 0.130859375 0.52734375
5 0.236328125 0.9599609375 0.470703125 0.080078125
5 0.63232421875 0.66064453125 0.1240234375 0.6787109375
5 0.47216796875 0.56298828125 0.1103515625 0.5810546875
5 0.32275390625 0.556640625 0.0986328125 0.583984375
5 0.17822265625 0.55859375 0.1005859375 0.58984375
5 0.0458984375 0.55712890625 0.08984375 0.5849609375
4 0.01953125 0.94677734375 0.017578125 0.0458984375
4 0.6630859375 0.3447265625 0.029296875 0.013671875
4 0.61962890625 0.3408203125 0.0341796875 0.013671875
4 0.66357421875 0.36083984375 0.0322265625 0.0126953125
4 0.16162109375 0.44921875 0.0380859375 0.013671875
4 0.2080078125 0.52294921875 0.0390625 0.0146484375
4 0.16015625 0.52099609375 0.037109375 0.0146484375
4 0.158203125 0.50390625 0.04296875 0.017578125
4 0.2119140625 0.5048828125 0.0390625 0.017578125
4 0.16162109375 0.48583984375 0.0380859375 0.0166015625
4 0.20849609375 0.486328125 0.0380859375 0.015625
4 0.16015625 0.46875 0.041015625 0.015625
4 0.162109375 0.4326171875 0.03515625 0.015625
4 0.20849609375 0.3349609375 0.0322265625 0.013671875
4 0.16064453125 0.41455078125 0.0380859375 0.0146484375
4 0.2109375 0.4169921875 0.037109375 0.01171875
4 0.2099609375 0.39892578125 0.0390625 0.0146484375
4 0.1630859375 0.37939453125 0.0390625 0.0166015625
4 0.2119140625 0.38134765625 0.037109375 0.0126953125
4 0.16748046875 0.36474609375 0.0341796875 0.0126953125
4 0.16455078125 0.349609375 0.0302734375 0.013671875
4 0.20751953125 0.54052734375 0.0419921875 0.0166015625
4 0.15869140625 0.53857421875 0.0361328125 0.0146484375
4 0.1572265625 0.5556640625 0.041015625 0.015625
4 0.20361328125 0.576171875 0.0361328125 0.015625
4 0.15234375 0.71484375 0.0390625 0.015625
4 0.19970703125 0.716796875 0.0400390625 0.015625
4 0.15283203125 0.6962890625 0.0380859375 0.015625
4 0.20361328125 0.69775390625 0.0380859375 0.0146484375
4 0.2021484375 0.6806640625 0.037109375 0.015625
4 0.2041015625 0.66357421875 0.041015625 0.0166015625
4 0.15283203125 0.66064453125 0.0419921875 0.0166015625
4 0.15380859375 0.64501953125 0.0400390625 0.0146484375
4 0.203125 0.646484375 0.0390625 0.015625
4 0.2041015625 0.62890625 0.03515625 0.015625
4 0.15625 0.609375 0.0390625 0.017578125
4 0.15673828125 0.591796875 0.0400390625 0.015625
4 0.158203125 0.57421875 0.041015625 0.015625
4 0.20361328125 0.6103515625 0.0341796875 0.015625
4 0.20654296875 0.59326171875 0.0400390625 0.0146484375
4 0.2080078125 0.36767578125 0.03515625 0.0146484375
4 0.1669921875 0.28759765625 0.02734375 0.0107421875
4 0.35009765625 0.6279296875 0.0439453125 0.017578125
4 0.3017578125 0.51611328125 0.041015625 0.0146484375
4 0.3505859375 0.44287109375 0.03515625 0.0146484375
4 0.3037109375 0.46142578125 0.04296875 0.0166015625
4 0.3505859375 0.4619140625 0.037109375 0.015625
4 0.30126953125 0.478515625 0.0439453125 0.015625
4 0.302734375 0.49755859375 0.041015625 0.0166015625
4 0.35400390625 0.4794921875 0.0439453125 0.015625
4 0.3525390625 0.498046875 0.041015625 0.015625
4 0.35302734375 0.5166015625 0.0419921875 0.013671875
4 0.166015625 0.30224609375 0.033203125 0.0126953125
4 0.3515625 0.53515625 0.041015625 0.015625
4 0.30029296875 0.5517578125 0.0419921875 0.015625
4 0.30029296875 0.56982421875 0.0419921875 0.0166015625
4 0.349609375 0.5732421875 0.041015625 0.013671875
4 0.3017578125 0.58935546875 0.0390625 0.0166015625
4 0.2998046875 0.60888671875 0.037109375 0.0166015625
4 0.3515625 0.5908203125 0.04296875 0.017578125
4 0.306640625 0.44287109375 0.0390625 0.0146484375
4 0.35546875 0.42578125 0.0390625 0.015625
4 0.30859375 0.40625 0.033203125 0.015625
4 0.3525390625 0.4052734375 0.033203125 0.013671875
4 0.20849609375 0.31884765625 0.0302734375 0.0107421875
4 0.21484375 0.302734375 0.03515625 0.013671875
4 0.1640625 0.27099609375 0.03125 0.0126953125
4 0.2109375 0.28662109375 0.03515625 0.0126953125
4 0.3154296875 0.255859375 0.03515625 0.015625
4 0.3095703125 0.29248046875 0.02734375 0.0126953125
4 0.35595703125 0.27783203125 0.0341796875 0.0126953125
4 0.35595703125 0.30908203125 0.0322265625 0.0126953125
4 0.31103515625 0.32421875 0.0361328125 0.013671875
4 0.35302734375 0.3251953125 0.0302734375 0.01171875
4 0.3095703125 0.341796875 0.03515625 0.015625
4 0.35595703125 0.3408203125 0.0302734375 0.01171875
4 0.35205078125 0.35595703125 0.0322265625 0.0126953125
4 0.353515625 0.37158203125 0.033203125 0.0146484375
4 0.306640625 0.42333984375 0.0390625 0.0185546875
4 0.2001953125 0.7333984375 0.0390625 0.015625
4 0.15283203125 0.73388671875 0.0361328125 0.0146484375
4 0.15234375 0.7509765625 0.0390625 0.015625
4 0.1962890625 0.7705078125 0.033203125 0.013671875
4 0.02490234375 0.3466796875 0.0322265625 0.013671875
4 0.07421875 0.33154296875 0.03125 0.0107421875
4 0.02783203125 0.36376953125 0.0380859375 0.0166015625
4 0.02587890625 0.37841796875 0.0361328125 0.0146484375
4 0.0703125 0.380859375 0.03515625 0.013671875
4 0.072265625 0.39794921875 0.0390625 0.0166015625
4 0.02587890625 0.4111328125 0.0341796875 0.01171875
4 0.02392578125 0.44189453125 0.0361328125 0.0146484375
4 0.0732421875 0.41552734375 0.037109375 0.0146484375
4 0.02392578125 0.458984375 0.0380859375 0.015625
4 0.017578125 0.68701171875 0.03515625 0.0146484375
4 0.0625 0.70556640625 0.037109375 0.0126953125
4 0.0166015625 0.7197265625 0.03125 0.013671875
4 0.06396484375 0.72412109375 0.0341796875 0.0146484375
4 0.0625 0.7421875 0.041015625 0.015625
4 0.01806640625 0.75439453125 0.0341796875 0.0166015625
4 0.06103515625 0.7607421875 0.0380859375 0.015625
4 0.0166015625 0.78662109375 0.03125 0.0107421875
4 0.060546875 0.79638671875 0.0390625 0.0146484375
4 0.01611328125 0.8046875 0.0322265625 0.013671875
4 0.0166015625 0.8203125 0.03125 0.013671875
4 0.05859375 0.8154296875 0.041015625 0.015625
4 0.1982421875 0.83984375 0.0390625 0.013671875
4 0.1513671875 0.80419921875 0.0390625 0.0146484375
4 0.15234375 0.78564453125 0.0390625 0.0146484375
4 0.150390625 0.7685546875 0.0390625 0.015625
4 0.01708984375 0.703125 0.0322265625 0.015625
4 0.06201171875 0.66845703125 0.0361328125 0.0146484375
4 0.068359375 0.45166015625 0.033203125 0.0126953125
4 0.01904296875 0.6533203125 0.0361328125 0.013671875
4 0.068359375 0.4677734375 0.03125 0.013671875
4 0.0693359375 0.486328125 0.041015625 0.01171875
4 0.02392578125 0.49169921875 0.0380859375 0.0166015625
4 0.0693359375 0.50390625 0.0390625 0.015625
4 0.02099609375 0.52392578125 0.0361328125 0.0166015625
4 0.07080078125 0.5224609375 0.0400390625 0.015625
4 0.06884765625 0.54052734375 0.0341796875 0.0146484375
4 0.0205078125 0.556640625 0.037109375 0.015625
4 0.06689453125 0.560546875 0.0361328125 0.013671875
4 0.01953125 0.58740234375 0.037109375 0.0146484375
4 0.02001953125 0.60302734375 0.0380859375 0.0146484375
4 0.0654296875 0.5966796875 0.037109375 0.01171875
4 0.068359375 0.6123046875 0.037109375 0.01171875
4 0.0654296875 0.63330078125 0.041015625 0.0126953125
4 0.0634765625 0.6494140625 0.0390625 0.013671875
4 0.3515625 0.6083984375 0.044921875 0.015625
4 0.29931640625 0.64306640625 0.0400390625 0.0166015625
4 0.66748046875 0.396484375 0.0498046875 0.015625
4 0.59814453125 0.9052734375 0.0478515625 0.017578125
4 0.60302734375 0.72119140625 0.0439453125 0.0185546875
4 0.60205078125 0.76171875 0.0458984375 0.017578125
4 0.60205078125 0.78173828125 0.0439453125 0.0166015625
4 0.60009765625 0.80419921875 0.0458984375 0.0166015625
4 0.6015625 0.845703125 0.044921875 0.015625
4 0.5986328125 0.86572265625 0.041015625 0.0166015625
4 0.59814453125 0.88623046875 0.0478515625 0.0185546875
4 0.59716796875 0.92724609375 0.0478515625 0.0185546875
4 0.59716796875 0.94775390625 0.0478515625 0.0185546875
4 0.59814453125 0.96923828125 0.0400390625 0.0166015625
4 0.591796875 0.98681640625 0.041015625 0.0146484375
4 0.6044921875 0.701171875 0.04296875 0.017578125
4 0.60595703125 0.681640625 0.0419921875 0.017578125
4 0.60595703125 0.658203125 0.0419921875 0.015625
4 0.60400390625 0.64013671875 0.0478515625 0.0166015625
4 0.49658203125 0.75439453125 0.0458984375 0.0166015625
4 0.49755859375 0.77392578125 0.0419921875 0.0166015625
4 0.49267578125 0.79541015625 0.0439453125 0.0166015625
4 0.44287109375 0.8173828125 0.0380859375 0.013671875
4 0.44189453125 0.83740234375 0.0419921875 0.0166015625
4 0.49365234375 0.8154296875 0.0439453125 0.017578125
4 0.61962890625 0.38916015625 0.0361328125 0.0126953125
4 0.61669921875 0.40380859375 0.0341796875 0.0146484375
4 0.61083984375 0.439453125 0.0439453125 0.015625
4 0.60986328125 0.4580078125 0.0458984375 0.015625
4 0.609375 0.478515625 0.044921875 0.017578125
4 0.61181640625 0.51953125 0.0380859375 0.015625
4 0.60546875 0.5791015625 0.046875 0.015625
4 0.60693359375 0.59912109375 0.0439453125 0.0166015625
4 0.60693359375 0.619140625 0.0458984375 0.017578125
4 0.34912109375 0.64501953125 0.0419921875 0.0146484375
4 0.6640625 0.6279296875 0.044921875 0.017578125
4 0.66015625 0.77978515625 0.052734375 0.0185546875
4 0.66064453125 0.7568359375 0.0556640625 0.017578125
4 0.66015625 0.736328125 0.048828125 0.017578125
4 0.66162109375 0.7138671875 0.0498046875 0.01953125
4 0.66455078125 0.693359375 0.0517578125 0.01953125
4 0.662109375 0.67041015625 0.046875 0.0166015625
4 0.65966796875 0.650390625 0.0439453125 0.01953125
4 0.66796875 0.58642578125 0.0546875 0.0205078125
4 0.66455078125 0.5654296875 0.0458984375 0.015625
4 0.66796875 0.5439453125 0.05078125 0.021484375
4 0.6640625 0.52197265625 0.046875 0.0185546875
4 0.6669921875 0.501953125 0.046875 0.017578125
4 0.66650390625 0.4814453125 0.0458984375 0.015625
4 0.669921875 0.45849609375 0.052734375 0.0205078125
4 0.669921875 0.4150390625 0.044921875 0.015625
4 0.658203125 0.8017578125 0.05078125 0.01953125
4 0.66064453125 0.8232421875 0.0537109375 0.017578125
4 0.65869140625 0.8466796875 0.0537109375 0.017578125
4 0.65478515625 0.86669921875 0.0478515625 0.0166015625
4 0.654296875 0.99365234375 0.044921875 0.0126953125
4 0.65771484375 0.9296875 0.0458984375 0.017578125
4 0.654296875 0.9091796875 0.05078125 0.01953125
4 0.443359375 0.7607421875 0.0390625 0.015625
4 0.49658203125 0.73291015625 0.0439453125 0.0185546875
4 0.4951171875 0.71240234375 0.04296875 0.0166015625
4 0.49462890625 0.69189453125 0.0419921875 0.0166015625
4 0.298828125 0.6630859375 0.04296875 0.015625
4 0.34521484375 0.6630859375 0.0380859375 0.015625
4 0.29541015625 0.681640625 0.0439453125 0.015625
4 0.2958984375 0.69970703125 0.041015625 0.0166015625
4 0.34521484375 0.701171875 0.0380859375 0.017578125
4 0.29638671875 0.71923828125 0.0419921875 0.0185546875
4 0.34619140625 0.720703125 0.0361328125 0.013671875
4 0.3466796875 0.73974609375 0.041015625 0.0146484375
4 0.2939453125 0.75634765625 0.04296875 0.0166015625
4 0.2958984375 0.77587890625 0.0390625 0.0166015625
4 0.34619140625 0.7587890625 0.0400390625 0.015625
4 0.29248046875 0.81396484375 0.0439453125 0.0166015625
4 0.345703125 0.79541015625 0.044921875 0.0185546875
4 0.34814453125 0.77783203125 0.0439453125 0.0146484375
4 0.45849609375 0.29638671875 0.0322265625 0.0126953125
4 0.501953125 0.2978515625 0.033203125 0.013671875
4 0.50341796875 0.32861328125 0.0380859375 0.0146484375
4 0.49951171875 0.35986328125 0.0322265625 0.0146484375
4 0.49951171875 0.392578125 0.0341796875 0.013671875
4 0.49951171875 0.42724609375 0.0361328125 0.0146484375
4 0.50244140625 0.4677734375 0.0439453125 0.013671875
4 0.5009765625 0.4873046875 0.04296875 0.017578125
4 0.50341796875 0.50732421875 0.0478515625 0.0146484375
4 0.501953125 0.52685546875 0.04296875 0.0146484375
4 0.50048828125 0.54833984375 0.0439453125 0.0166015625
4 0.5 0.587890625 0.044921875 0.015625
4 0.4990234375 0.60791015625 0.044921875 0.0185546875
4 0.4990234375 0.63037109375 0.04296875 0.0166015625
4 0.49853515625 0.64794921875 0.0458984375 0.0166015625
4 0.4970703125 0.67138671875 0.046875 0.0166015625
4 0.5 0.3134765625 0.029296875 0.013671875
4 0.45751953125 0.32763671875 0.0341796875 0.0146484375
4 0.4423828125 0.72314453125 0.04296875 0.0185546875
4 0.45947265625 0.310546875 0.0341796875 0.013671875
4 0.4443359375 0.70361328125 0.0390625 0.0166015625
4 0.4443359375 0.68603515625 0.03515625 0.0126953125
4 0.44482421875 0.66650390625 0.0419921875 0.0166015625
4 0.4443359375 0.64892578125 0.033203125 0.0146484375
4 0.44677734375 0.61083984375 0.0400390625 0.0166015625
4 0.447265625 0.57421875 0.041015625 0.017578125
4 0.4462890625 0.55615234375 0.04296875 0.0185546875
4 0.44677734375 0.53759765625 0.0400390625 0.0146484375
4 0.44775390625 0.5205078125 0.0419921875 0.015625
4 0.44970703125 0.48291015625 0.0400390625 0.0146484375
4 0.45166015625 0.44677734375 0.0400390625 0.0146484375
4 0.451171875 0.42822265625 0.041015625 0.0166015625
4 0.45458984375 0.40869140625 0.0361328125 0.0126953125
4 0.4541015625 0.39208984375 0.03515625 0.0146484375
4 0.45556640625 0.37548828125 0.0380859375 0.0146484375
