9 0.9189453125 0.86376953125 0.044921875 0.0380859375
4 0.07568359375 0.21728515625 0.0263671875 0.0380859375
4 0.044921875 0.23193359375 0.0234375 0.0341796875
4 0.0263671875 0.2373046875 0.021484375 0.03515625
4 0.0107421875 0.24267578125 0.021484375 0.0361328125
4 0.01611328125 0.2900390625 0.0322265625 0.04296875
4 0.197265625 0.08935546875 0.021484375 0.0361328125
4 0.18017578125 0.095703125 0.0244140625 0.037109375
4 0.1630859375 0.1005859375 0.021484375 0.03515625
4 0.14892578125 0.109375 0.0244140625 0.037109375
4 0.173828125 0.0517578125 0.021484375 0.03125
4 0.1591796875 0.056640625 0.0234375 0.033203125
4 0.14404296875 0.0615234375 0.0224609375 0.033203125
4 0.12890625 0.06689453125 0.0234375 0.0322265625
4 0.11376953125 0.0712890625 0.0244140625 0.037109375
4 0.13037109375 0.11279296875 0.0205078125 0.0341796875
4 0.1162109375 0.1162109375 0.017578125 0.033203125
4 0.09912109375 0.12255859375 0.0244140625 0.0341796875
4 0.05908203125 0.22509765625 0.0185546875 0.0361328125
4 0.091796875 0.21337890625 0.021484375 0.0341796875
4 0.06494140625 0.1328125 0.0244140625 0.033203125
4 0.06884765625 0.2724609375 0.0244140625 0.04296875
4 0.06396484375 0.3779296875 0.0263671875 0.0390625
4 0.044921875 0.37939453125 0.021484375 0.0439453125
4 0.0283203125 0.38720703125 0.025390625 0.0419921875
4 0.01025390625 0.3935546875 0.0185546875 0.03515625
4 0.20849609375 0.22412109375 0.0244140625 0.0419921875
4 0.20654296875 0.17236328125 0.0224609375 0.0361328125
4 0.18896484375 0.18115234375 0.0205078125 0.0361328125
4 0.1748046875 0.18603515625 0.0234375 0.0380859375
4 0.15771484375 0.193359375 0.0205078125 0.03515625
4 0.189453125 0.23095703125 0.025390625 0.0419921875
4 0.17333984375 0.23681640625 0.0205078125 0.0400390625
4 0.1435546875 0.19677734375 0.025390625 0.0341796875
4 0.125 0.20361328125 0.017578125 0.0380859375
4 0.109375 0.2060546875 0.025390625 0.037109375
4 0.15380859375 0.24169921875 0.0205078125 0.0341796875
4 0.14013671875 0.2490234375 0.0224609375 0.037109375
4 0.11865234375 0.25146484375 0.0224609375 0.0341796875
4 0.10400390625 0.2607421875 0.0244140625 0.041015625
4 0.0830078125 0.1279296875 0.017578125 0.033203125
4 0.0498046875 0.138671875 0.021484375 0.03125
4 0.00830078125 0.1669921875 0.0146484375 0.009765625
4 0.02978515625 0.1474609375 0.0166015625 0.04296875
4 0.06884765625 0.08642578125 0.0224609375 0.0302734375
4 0.05419921875 0.09033203125 0.0224609375 0.0361328125
4 0.03759765625 0.09619140625 0.0244140625 0.0361328125
4 0.02294921875 0.10400390625 0.0166015625 0.0283203125
4 0.0087890625 0.130859375 0.015625 0.064453125
4 0.13037109375 0.00341796875 0.0146484375 0.0048828125
4 0.11279296875 0.005859375 0.0146484375 0.009765625
4 0.03125 0.0146484375 0.0234375 0.02734375
4 0.09716796875 0.0087890625 0.0185546875 0.015625
4 0.06591796875 0.01416015625 0.0205078125 0.0263671875
4 0.0537109375 0.02001953125 0.01171875 0.0283203125
9 0.01806640625 0.99462890625 0.0166015625 0.0107421875
5 0.27978515625 0.5234375 0.5576171875 0.291015625
5 0.4326171875 0.2880859375 0.86328125 0.38671875
5 0.42919921875 0.158203125 0.8564453125 0.314453125
5 0.25732421875 0.0849609375 0.5126953125 0.16796875
4 0.0302734375 0.439453125 0.029296875 0.04296875
4 0.0517578125 0.4384765625 0.029296875 0.0546875
4 0.07177734375 0.43017578125 0.0322265625 0.0537109375
4 0.787109375 0.2763671875 0.037109375 0.0390625
4 0.7685546875 0.2900390625 0.033203125 0.037109375
4 0.7509765625 0.30419921875 0.03125 0.0322265625
1 0.921875 0.3564453125 0.015625 0.03515625
4 0.8203125 0.4150390625 0.046875 0.0234375
4 0.8203125 0.439453125 0.044921875 0.021484375
4 0.8046875 0.49560546875 0.03125 0.0380859375
4 0.82470703125 0.23779296875 0.0322265625 0.0322265625
4 0.66552734375 0.02001953125 0.0244140625 0.0380859375
4 0.63330078125 0.03076171875 0.0224609375 0.0361328125
4 0.61669921875 0.0361328125 0.0224609375 0.037109375
4 0.599609375 0.04150390625 0.0234375 0.0380859375
4 0.583984375 0.046875 0.0234375 0.0390625
4 0.56591796875 0.048828125 0.0224609375 0.029296875
4 0.5498046875 0.05810546875 0.021484375 0.0361328125
4 0.5361328125 0.064453125 0.0234375 0.03515625
4 0.517578125 0.0703125 0.025390625 0.037109375
4 0.5029296875 0.07666015625 0.021484375 0.0341796875
4 0.4853515625 0.080078125 0.0234375 0.037109375
4 0.59228515625 0.0927734375 0.0224609375 0.037109375
4 0.57470703125 0.1005859375 0.0244140625 0.041015625
4 0.5576171875 0.1064453125 0.021484375 0.041015625
4 0.53857421875 0.115234375 0.0244140625 0.037109375
4 0.52197265625 0.1201171875 0.0283203125 0.044921875
4 0.50634765625 0.12744140625 0.0302734375 0.0478515625
4 0.48779296875 0.1298828125 0.0283203125 0.041015625
4 0.70849609375 0.1552734375 0.0263671875 0.044921875
4 0.69091796875 0.1611328125 0.0283203125 0.04296875
4 0.7216796875 0.21044921875 0.021484375 0.0283203125
4 0.7060546875 0.21826171875 0.02734375 0.0478515625
4 0.64892578125 0.02490234375 0.0224609375 0.0380859375
4 0.6806640625 0.01708984375 0.021484375 0.0322265625
4 0.6435546875 0.08056640625 0.021484375 0.0341796875
4 0.494140625 0.00634765625 0.015625 0.0107421875
4 0.47802734375 0.00634765625 0.0166015625 0.0107421875
4 0.71484375 0.01171875 0.015625 0.021484375
4 0.71337890625 0.0546875 0.0263671875 0.041015625
4 0.69677734375 0.0595703125 0.0224609375 0.03515625
4 0.6787109375 0.06494140625 0.02734375 0.0400390625
4 0.66259765625 0.07080078125 0.0224609375 0.0400390625
4 0.8046875 0.2529296875 0.03515625 0.03515625
4 0.93359375 0.22998046875 0.05078125 0.0166015625
4 0.65771484375 0.173828125 0.0244140625 0.0390625
4 0.74072265625 0.197265625 0.0205078125 0.03515625
4 0.75048828125 0.005859375 0.0166015625 0.009765625
4 0.734375 0.0087890625 0.017578125 0.015625
4 0.8447265625 0.009765625 0.06640625 0.017578125
4 0.82568359375 0.033203125 0.0185546875 0.025390625
4 0.8017578125 0.0244140625 0.029296875 0.041015625
4 0.76611328125 0.03369140625 0.0263671875 0.0380859375
4 0.74658203125 0.04296875 0.0224609375 0.037109375
4 0.93115234375 0.14208984375 0.0126953125 0.0263671875
4 0.85107421875 0.09326171875 0.0400390625 0.0771484375
4 0.81298828125 0.1181640625 0.0224609375 0.033203125
4 0.79638671875 0.1240234375 0.0244140625 0.044921875
4 0.779296875 0.13330078125 0.01953125 0.0400390625
4 0.76220703125 0.13671875 0.0244140625 0.0390625
4 0.7255859375 0.1455078125 0.02734375 0.048828125
4 0.91552734375 0.1552734375 0.0126953125 0.02734375
4 0.818359375 0.16552734375 0.015625 0.0283203125
4 0.8046875 0.171875 0.021484375 0.03125
4 0.77490234375 0.18505859375 0.0244140625 0.0380859375
4 0.7578125 0.19677734375 0.025390625 0.0380859375
4 0.88427734375 0.18798828125 0.0126953125 0.0341796875
4 0.86962890625 0.20068359375 0.0146484375 0.0341796875
4 0.68701171875 0.22900390625 0.0361328125 0.0595703125
4 0.63916015625 0.1826171875 0.0224609375 0.03515625
4 0.09765625 0.36328125 0.02734375 0.041015625
4 0.205078125 0.58154296875 0.015625 0.0166015625
4 0.17236328125 0.56884765625 0.0615234375 0.0361328125
4 0.11474609375 0.60986328125 0.0654296875 0.0361328125
4 0.10791015625 0.58935546875 0.0595703125 0.0361328125
4 0.01318359375 0.67041015625 0.0244140625 0.0224609375
4 0.00927734375 0.6474609375 0.0166015625 0.01953125
4 0.0078125 0.62646484375 0.013671875 0.0224609375
4 0.2109375 0.505859375 0.033203125 0.0546875
4 0.19482421875 0.5166015625 0.0263671875 0.048828125
4 0.134765625 0.53076171875 0.037109375 0.0615234375
4 0.119140625 0.55078125 0.021484375 0.033203125
4 0.099609375 0.54736328125 0.02734375 0.0478515625
4 0.06103515625 0.56103515625 0.0283203125 0.0498046875
4 0.04248046875 0.56787109375 0.0302734375 0.0537109375
4 0.0234375 0.57177734375 0.0234375 0.0341796875
4 0.009765625 0.57958984375 0.017578125 0.0498046875
4 0.2177734375 0.3212890625 0.01953125 0.037109375
4 0.2041015625 0.32763671875 0.0234375 0.0380859375
4 0.18408203125 0.33544921875 0.0244140625 0.0400390625
4 0.16845703125 0.34033203125 0.0224609375 0.0419921875
4 0.15185546875 0.34765625 0.0205078125 0.037109375
4 0.13037109375 0.4091796875 0.0302734375 0.05078125
4 0.1748046875 0.59033203125 0.0546875 0.0322265625
4 0.18505859375 0.61279296875 0.0576171875 0.0341796875
4 0.1904296875 0.63330078125 0.044921875 0.0283203125
9 0.068359375 0.80908203125 0.029296875 0.0263671875
0 0.06591796875 0.9853515625 0.0205078125 0.01171875
0 0.0458984375 0.990234375 0.01171875 0.01953125
4 0.6220703125 0.1845703125 0.02734375 0.04296875
4 0.36669921875 0.4560546875 0.0302734375 0.05078125
4 0.32861328125 0.46923828125 0.0322265625 0.0537109375
4 0.3115234375 0.47509765625 0.029296875 0.0517578125
4 0.26953125 0.48681640625 0.029296875 0.0478515625
4 0.251953125 0.4951171875 0.033203125 0.0546875
4 0.232421875 0.50244140625 0.029296875 0.0517578125
4 0.3056640625 0.349609375 0.03125 0.048828125
4 0.2861328125 0.35498046875 0.03125 0.0498046875
4 0.2685546875 0.3642578125 0.033203125 0.052734375
4 0.462890625 0.23681640625 0.021484375 0.0322265625
4 0.4287109375 0.25244140625 0.021484375 0.0400390625
4 0.41455078125 0.2578125 0.0166015625 0.025390625
4 0.39306640625 0.26513671875 0.0224609375 0.0380859375
4 0.37841796875 0.26953125 0.0244140625 0.041015625
4 0.3603515625 0.27587890625 0.0234375 0.0400390625
4 0.3427734375 0.28173828125 0.029296875 0.0400390625
4 0.3251953125 0.28662109375 0.0234375 0.0400390625
4 0.30908203125 0.29345703125 0.0224609375 0.0380859375
4 0.2900390625 0.29736328125 0.025390625 0.0419921875
4 0.2724609375 0.3037109375 0.0234375 0.04296875
4 0.25390625 0.3115234375 0.02734375 0.041015625
4 0.23876953125 0.31689453125 0.0263671875 0.0400390625
4 0.3486328125 0.4638671875 0.02734375 0.05078125
4 0.38720703125 0.44921875 0.0322265625 0.05078125
4 0.4541015625 0.091796875 0.025390625 0.0390625
4 0.40576171875 0.4423828125 0.0302734375 0.048828125
4 0.603515625 0.18994140625 0.0234375 0.0361328125
4 0.587890625 0.19677734375 0.02734375 0.0419921875
4 0.56787109375 0.203125 0.0205078125 0.037109375
4 0.5517578125 0.20263671875 0.017578125 0.0263671875
4 0.51708984375 0.22119140625 0.0244140625 0.0380859375
4 0.49755859375 0.2255859375 0.0205078125 0.03515625
4 0.48291015625 0.232421875 0.0244140625 0.0390625
4 0.53759765625 0.28857421875 0.0419921875 0.0693359375
4 0.4833984375 0.29833984375 0.0390625 0.0673828125
4 0.4638671875 0.2978515625 0.03125 0.052734375
4 0.505859375 0.3896484375 0.01171875 0.021484375
4 0.51904296875 0.39990234375 0.0361328125 0.0615234375
4 0.4794921875 0.4140625 0.029296875 0.05078125
9 0.6640625 0.66552734375 0.05078125 0.0322265625
4 0.5712890625 0.564453125 0.060546875 0.03515625
4 0.51171875 0.58447265625 0.060546875 0.0361328125
4 0.39306640625 0.625 0.0595703125 0.03515625
4 0.3359375 0.64404296875 0.048828125 0.0302734375
4 0.46435546875 0.4248046875 0.0302734375 0.048828125
4 0.44287109375 0.42919921875 0.0341796875 0.0556640625
4 0.42431640625 0.43701171875 0.0322265625 0.0517578125
4 0.46875 0.0849609375 0.0234375 0.037109375
4 0.43603515625 0.09765625 0.0224609375 0.03515625
4 0.3447265625 0.0390625 0.01953125 0.03125
4 0.31201171875 0.04931640625 0.0205078125 0.0361328125
4 0.29248046875 0.0546875 0.0224609375 0.033203125
4 0.2607421875 0.06640625 0.025390625 0.037109375
4 0.24658203125 0.0751953125 0.0185546875 0.03515625
4 0.22802734375 0.078125 0.0244140625 0.03515625
4 0.359375 0.00341796875 0.015625 0.0048828125
4 0.34423828125 0.00634765625 0.0146484375 0.0107421875
4 0.31201171875 0.01171875 0.0224609375 0.021484375
4 0.263671875 0.01904296875 0.025390625 0.0361328125
4 0.24951171875 0.02392578125 0.0244140625 0.0361328125
4 0.236328125 0.029296875 0.021484375 0.03515625
4 0.20361328125 0.041015625 0.0205078125 0.029296875
4 0.3271484375 0.04638671875 0.025390625 0.0380859375
4 0.3916015625 0.02294921875 0.0234375 0.0361328125
4 0.4677734375 0.13525390625 0.0234375 0.0380859375
4 0.41064453125 0.0185546875 0.0244140625 0.03515625
4 0.45263671875 0.14208984375 0.0244140625 0.0400390625
4 0.419921875 0.10107421875 0.025390625 0.0361328125
4 0.4345703125 0.14697265625 0.0234375 0.0400390625
4 0.36962890625 0.111328125 0.0185546875 0.03125
4 0.39892578125 0.16015625 0.0302734375 0.04296875
4 0.38427734375 0.1669921875 0.0263671875 0.037109375
4 0.36474609375 0.171875 0.0283203125 0.041015625
4 0.34765625 0.1767578125 0.0234375 0.041015625
4 0.32958984375 0.1845703125 0.0302734375 0.04296875
4 0.33837890625 0.1279296875 0.0224609375 0.03515625
4 0.3056640625 0.14208984375 0.029296875 0.0380859375
4 0.2734375 0.15283203125 0.021484375 0.0361328125
4 0.25439453125 0.15625 0.0244140625 0.0390625
4 0.2958984375 0.19482421875 0.025390625 0.0419921875
4 0.2763671875 0.2021484375 0.025390625 0.0390625
4 0.26123046875 0.20751953125 0.0244140625 0.0400390625
4 0.2412109375 0.21337890625 0.02734375 0.0400390625
4 0.22314453125 0.16650390625 0.0224609375 0.0322265625
4 0.46044921875 0.0087890625 0.0185546875 0.015625
4 0.443359375 0.0126953125 0.017578125 0.0234375
4 0.42578125 0.01611328125 0.0234375 0.0302734375
