4 0.50244140625 0.28466796875 0.0400390625 0.0244140625
4 0.60400390625 0.41015625 0.0517578125 0.025390625
4 0.60595703125 0.39453125 0.0478515625 0.025390625
4 0.55517578125 0.3798828125 0.0439453125 0.025390625
4 0.56201171875 0.36474609375 0.0380859375 0.0224609375
4 0.619140625 0.35595703125 0.056640625 0.0322265625
4 0.560546875 0.34521484375 0.048828125 0.0302734375
4 0.568359375 0.32958984375 0.041015625 0.0224609375
4 0.62890625 0.3193359375 0.0546875 0.02734375
4 0.576171875 0.29248046875 0.048828125 0.0224609375
4 0.49755859375 0.2998046875 0.0400390625 0.0234375
4 0.5078125 0.2666015625 0.041015625 0.025390625
4 0.39306640625 0.7431640625 0.0205078125 0.03125
4 0.5830078125 0.2763671875 0.044921875 0.025390625
4 0.6435546875 0.28271484375 0.0546875 0.0302734375
4 0.58642578125 0.26123046875 0.0458984375 0.0263671875
4 0.5126953125 0.25048828125 0.04296875 0.0263671875
4 0.64453125 0.26171875 0.0546875 0.029296875
4 0.59130859375 0.2412109375 0.0458984375 0.02734375
4 0.51708984375 0.23193359375 0.0400390625 0.0224609375
4 0.5966796875 0.22412109375 0.044921875 0.0283203125
4 0.60302734375 0.20703125 0.0419921875 0.021484375
4 0.525390625 0.201171875 0.041015625 0.0234375
4 0.5498046875 0.39794921875 0.044921875 0.0263671875
4 0.54638671875 0.41259765625 0.0400390625 0.0224609375
4 0.5986328125 0.42919921875 0.05078125 0.0302734375
4 0.70751953125 0.4189453125 0.0224609375 0.08984375
4 0.61376953125 0.8837890625 0.0283203125 0.048828125
4 0.66162109375 0.84716796875 0.0166015625 0.0166015625
4 0.75537109375 0.75439453125 0.0166015625 0.0146484375
4 0.7421875 0.73388671875 0.0546875 0.0302734375
4 0.7060546875 0.6640625 0.078125 0.044921875
4 0.74609375 0.60595703125 0.015625 0.0107421875
4 0.77001953125 0.54931640625 0.0302734375 0.0537109375
4 0.732421875 0.564453125 0.033203125 0.05078125
4 0.68896484375 0.58935546875 0.0634765625 0.0400390625
4 0.68115234375 0.56494140625 0.0517578125 0.0322265625
4 0.5419921875 0.5537109375 0.06640625 0.02734375
4 0.5693359375 0.53125 0.048828125 0.01953125
4 0.58349609375 0.4873046875 0.0556640625 0.03125
4 0.58837890625 0.47021484375 0.0537109375 0.0322265625
4 0.76025390625 0.42578125 0.0283203125 0.048828125
4 0.73388671875 0.44091796875 0.0205078125 0.0595703125
4 0.76513671875 0.3671875 0.0244140625 0.0390625
4 0.7470703125 0.3759765625 0.0234375 0.0390625
4 0.6630859375 0.2099609375 0.0546875 0.029296875
4 0.60400390625 0.18603515625 0.0458984375 0.0244140625
4 0.53076171875 0.18408203125 0.0419921875 0.0224609375
4 0.49755859375 0.1630859375 0.0107421875 0.021484375
0 0.53564453125 0.0068359375 0.0185546875 0.01171875
4 0.61474609375 0.15185546875 0.0478515625 0.0244140625
4 0.52685546875 0.1630859375 0.0478515625 0.025390625
4 0.6171875 0.134765625 0.044921875 0.0234375
4 0.61962890625 0.11572265625 0.0498046875 0.0283203125
4 0.5947265625 0.05859375 0.0234375 0.0234375
4 0.62060546875 0.01611328125 0.0244140625 0.0126953125
4 0.88232421875 0.17529296875 0.0263671875 0.0380859375
4 0.8515625 0.18994140625 0.0234375 0.0341796875
4 0.8330078125 0.1953125 0.021484375 0.03515625
4 0.8173828125 0.20068359375 0.021484375 0.0361328125
4 0.765625 0.2099609375 0.013671875 0.017578125
4 0.78271484375 0.21240234375 0.0185546875 0.0380859375
4 0.82275390625 0.248046875 0.0322265625 0.04296875
4 0.8046875 0.2548828125 0.029296875 0.046875
4 0.787109375 0.265625 0.01171875 0.029296875
4 0.76513671875 0.25048828125 0.0185546875 0.0654296875
4 0.98681640625 0.0537109375 0.0244140625 0.037109375
4 0.9697265625 0.05859375 0.021484375 0.03515625
4 0.95556640625 0.0673828125 0.0244140625 0.037109375
4 0.98046875 0.01318359375 0.021484375 0.0244140625
4 0.96728515625 0.01611328125 0.0205078125 0.0302734375
4 0.95068359375 0.01953125 0.0224609375 0.033203125
4 0.935546875 0.02490234375 0.0234375 0.0322265625
4 0.92041015625 0.029296875 0.0244140625 0.037109375
4 0.93701171875 0.07080078125 0.0205078125 0.0341796875
4 0.9228515625 0.07421875 0.017578125 0.033203125
4 0.90576171875 0.08056640625 0.0244140625 0.0341796875
4 0.86572265625 0.18310546875 0.0185546875 0.0361328125
4 0.8984375 0.17138671875 0.021484375 0.0341796875
4 0.87158203125 0.0908203125 0.0244140625 0.033203125
4 0.87548828125 0.23046875 0.0244140625 0.04296875
4 0.78173828125 0.421875 0.0263671875 0.05078125
4 0.87060546875 0.3359375 0.0263671875 0.0390625
4 0.8515625 0.33740234375 0.021484375 0.0439453125
4 0.8349609375 0.34521484375 0.025390625 0.0419921875
4 0.81689453125 0.3515625 0.0185546875 0.03515625
4 0.79833984375 0.3583984375 0.0263671875 0.044921875
4 0.78271484375 0.36279296875 0.0244140625 0.0419921875
4 0.99267578125 0.138671875 0.0146484375 0.03515625
4 0.9814453125 0.14404296875 0.0234375 0.0380859375
4 0.96435546875 0.1513671875 0.0205078125 0.03515625
4 0.99169921875 0.1884765625 0.0166015625 0.041015625
4 0.97998046875 0.19482421875 0.0205078125 0.0400390625
4 0.9501953125 0.15478515625 0.025390625 0.0341796875
4 0.931640625 0.16162109375 0.017578125 0.0380859375
4 0.916015625 0.1640625 0.025390625 0.037109375
4 0.96044921875 0.19970703125 0.0205078125 0.0341796875
4 0.94677734375 0.20703125 0.0224609375 0.037109375
4 0.92529296875 0.20947265625 0.0224609375 0.0341796875
4 0.91064453125 0.21875 0.0244140625 0.041015625
4 0.8896484375 0.0859375 0.017578125 0.033203125
4 0.8564453125 0.0966796875 0.021484375 0.03125
4 0.8134765625 0.125 0.017578125 0.009765625
4 0.83642578125 0.10546875 0.0166015625 0.04296875
4 0.87548828125 0.04443359375 0.0224609375 0.0302734375
4 0.86083984375 0.04833984375 0.0224609375 0.0361328125
4 0.84423828125 0.05419921875 0.0244140625 0.0361328125
4 0.82958984375 0.06201171875 0.0166015625 0.0283203125
4 0.81103515625 0.0888671875 0.0244140625 0.064453125
4 0.48046875 0.1923828125 0.03515625 0.021484375
4 0.02587890625 0.296875 0.0185546875 0.015625
4 0.0771484375 0.2783203125 0.05859375 0.044921875
4 0.19970703125 0.2783203125 0.0537109375 0.037109375
4 0.25634765625 0.259765625 0.0458984375 0.033203125
4 0.248046875 0.2490234375 0.041015625 0.03125
4 0.1826171875 0.244140625 0.048828125 0.033203125
4 0.1708984375 0.2265625 0.052734375 0.037109375
4 0.29052734375 0.19775390625 0.0244140625 0.0126953125
4 0.25048828125 0.1962890625 0.0146484375 0.01171875
4 0.30224609375 0.18212890625 0.0087890625 0.0185546875
4 0.29541015625 0.18017578125 0.0087890625 0.0185546875
4 0.28759765625 0.18017578125 0.0087890625 0.0185546875
4 0.27197265625 0.18115234375 0.0087890625 0.0185546875
4 0.25634765625 0.18017578125 0.0107421875 0.0185546875
4 0.2060546875 0.17333984375 0.009765625 0.0126953125
4 0.19921875 0.17333984375 0.005859375 0.0126953125
4 0.19384765625 0.173828125 0.0068359375 0.01171875
4 0.01904296875 0.20703125 0.0244140625 0.0390625
4 0.0322265625 0.19384765625 0.017578125 0.0439453125
4 0.056640625 0.18701171875 0.015625 0.0419921875
4 0.0732421875 0.17919921875 0.015625 0.0419921875
4 0.08740234375 0.173828125 0.0166015625 0.04296875
4 0.0859375 0.2998046875 0.05078125 0.037109375
4 0.02783203125 0.3271484375 0.0537109375 0.04296875
4 0.12060546875 0.166015625 0.0263671875 0.052734375
4 0.09521484375 0.3193359375 0.0517578125 0.0390625
4 0.11181640625 0.4736328125 0.0107421875 0.013671875
4 0.06982421875 0.50244140625 0.0146484375 0.0185546875
4 0.10009765625 0.4873046875 0.0166015625 0.021484375
4 0.1748046875 0.44091796875 0.037109375 0.0302734375
4 0.09228515625 0.45703125 0.0634765625 0.05078125
4 0.15380859375 0.4267578125 0.0556640625 0.041015625
4 0.1455078125 0.40380859375 0.0625 0.0458984375
4 0.0771484375 0.43505859375 0.06640625 0.0478515625
4 0.13232421875 0.390625 0.0517578125 0.0390625
4 0.1240234375 0.37158203125 0.05859375 0.0400390625
4 0.0576171875 0.3916015625 0.0625 0.044921875
4 0.24462890625 0.36328125 0.0517578125 0.03515625
4 0.23486328125 0.34765625 0.0556640625 0.0390625
4 0.27978515625 0.3173828125 0.0205078125 0.015625
4 0.224609375 0.33154296875 0.0546875 0.0400390625
4 0.2783203125 0.30126953125 0.04296875 0.0302734375
4 0.26513671875 0.2900390625 0.0341796875 0.025390625
4 0.22021484375 0.3154296875 0.0498046875 0.03515625
4 0.04443359375 0.37109375 0.0556640625 0.041015625
4 0.03564453125 0.3505859375 0.0673828125 0.046875
4 0.10400390625 0.33740234375 0.0517578125 0.0380859375
4 0.1044921875 0.16748046875 0.0234375 0.0478515625
4 0.14208984375 0.1640625 0.0166015625 0.048828125
4 0.12353515625 0.48046875 0.0107421875 0.01171875
5 0.68115234375 0.8916015625 0.1435546875 0.14453125
9 0.8271484375 0.9677734375 0.021484375 0.041015625
5 0.4052734375 0.91796875 0.083984375 0.091796875
5 0.3603515625 0.77783203125 0.126953125 0.1416015625
5 0.0498046875 0.70166015625 0.09765625 0.1162109375
5 0.447265625 0.37353515625 0.1875 0.3720703125
5 0.37109375 0.28466796875 0.1015625 0.1572265625
5 0.23193359375 0.35693359375 0.2998046875 0.3583984375
5 0.09375 0.39111328125 0.185546875 0.1982421875
5 0.58837890625 0.3681640625 0.2119140625 0.396484375
5 0.85986328125 0.544921875 0.2802734375 0.197265625
5 0.69921875 0.60791015625 0.111328125 0.1298828125
5 0.84375 0.3681640625 0.3125 0.201171875
5 0.873046875 0.20361328125 0.25390625 0.1630859375
5 0.8994140625 0.06396484375 0.201171875 0.1259765625
0 0.091796875 0.13623046875 0.0234375 0.0205078125
0 0.05615234375 0.1494140625 0.0224609375 0.01953125
0 0.01220703125 0.119140625 0.0205078125 0.017578125
0 0.0185546875 0.107421875 0.021484375 0.015625
0 0.0283203125 0.09765625 0.021484375 0.01953125
4 0.24169921875 0.021484375 0.0146484375 0.021484375
0 0.2001953125 0.0546875 0.013671875 0.0234375
0 0.181640625 0.07275390625 0.01171875 0.0224609375
0 0.16943359375 0.076171875 0.0107421875 0.01953125
0 0.13916015625 0.09619140625 0.0107421875 0.0205078125
0 0.1591796875 0.08349609375 0.01171875 0.0224609375
0 0.1337890625 0.0732421875 0.009765625 0.01953125
0 0.12451171875 0.0810546875 0.0087890625 0.01953125
0 0.1142578125 0.08935546875 0.009765625 0.0224609375
0 0.08740234375 0.04541015625 0.0224609375 0.0166015625
0 0.1220703125 0.01220703125 0.029296875 0.0244140625
0 0.1328125 0.0078125 0.0234375 0.013671875
4 0.15234375 0.46240234375 0.01171875 0.0126953125
4 0.24755859375 0.50439453125 0.0595703125 0.0400390625
4 0.3134765625 0.00439453125 0.013671875 0.0068359375
0 0.42919921875 0.03955078125 0.0146484375 0.0185546875
0 0.4169921875 0.0576171875 0.009765625 0.01953125
0 0.4052734375 0.0615234375 0.01171875 0.0234375
0 0.38720703125 0.0654296875 0.0126953125 0.0234375
0 0.3740234375 0.06689453125 0.013671875 0.0205078125
4 0.4755859375 0.2255859375 0.03125 0.01171875
4 0.46875 0.2392578125 0.033203125 0.015625
4 0.466796875 0.2548828125 0.03125 0.017578125
4 0.42724609375 0.2041015625 0.0341796875 0.013671875
4 0.31689453125 0.1826171875 0.0126953125 0.021484375
4 0.3515625 0.18310546875 0.017578125 0.0126953125
4 0.34375 0.19970703125 0.044921875 0.0244140625
4 0.37744140625 0.216796875 0.0322265625 0.015625
4 0.408203125 0.23828125 0.02734375 0.052734375
4 0.37109375 0.23291015625 0.033203125 0.0185546875
4 0.36474609375 0.2451171875 0.0400390625 0.01953125
4 0.46044921875 0.26806640625 0.0341796875 0.0205078125
4 0.46044921875 0.2822265625 0.0263671875 0.015625
4 0.45458984375 0.294921875 0.0322265625 0.01953125
4 0.41162109375 0.27001953125 0.0126953125 0.0107421875
4 0.39404296875 0.28662109375 0.0302734375 0.0478515625
4 0.318359375 0.00244140625 0.009765625 0.0029296875
4 0.4931640625 0.3154296875 0.0390625 0.025390625
0 0.3984375 0.0087890625 0.021484375 0.017578125
0 0.40966796875 0.00634765625 0.0205078125 0.0107421875
4 0.359375 0.27587890625 0.033203125 0.0205078125
4 0.44677734375 0.32275390625 0.0322265625 0.0205078125
4 0.21826171875 0.51806640625 0.0126953125 0.0166015625
4 0.53466796875 0.45849609375 0.0400390625 0.0224609375
4 0.4541015625 0.419921875 0.048828125 0.017578125
4 0.5244140625 0.4873046875 0.04296875 0.017578125
4 0.5234375 0.50244140625 0.037109375 0.0166015625
4 0.51904296875 0.517578125 0.0419921875 0.025390625
4 0.30859375 0.4365234375 0.033203125 0.025390625
4 0.3974609375 0.42626953125 0.03515625 0.0166015625
4 0.30859375 0.45556640625 0.037109375 0.0283203125
4 0.44873046875 0.4365234375 0.0439453125 0.025390625
4 0.4462890625 0.45556640625 0.048828125 0.0302734375
4 0.39013671875 0.45361328125 0.0380859375 0.0166015625
4 0.3046875 0.4755859375 0.03515625 0.02734375
4 0.517578125 0.5302734375 0.03515625 0.015625
4 0.4404296875 0.4775390625 0.041015625 0.029296875
4 0.43212890625 0.49609375 0.0478515625 0.029296875
4 0.3798828125 0.50146484375 0.037109375 0.0146484375
4 0.37158203125 0.51708984375 0.0380859375 0.0146484375
4 0.30810546875 0.49853515625 0.0341796875 0.0283203125
4 0.4248046875 0.53955078125 0.046875 0.0224609375
4 0.37646484375 0.53515625 0.0400390625 0.013671875
4 0.02001953125 0.67041015625 0.0361328125 0.0146484375
4 0.255859375 0.533203125 0.080078125 0.05859375
4 0.53125 0.47216796875 0.041015625 0.0224609375
4 0.31103515625 0.42041015625 0.0380859375 0.0302734375
4 0.35205078125 0.28857421875 0.0322265625 0.0205078125
4 0.5361328125 0.44091796875 0.04296875 0.0224609375
4 0.35009765625 0.30419921875 0.0283203125 0.0185546875
4 0.48974609375 0.333984375 0.0380859375 0.017578125
4 0.443359375 0.337890625 0.029296875 0.01953125
4 0.4365234375 0.35107421875 0.029296875 0.0205078125
4 0.48388671875 0.35009765625 0.0400390625 0.0244140625
4 0.48046875 0.36572265625 0.0390625 0.0205078125
4 0.435546875 0.36767578125 0.03125 0.0185546875
4 0.3837890625 0.33203125 0.0234375 0.041015625
4 0.36572265625 0.33984375 0.0205078125 0.046875
4 0.29248046875 0.33056640625 0.0439453125 0.0283203125
4 0.2978515625 0.34228515625 0.041015625 0.0283203125
4 0.302734375 0.3583984375 0.037109375 0.02734375
4 0.31103515625 0.3681640625 0.0380859375 0.029296875
4 0.31591796875 0.3837890625 0.0341796875 0.025390625
4 0.2529296875 0.3818359375 0.0546875 0.041015625
4 0.26513671875 0.3955078125 0.0498046875 0.037109375
4 0.47412109375 0.3818359375 0.0380859375 0.021484375
4 0.31103515625 0.40185546875 0.0322265625 0.0263671875
4 0.46728515625 0.4013671875 0.0341796875 0.013671875
4 0.41748046875 0.39404296875 0.0458984375 0.0185546875
4 0.54150390625 0.4287109375 0.0380859375 0.021484375
4 0.8369140625 0.3974609375 0.029296875 0.04296875
4 0.8583984375 0.396484375 0.029296875 0.0546875
4 0.87841796875 0.38818359375 0.0322265625 0.0537109375
4 0.41015625 0.78271484375 0.0234375 0.0341796875
4 0.44873046875 0.93017578125 0.0224609375 0.0439453125
4 0.43603515625 0.8798828125 0.0205078125 0.03515625
4 0.904296875 0.3212890625 0.02734375 0.041015625
4 0.97412109375 0.52734375 0.0517578125 0.03515625
4 0.92138671875 0.56787109375 0.0654296875 0.0361328125
4 0.91455078125 0.54736328125 0.0595703125 0.0361328125
4 0.80419921875 0.6318359375 0.0556640625 0.029296875
4 0.796875 0.611328125 0.0546875 0.03125
4 0.7919921875 0.59033203125 0.05859375 0.0341796875
4 0.94140625 0.48876953125 0.037109375 0.0615234375
4 0.92578125 0.5087890625 0.021484375 0.033203125
4 0.90625 0.50537109375 0.02734375 0.0478515625
4 0.86767578125 0.51904296875 0.0283203125 0.0498046875
4 0.84912109375 0.52587890625 0.0302734375 0.0537109375
4 0.830078125 0.52978515625 0.0234375 0.0341796875
4 0.81005859375 0.53759765625 0.0302734375 0.0498046875
4 0.9892578125 0.29345703125 0.021484375 0.0400390625
4 0.97509765625 0.29833984375 0.0224609375 0.0419921875
4 0.95849609375 0.3056640625 0.0205078125 0.037109375
4 0.93701171875 0.3671875 0.0302734375 0.05078125
4 0.97705078125 0.548828125 0.0458984375 0.03125
4 0.9814453125 0.5732421875 0.037109375 0.029296875
4 0.9873046875 0.59423828125 0.025390625 0.0224609375
9 0.875 0.76708984375 0.029296875 0.0263671875
0 0.87255859375 0.943359375 0.0205078125 0.01171875
0 0.8525390625 0.94970703125 0.01171875 0.0224609375
