4 0.3369140625 0.787109375 0.017578125 0.056640625
4 0.814453125 0.49658203125 0.029296875 0.0185546875
4 0.265625 0.1982421875 0.033203125 0.123046875
4 0.20068359375 0.15869140625 0.0185546875 0.0498046875
4 0.17041015625 0.2236328125 0.0205078125 0.060546875
4 0.177734375 0.15966796875 0.017578125 0.0478515625
4 0.1513671875 0.1572265625 0.01953125 0.05078125
4 0.1259765625 0.154296875 0.01953125 0.056640625
4 0.09912109375 0.15087890625 0.0166015625 0.0556640625
4 0.076171875 0.15234375 0.017578125 0.046875
4 0.05126953125 0.15234375 0.0205078125 0.05078125
4 0.08447265625 0.22607421875 0.0166015625 0.0478515625
4 0.037109375 0.2236328125 0.03515625 0.064453125
4 0.009765625 0.22021484375 0.017578125 0.0615234375
4 0.00390625 0.14697265625 0.005859375 0.0556640625
4 0.75146484375 0.4736328125 0.0634765625 0.021484375
4 0.22900390625 0.9482421875 0.0166015625 0.046875
4 0.19873046875 0.92578125 0.0263671875 0.078125
4 0.16064453125 0.99658203125 0.0126953125 0.0068359375
4 0.75537109375 0.4990234375 0.0556640625 0.021484375
4 0.76025390625 0.45068359375 0.0595703125 0.0185546875
4 0.544921875 0.513671875 0.044921875 0.017578125
4 0.55029296875 0.32080078125 0.0458984375 0.0185546875
4 0.54736328125 0.36328125 0.0458984375 0.01953125
4 0.54736328125 0.384765625 0.0517578125 0.01953125
4 0.5478515625 0.40771484375 0.046875 0.0166015625
4 0.546875 0.42822265625 0.052734375 0.0205078125
4 0.5458984375 0.4521484375 0.041015625 0.013671875
4 0.54638671875 0.47021484375 0.0517578125 0.0185546875
4 0.6142578125 0.47802734375 0.056640625 0.0205078125
4 0.61865234375 0.22119140625 0.0654296875 0.0205078125
4 0.61279296875 0.45458984375 0.0595703125 0.0185546875
4 0.61279296875 0.408203125 0.0634765625 0.01953125
4 0.61328125 0.3837890625 0.0546875 0.01953125
4 0.615234375 0.36083984375 0.056640625 0.0185546875
4 0.61767578125 0.33935546875 0.0556640625 0.0224609375
4 0.62060546875 0.31494140625 0.0615234375 0.0224609375
4 0.62060546875 0.2919921875 0.0654296875 0.021484375
4 0.55029296875 0.2998046875 0.0517578125 0.01953125
4 0.552734375 0.27685546875 0.046875 0.0185546875
4 0.55126953125 0.255859375 0.0517578125 0.017578125
4 0.5498046875 0.23486328125 0.052734375 0.0185546875
4 0.5576171875 0.00341796875 0.05078125 0.0048828125
4 0.6201171875 0.0078125 0.044921875 0.013671875
4 0.55810546875 0.0390625 0.0498046875 0.01953125
4 0.55712890625 0.0634765625 0.0498046875 0.017578125
4 0.556640625 0.083984375 0.048828125 0.017578125
4 0.5546875 0.107421875 0.048828125 0.015625
4 0.556640625 0.12890625 0.0546875 0.01953125
4 0.552734375 0.1513671875 0.03515625 0.013671875
4 0.5556640625 0.169921875 0.046875 0.01953125
4 0.55419921875 0.19287109375 0.0478515625 0.0166015625
4 0.552734375 0.212890625 0.048828125 0.01953125
4 0.61767578125 0.26513671875 0.0576171875 0.0244140625
4 0.61865234375 0.1748046875 0.0595703125 0.017578125
4 0.7568359375 0.42919921875 0.0546875 0.0185546875
4 0.771484375 0.17138671875 0.052734375 0.0205078125
4 0.810546875 0.01123046875 0.017578125 0.0205078125
4 0.7685546875 0.0556640625 0.0625 0.01953125
4 0.7705078125 0.07861328125 0.05859375 0.0205078125
4 0.7705078125 0.10205078125 0.05859375 0.0205078125
4 0.76611328125 0.14697265625 0.0654296875 0.0205078125
4 0.76318359375 0.1943359375 0.0517578125 0.021484375
4 0.62548828125 0.1513671875 0.0634765625 0.021484375
4 0.7666015625 0.24169921875 0.060546875 0.0224609375
4 0.76318359375 0.26416015625 0.0654296875 0.0205078125
4 0.763671875 0.28662109375 0.05859375 0.0205078125
4 0.759765625 0.3564453125 0.064453125 0.017578125
4 0.80859375 0.34521484375 0.013671875 0.0341796875
4 0.76171875 0.38134765625 0.060546875 0.0205078125
4 0.76171875 0.404296875 0.0625 0.017578125
4 0.62451171875 0.126953125 0.0654296875 0.01953125
4 0.6279296875 0.08203125 0.0546875 0.017578125
4 0.626953125 0.0576171875 0.056640625 0.017578125
4 0.62353515625 0.03369140625 0.0537109375 0.0185546875
5 0.11767578125 0.67236328125 0.2333984375 0.1787109375
5 0.76953125 0.28076171875 0.087890625 0.5126953125
5 0.583984375 0.2802734375 0.1328125 0.55859375
5 0.11279296875 0.9384765625 0.2236328125 0.123046875
5 0.12060546875 0.41064453125 0.2392578125 0.1591796875
5 0.126953125 0.19140625 0.251953125 0.134765625
5 0.404296875 0.232421875 0.1171875 0.462890625
5 0.248046875 0.02490234375 0.099609375 0.0478515625
5 0.0986328125 0.0224609375 0.087890625 0.04296875
4 0.03076171875 0.44140625 0.0185546875 0.06640625
4 0.00341796875 0.619140625 0.0048828125 0.072265625
4 0.0537109375 0.6240234375 0.0234375 0.0703125
4 0.00341796875 0.71240234375 0.0048828125 0.0830078125
4 0.0244140625 0.7119140625 0.02734375 0.0859375
4 0.0869140625 0.62353515625 0.021484375 0.0732421875
4 0.115234375 0.62353515625 0.025390625 0.0712890625
4 0.177734375 0.62646484375 0.029296875 0.0810546875
4 0.13330078125 0.720703125 0.0283203125 0.08984375
4 0.2060546875 0.720703125 0.0234375 0.080078125
4 0.24462890625 0.7080078125 0.0302734375 0.103515625
4 0.24951171875 0.4384765625 0.0283203125 0.091796875
4 0.13623046875 0.36572265625 0.0205078125 0.0595703125
4 0.1201171875 0.43896484375 0.021484375 0.0595703125
4 0.11279296875 0.36572265625 0.0205078125 0.0595703125
4 0.0537109375 0.36328125 0.0234375 0.056640625
4 0.07958984375 0.36572265625 0.0224609375 0.0556640625
4 0.02587890625 0.3642578125 0.0205078125 0.052734375
4 0.091796875 0.44775390625 0.0234375 0.0732421875
4 0.0576171875 0.45166015625 0.021484375 0.0576171875
4 0.00634765625 0.36279296875 0.0107421875 0.0595703125
4 0.37939453125 0.1005859375 0.0478515625 0.017578125
4 0.38134765625 0.00439453125 0.0458984375 0.0068359375
4 0.3828125 0.041015625 0.044921875 0.015625
4 0.3798828125 0.06103515625 0.041015625 0.0166015625
4 0.37939453125 0.08154296875 0.0478515625 0.0185546875
4 0.37841796875 0.12255859375 0.0478515625 0.0185546875
4 0.3720703125 0.30419921875 0.048828125 0.0146484375
4 0.37841796875 0.14306640625 0.0478515625 0.0185546875
4 0.37939453125 0.16455078125 0.0400390625 0.0166015625
4 0.373046875 0.18212890625 0.041015625 0.0146484375
4 0.3759765625 0.2041015625 0.046875 0.017578125
4 0.3759765625 0.224609375 0.046875 0.017578125
4 0.37353515625 0.244140625 0.0478515625 0.015625
4 0.3720703125 0.26416015625 0.046875 0.0185546875
4 0.22412109375 0.0126953125 0.0380859375 0.013671875
4 0.22314453125 0.03271484375 0.0419921875 0.0166015625
4 0.27490234375 0.0107421875 0.0439453125 0.017578125
4 0.3740234375 0.28662109375 0.044921875 0.0146484375
4 0.373046875 0.32568359375 0.046875 0.0166015625
4 0.37158203125 0.345703125 0.0458984375 0.017578125
4 0.43896484375 0.00390625 0.0498046875 0.005859375
4 0.44189453125 0.0185546875 0.0537109375 0.017578125
4 0.43994140625 0.0419921875 0.0537109375 0.017578125
4 0.43603515625 0.06201171875 0.0478515625 0.0166015625
4 0.37060546875 0.4052734375 0.0458984375 0.017578125
4 0.3720703125 0.42578125 0.04296875 0.015625
4 0.42626953125 0.42578125 0.0478515625 0.017578125
4 0.43115234375 0.40576171875 0.0419921875 0.0166015625
4 0.4287109375 0.3828125 0.04296875 0.015625
4 0.43115234375 0.3388671875 0.0419921875 0.015625
4 0.435546875 0.31884765625 0.0546875 0.0185546875
4 0.4306640625 0.2978515625 0.05078125 0.017578125
4 0.43115234375 0.27734375 0.0498046875 0.01953125
4 0.43115234375 0.25341796875 0.0478515625 0.0146484375
4 0.431640625 0.234375 0.046875 0.015625
4 0.4326171875 0.212890625 0.046875 0.01953125
4 0.435546875 0.19091796875 0.044921875 0.0166015625
4 0.43896484375 0.125 0.0458984375 0.017578125
4 0.435546875 0.1044921875 0.05078125 0.01953125
4 0.07373046875 0.00927734375 0.0439453125 0.0166015625
