4 0.48095703125 0.4697265625 0.0830078125 0.056640625
4 0.0234375 0.78857421875 0.0234375 0.0185546875
4 0.2119140625 0.4951171875 0.072265625 0.056640625
4 0.22607421875 0.55419921875 0.0712890625 0.0537109375
4 0.14697265625 0.5546875 0.0556640625 0.080078125
4 0.24609375 0.5869140625 0.068359375 0.052734375
4 0.1826171875 0.64306640625 0.0390625 0.0771484375
4 0.2666015625 0.64599609375 0.06640625 0.0380859375
4 0.2822265625 0.68408203125 0.08984375 0.0556640625
4 0.212890625 0.7265625 0.0546875 0.08984375
4 0.04443359375 0.69775390625 0.0361328125 0.0302734375
4 0.05810546875 0.71337890625 0.0341796875 0.0244140625
4 0.06396484375 0.72705078125 0.0361328125 0.0263671875
4 0.0673828125 0.7421875 0.033203125 0.02734375
4 0.0732421875 0.755859375 0.03515625 0.02734375
4 0.07861328125 0.76904296875 0.0361328125 0.0263671875
4 0.083984375 0.783203125 0.033203125 0.0234375
4 0.09033203125 0.79638671875 0.0341796875 0.0283203125
4 0.08642578125 0.81298828125 0.0302734375 0.0224609375
4 0.095703125 0.8232421875 0.03125 0.025390625
4 0.1669921875 0.818359375 0.03125 0.0390625
4 0.05517578125 0.849609375 0.0283203125 0.021484375
4 0.05810546875 0.86181640625 0.0283203125 0.0205078125
4 0.06396484375 0.876953125 0.0341796875 0.021484375
4 0.09521484375 0.8427734375 0.0205078125 0.013671875
4 0.0966796875 0.8525390625 0.01953125 0.013671875
4 0.09912109375 0.8603515625 0.0205078125 0.013671875
4 0.1162109375 0.46533203125 0.0546875 0.0869140625
4 0.27685546875 0.41162109375 0.0791015625 0.0576171875
4 0.25732421875 0.33544921875 0.0791015625 0.0595703125
4 0.21533203125 0.06884765625 0.0771484375 0.0615234375
5 0.24267578125 0.0859375 0.2861328125 0.169921875
5 0.3330078125 0.15185546875 0.484375 0.3017578125
5 0.3623046875 0.24658203125 0.466796875 0.2939453125
5 0.37060546875 0.3837890625 0.3994140625 0.23046875
5 0.35791015625 0.50927734375 0.3095703125 0.1728515625
5 0.35009765625 0.63916015625 0.2275390625 0.0830078125
5 0.36181640625 0.763671875 0.1474609375 0.07421875
4 0.1875 0.0166015625 0.0625 0.03125
4 0.142578125 0.06494140625 0.041015625 0.0634765625
4 0.09033203125 0.0810546875 0.0458984375 0.068359375
4 0.1748046875 0.38623046875 0.07421875 0.0576171875
4 0.0673828125 0.1484375 0.03515625 0.0546875
4 0.12744140625 0.24853515625 0.0849609375 0.0673828125
4 0.0927734375 0.216796875 0.029296875 0.046875
4 0.04736328125 0.22119140625 0.0380859375 0.0556640625
4 0.26953125 0.20947265625 0.0625 0.0517578125
4 0.20654296875 0.24951171875 0.0693359375 0.0537109375
4 0.13720703125 0.2919921875 0.0712890625 0.056640625
4 0.05029296875 0.29248046875 0.0439453125 0.0595703125
4 0.2529296875 0.28955078125 0.0859375 0.0673828125
4 0.1591796875 0.34619140625 0.0859375 0.0615234375
4 0.078125 0.36962890625 0.0546875 0.0830078125
4 0.123046875 0.8251953125 0.0234375 0.01953125
4 0.0244140625 0.77783203125 0.021484375 0.0107421875
4 0.47998046875 0.42724609375 0.0478515625 0.0419921875
4 0.0166015625 0.76904296875 0.02734375 0.0146484375
4 0.3701171875 0.02490234375 0.0703125 0.0478515625
4 0.47119140625 0.03466796875 0.0771484375 0.0673828125
4 0.49462890625 0.0703125 0.0771484375 0.0625
4 0.5654296875 0.02587890625 0.064453125 0.0498046875
4 0.4677734375 0.1572265625 0.076171875 0.0625
4 0.546875 0.1083984375 0.08203125 0.06640625
4 0.48779296875 0.1943359375 0.0830078125 0.05859375
4 0.57470703125 0.14453125 0.0869140625 0.064453125
4 0.525390625 0.2744140625 0.08984375 0.068359375
4 0.5478515625 0.30908203125 0.0859375 0.0615234375
4 0.49560546875 0.3994140625 0.0244140625 0.02734375
4 0.2958984375 0.07080078125 0.078125 0.0517578125
4 0.38623046875 0.0888671875 0.0830078125 0.0703125
4 0.421875 0.1171875 0.068359375 0.056640625
4 0.4189453125 0.60009765625 0.064453125 0.0380859375
4 0.017578125 0.76025390625 0.033203125 0.0205078125
4 0.25634765625 0.78955078125 0.0224609375 0.0244140625
4 0.267578125 0.81201171875 0.017578125 0.0205078125
4 0.24462890625 0.81103515625 0.0556640625 0.0771484375
4 0.20458984375 0.916015625 0.0263671875 0.0390625
4 0.13037109375 0.84228515625 0.0283203125 0.0244140625
4 0.138671875 0.9375 0.03125 0.0234375
4 0.40234375 0.77001953125 0.0859375 0.0537109375
4 0.3955078125 0.72412109375 0.078125 0.0556640625
4 0.36279296875 0.65234375 0.0537109375 0.037109375
4 0.43359375 0.6337890625 0.07421875 0.037109375
4 0.39892578125 0.5126953125 0.0927734375 0.0625
4 0.30078125 0.14501953125 0.076171875 0.0615234375
4 0.39501953125 0.4658203125 0.0732421875 0.046875
4 0.36181640625 0.4921875 0.0205078125 0.01171875
4 0.28662109375 0.45263671875 0.0771484375 0.0556640625
4 0.36083984375 0.40966796875 0.0576171875 0.0419921875
4 0.35986328125 0.3642578125 0.0830078125 0.0625
4 0.45166015625 0.3642578125 0.0791015625 0.056640625
4 0.44287109375 0.31787109375 0.0712890625 0.0556640625
4 0.326171875 0.248046875 0.06640625 0.0546875
4 0.4140625 0.2412109375 0.080078125 0.060546875
4 0.40185546875 0.201171875 0.0771484375 0.0625
4 0.3525390625 0.16259765625 0.08203125 0.0576171875
