4 0.5556640625 0.787109375 0.017578125 0.056640625
4 0.0654296875 0.14404296875 0.01953125 0.0517578125
4 0.04150390625 0.142578125 0.0205078125 0.05078125
4 0.09228515625 0.2158203125 0.0185546875 0.0546875
4 0.0400390625 0.2138671875 0.021484375 0.060546875
4 0.01513671875 0.21142578125 0.0166015625 0.0595703125
4 0.09326171875 0.1455078125 0.0185546875 0.052734375
4 0.11572265625 0.1494140625 0.0166015625 0.046875
4 0.14404296875 0.14599609375 0.0166015625 0.0478515625
4 0.1669921875 0.1484375 0.01953125 0.052734375
4 0.484375 0.1982421875 0.033203125 0.123046875
4 0.41943359375 0.15869140625 0.0185546875 0.0498046875
4 0.38916015625 0.2236328125 0.0205078125 0.060546875
4 0.396484375 0.15966796875 0.017578125 0.0478515625
4 0.3701171875 0.1572265625 0.01953125 0.05078125
4 0.3447265625 0.154296875 0.01953125 0.056640625
4 0.31787109375 0.15087890625 0.0166015625 0.0556640625
4 0.294921875 0.15234375 0.017578125 0.046875
4 0.27001953125 0.15234375 0.0205078125 0.05078125
4 0.30322265625 0.22607421875 0.0166015625 0.0478515625
4 0.255859375 0.2236328125 0.03515625 0.064453125
4 0.22607421875 0.22021484375 0.0224609375 0.0615234375
4 0.19970703125 0.21875 0.0205078125 0.060546875
4 0.216796875 0.14697265625 0.017578125 0.0556640625
4 0.96923828125 0.47314453125 0.0615234375 0.0205078125
4 0.44775390625 0.9482421875 0.0166015625 0.046875
4 0.41748046875 0.92578125 0.0263671875 0.078125
4 0.37939453125 0.99658203125 0.0126953125 0.0068359375
4 0.2080078125 0.9873046875 0.017578125 0.025390625
4 0.00927734375 0.98388671875 0.0166015625 0.0322265625
4 0.97314453125 0.4990234375 0.0537109375 0.021484375
4 0.974609375 0.4501953125 0.05078125 0.017578125
4 0.763671875 0.513671875 0.044921875 0.017578125
4 0.76904296875 0.32080078125 0.0458984375 0.0185546875
4 0.76611328125 0.36328125 0.0458984375 0.01953125
4 0.76611328125 0.384765625 0.0517578125 0.01953125
4 0.7666015625 0.40771484375 0.046875 0.0166015625
4 0.765625 0.42822265625 0.052734375 0.0205078125
4 0.7646484375 0.4521484375 0.041015625 0.013671875
4 0.76513671875 0.47021484375 0.0517578125 0.0185546875
4 0.8330078125 0.47802734375 0.056640625 0.0205078125
4 0.83740234375 0.22119140625 0.0654296875 0.0205078125
4 0.83154296875 0.45458984375 0.0595703125 0.0185546875
4 0.83154296875 0.408203125 0.0634765625 0.01953125
4 0.83203125 0.3837890625 0.0546875 0.01953125
4 0.833984375 0.36083984375 0.056640625 0.0185546875
4 0.83642578125 0.33935546875 0.0556640625 0.0224609375
4 0.83935546875 0.31494140625 0.0615234375 0.0224609375
4 0.83935546875 0.2919921875 0.0654296875 0.021484375
4 0.76904296875 0.2998046875 0.0517578125 0.01953125
4 0.771484375 0.27685546875 0.046875 0.0185546875
4 0.77001953125 0.255859375 0.0517578125 0.017578125
4 0.7685546875 0.23486328125 0.052734375 0.0185546875
4 0.7763671875 0.00341796875 0.05078125 0.0048828125
4 0.8388671875 0.0078125 0.044921875 0.013671875
4 0.77685546875 0.0390625 0.0498046875 0.01953125
4 0.77587890625 0.0634765625 0.0498046875 0.017578125
4 0.775390625 0.083984375 0.048828125 0.017578125
4 0.7734375 0.107421875 0.048828125 0.015625
4 0.775390625 0.12890625 0.0546875 0.01953125
4 0.771484375 0.1513671875 0.03515625 0.013671875
4 0.7744140625 0.169921875 0.046875 0.01953125
4 0.77294921875 0.19287109375 0.0478515625 0.0166015625
4 0.771484375 0.212890625 0.048828125 0.01953125
4 0.83642578125 0.26513671875 0.0576171875 0.0244140625
4 0.83740234375 0.1748046875 0.0595703125 0.017578125
4 0.97412109375 0.4287109375 0.0517578125 0.017578125
4 0.98193359375 0.1708984375 0.0361328125 0.01953125
4 0.97802734375 0.05517578125 0.0439453125 0.0185546875
4 0.97998046875 0.078125 0.0400390625 0.01953125
4 0.97998046875 0.1015625 0.0400390625 0.01953125
4 0.97607421875 0.146484375 0.0478515625 0.01953125
4 0.97802734375 0.19384765625 0.0439453125 0.0205078125
4 0.84423828125 0.1513671875 0.0634765625 0.021484375
4 0.9775390625 0.2412109375 0.044921875 0.021484375
4 0.974609375 0.263671875 0.05078125 0.01953125
4 0.9765625 0.2861328125 0.046875 0.01953125
4 0.97314453125 0.3564453125 0.0537109375 0.017578125
4 0.97509765625 0.380859375 0.0498046875 0.01953125
4 0.974609375 0.404296875 0.05078125 0.017578125
4 0.84326171875 0.126953125 0.0654296875 0.01953125
4 0.8466796875 0.08203125 0.0546875 0.017578125
4 0.845703125 0.0576171875 0.056640625 0.017578125
4 0.84228515625 0.03369140625 0.0537109375 0.0185546875
5 0.22705078125 0.66748046875 0.4521484375 0.1884765625
5 0.97216796875 0.2802734375 0.0556640625 0.51171875
5 0.802734375 0.2802734375 0.1328125 0.55859375
5 0.22216796875 0.93359375 0.4423828125 0.1328125
5 0.22998046875 0.40673828125 0.4580078125 0.1669921875
5 0.236328125 0.18701171875 0.470703125 0.1435546875
5 0.623046875 0.232421875 0.1171875 0.462890625
5 0.466796875 0.02490234375 0.099609375 0.0478515625
5 0.3173828125 0.0224609375 0.087890625 0.04296875
5 0.17236328125 0.02490234375 0.0888671875 0.0478515625
5 0.0400390625 0.02392578125 0.078125 0.0458984375
4 0.01953125 0.14208984375 0.017578125 0.0458984375
4 0.24951171875 0.44140625 0.0185546875 0.06640625
4 0.06689453125 0.43408203125 0.0205078125 0.0693359375
4 0.10205078125 0.70458984375 0.0244140625 0.0751953125
4 0.0068359375 0.70361328125 0.01171875 0.0810546875
4 0.03076171875 0.703125 0.0263671875 0.083984375
4 0.005859375 0.61181640625 0.009765625 0.0693359375
4 0.02880859375 0.61669921875 0.0224609375 0.0634765625
4 0.06005859375 0.61328125 0.0244140625 0.072265625
4 0.0712890625 0.70556640625 0.0234375 0.0791015625
4 0.140625 0.71435546875 0.025390625 0.0849609375
4 0.08740234375 0.62158203125 0.0224609375 0.0595703125
4 0.12255859375 0.6181640625 0.0205078125 0.056640625
4 0.150390625 0.615234375 0.0234375 0.068359375
4 0.1806640625 0.62353515625 0.025390625 0.0634765625
4 0.1728515625 0.7099609375 0.02734375 0.078125
4 0.21142578125 0.619140625 0.0263671875 0.072265625
4 0.2724609375 0.6240234375 0.0234375 0.0703125
4 0.2119140625 0.71240234375 0.025390625 0.0830078125
4 0.2431640625 0.7119140625 0.02734375 0.0859375
4 0.3056640625 0.62353515625 0.021484375 0.0732421875
4 0.333984375 0.62353515625 0.025390625 0.0712890625
4 0.03515625 0.43359375 0.021484375 0.072265625
4 0.0634765625 0.3564453125 0.01953125 0.05859375
4 0.03369140625 0.3515625 0.0205078125 0.064453125
4 0.01025390625 0.3544921875 0.0205078125 0.0546875
4 0.08544921875 0.359375 0.0185546875 0.05859375
4 0.0966796875 0.439453125 0.025390625 0.076171875
4 0.396484375 0.62646484375 0.029296875 0.0810546875
4 0.18994140625 0.43798828125 0.0224609375 0.0634765625
4 0.35205078125 0.720703125 0.0283203125 0.08984375
4 0.4248046875 0.720703125 0.0234375 0.080078125
4 0.46337890625 0.7080078125 0.0302734375 0.103515625
4 0.46826171875 0.4384765625 0.0283203125 0.091796875
4 0.35498046875 0.36572265625 0.0205078125 0.0595703125
4 0.3388671875 0.43896484375 0.021484375 0.0595703125
4 0.33154296875 0.36572265625 0.0205078125 0.0595703125
4 0.2724609375 0.36328125 0.0234375 0.056640625
4 0.29833984375 0.36572265625 0.0224609375 0.0556640625
4 0.24462890625 0.3642578125 0.0205078125 0.052734375
4 0.310546875 0.44775390625 0.0234375 0.0732421875
4 0.2763671875 0.45166015625 0.021484375 0.0576171875
4 0.2197265625 0.36279296875 0.021484375 0.0595703125
4 0.169921875 0.36767578125 0.015625 0.0478515625
4 0.14013671875 0.359375 0.0205078125 0.056640625
4 0.0166015625 0.00390625 0.03125 0.005859375
4 0.0166015625 0.015625 0.03125 0.013671875
4 0.05859375 0.0107421875 0.041015625 0.015625
4 0.1982421875 0.03515625 0.0390625 0.013671875
4 0.15087890625 0.00390625 0.0380859375 0.005859375
4 0.59814453125 0.1005859375 0.0478515625 0.017578125
4 0.60009765625 0.00439453125 0.0458984375 0.0068359375
4 0.6015625 0.041015625 0.044921875 0.015625
4 0.5986328125 0.06103515625 0.041015625 0.0166015625
4 0.59814453125 0.08154296875 0.0478515625 0.0185546875
4 0.59716796875 0.12255859375 0.0478515625 0.0185546875
4 0.5908203125 0.30419921875 0.048828125 0.0146484375
4 0.59716796875 0.14306640625 0.0478515625 0.0185546875
4 0.59814453125 0.16455078125 0.0400390625 0.0166015625
4 0.591796875 0.18212890625 0.041015625 0.0146484375
4 0.5947265625 0.2041015625 0.046875 0.017578125
4 0.5947265625 0.224609375 0.046875 0.017578125
4 0.59228515625 0.244140625 0.0478515625 0.015625
4 0.5908203125 0.26416015625 0.046875 0.0185546875
4 0.44287109375 0.0126953125 0.0380859375 0.013671875
4 0.44189453125 0.03271484375 0.0419921875 0.0166015625
4 0.49365234375 0.0107421875 0.0439453125 0.017578125
4 0.5927734375 0.28662109375 0.044921875 0.0146484375
4 0.591796875 0.32568359375 0.046875 0.0166015625
4 0.59033203125 0.345703125 0.0458984375 0.017578125
4 0.65771484375 0.00390625 0.0498046875 0.005859375
4 0.66064453125 0.0185546875 0.0537109375 0.017578125
4 0.65869140625 0.0419921875 0.0537109375 0.017578125
4 0.65478515625 0.06201171875 0.0478515625 0.0166015625
4 0.58935546875 0.4052734375 0.0458984375 0.017578125
4 0.5908203125 0.42578125 0.04296875 0.015625
4 0.64501953125 0.42578125 0.0478515625 0.017578125
4 0.64990234375 0.40576171875 0.0419921875 0.0166015625
4 0.6474609375 0.3828125 0.04296875 0.015625
4 0.64990234375 0.3388671875 0.0419921875 0.015625
4 0.654296875 0.31884765625 0.0546875 0.0185546875
4 0.6494140625 0.2978515625 0.05078125 0.017578125
4 0.64990234375 0.27734375 0.0498046875 0.01953125
4 0.64990234375 0.25341796875 0.0478515625 0.0146484375
4 0.650390625 0.234375 0.046875 0.015625
4 0.6513671875 0.212890625 0.046875 0.01953125
4 0.654296875 0.19091796875 0.044921875 0.0166015625
4 0.65771484375 0.125 0.0458984375 0.017578125
4 0.654296875 0.1044921875 0.05078125 0.01953125
4 0.29248046875 0.00927734375 0.0439453125 0.0166015625
