4 0.9697265625 0.66943359375 0.0234375 0.0263671875
4 0.4970703125 0.00537109375 0.01953125 0.0087890625
4 0.474609375 0.009765625 0.025390625 0.017578125
4 0.4482421875 0.0107421875 0.025390625 0.01953125
4 0.421875 0.03662109375 0.0390625 0.0458984375
4 0.40625 0.048828125 0.033203125 0.037109375
4 0.529296875 0.32861328125 0.041015625 0.0517578125
0 0.525390625 0.89013671875 0.0234375 0.0224609375
0 0.53369140625 0.900390625 0.0205078125 0.01953125
0 0.54052734375 0.9111328125 0.0244140625 0.021484375
0 0.48388671875 0.93310546875 0.0205078125 0.0224609375
0 0.41064453125 0.9052734375 0.0244140625 0.021484375
0 0.38427734375 0.91845703125 0.0263671875 0.0244140625
4 0.5341796875 0.38134765625 0.037109375 0.0439453125
4 0.50244140625 0.3349609375 0.0439453125 0.05078125
4 0.46630859375 0.30859375 0.0380859375 0.03125
4 0.35693359375 0.021484375 0.0361328125 0.0390625
4 0.51708984375 0.2080078125 0.0244140625 0.029296875
4 0.47509765625 0.25439453125 0.0322265625 0.0400390625
4 0.380859375 0.19970703125 0.021484375 0.0224609375
4 0.40625 0.2294921875 0.0390625 0.046875
4 0.43896484375 0.20458984375 0.0400390625 0.0439453125
4 0.45751953125 0.19189453125 0.0322265625 0.0380859375
4 0.470703125 0.181640625 0.0234375 0.02734375
4 0.4833984375 0.1640625 0.048828125 0.0546875
4 0.50439453125 0.15625 0.0322265625 0.037109375
4 0.29052734375 0.06494140625 0.0478515625 0.0556640625
4 0.3583984375 0.08740234375 0.03515625 0.0439453125
4 0.32470703125 0.046875 0.0361328125 0.0390625
4 0.3740234375 0.07421875 0.03515625 0.041015625
4 0.33935546875 0.02880859375 0.0302734375 0.0341796875
0 0.28271484375 0.50341796875 0.0185546875 0.0244140625
0 0.27197265625 0.51025390625 0.0185546875 0.0244140625
5 0.82958984375 0.634765625 0.3408203125 0.412109375
5 0.66943359375 0.234375 0.5400390625 0.466796875
5 0.388671875 0.06591796875 0.22265625 0.1298828125
4 0.2578125 0.5302734375 0.015625 0.017578125
0 0.1396484375 0.41455078125 0.0234375 0.0224609375
0 0.19091796875 0.55810546875 0.0166015625 0.0205078125
0 0.21240234375 0.54052734375 0.0185546875 0.0224609375
0 0.205078125 0.4423828125 0.01953125 0.025390625
0 0.19189453125 0.44775390625 0.0205078125 0.0166015625
4 0.03271484375 0.5087890625 0.0517578125 0.02734375
4 0.05078125 0.494140625 0.046875 0.025390625
4 0.06982421875 0.47998046875 0.0478515625 0.0224609375
4 0.0966796875 0.4677734375 0.044921875 0.021484375
4 0.1162109375 0.45361328125 0.048828125 0.0224609375
4 0.01025390625 0.43017578125 0.0185546875 0.0302734375
4 0.02392578125 0.43115234375 0.0283203125 0.0458984375
4 0.04345703125 0.4267578125 0.0244140625 0.0390625
4 0.06884765625 0.41015625 0.0224609375 0.044921875
4 0.08740234375 0.39453125 0.0185546875 0.0390625
0 0.130859375 0.37744140625 0.015625 0.0224609375
0 0.11767578125 0.3818359375 0.0166015625 0.021484375
4 0.1015625 0.39013671875 0.015625 0.0361328125
4 0.166015625 0.05029296875 0.01953125 0.0283203125
4 0.1728515625 0.02734375 0.01953125 0.025390625
4 0.90283203125 0.5126953125 0.0341796875 0.041015625
4 0.99072265625 0.58154296875 0.0185546875 0.0263671875
4 0.9560546875 0.62109375 0.03125 0.03515625
4 0.8984375 0.57568359375 0.01953125 0.0224609375
4 0.91064453125 0.564453125 0.0205078125 0.021484375
4 0.98193359375 0.54052734375 0.0205078125 0.0224609375
4 0.9658203125 0.52001953125 0.01953125 0.0205078125
4 0.94287109375 0.48974609375 0.0205078125 0.0224609375
4 0.85498046875 0.6083984375 0.0263671875 0.03125
4 0.99267578125 0.43310546875 0.0146484375 0.0283203125
4 0.98095703125 0.455078125 0.0322265625 0.0390625
4 0.96240234375 0.46533203125 0.0341796875 0.0380859375
4 0.89013671875 0.52587890625 0.0283203125 0.0322265625
4 0.97705078125 0.55859375 0.0166015625 0.017578125
4 0.865234375 0.5390625 0.037109375 0.044921875
4 0.8505859375 0.5537109375 0.033203125 0.0390625
4 0.8291015625 0.57470703125 0.0234375 0.0283203125
4 0.8076171875 0.58056640625 0.041015625 0.0458984375
4 0.83447265625 0.22900390625 0.0341796875 0.0400390625
4 0.81201171875 0.19580078125 0.0283203125 0.0322265625
4 0.90283203125 0.18603515625 0.0361328125 0.0439453125
4 0.8955078125 0.13671875 0.021484375 0.025390625
4 0.98291015625 0.1259765625 0.0341796875 0.044921875
4 0.953125 0.13037109375 0.056640625 0.0693359375
4 0.80419921875 0.1494140625 0.0244140625 0.02734375
4 0.875 0.150390625 0.03515625 0.041015625
4 0.83837890625 0.09521484375 0.0322265625 0.0400390625
4 0.865234375 0.0908203125 0.041015625 0.048828125
4 0.94140625 0.63427734375 0.029296875 0.0302734375
4 0.91650390625 0.06591796875 0.0263671875 0.0302734375
4 0.9208984375 0.6962890625 0.03125 0.03515625
4 0.90087890625 0.72265625 0.0146484375 0.015625
4 0.904296875 0.70947265625 0.037109375 0.0400390625
4 0.83154296875 0.69580078125 0.0263671875 0.0283203125
4 0.80419921875 0.68994140625 0.0302734375 0.0361328125
4 0.8271484375 0.7216796875 0.025390625 0.02734375
4 0.8505859375 0.751953125 0.029296875 0.033203125
4 0.81005859375 0.77783203125 0.0361328125 0.0419921875
4 0.87548828125 0.63671875 0.0244140625 0.02734375
4 0.88525390625 0.6806640625 0.0205078125 0.0234375
4 0.8955078125 0.66357421875 0.025390625 0.0302734375
4 0.98291015625 0.65771484375 0.0244140625 0.0283203125
4 0.8662109375 0.65185546875 0.01953125 0.0205078125
4 0.8193359375 0.06396484375 0.0234375 0.0263671875
4 0.89306640625 0.03369140625 0.0283203125 0.0322265625
4 0.73779296875 0.0546875 0.0380859375 0.046875
4 0.62646484375 0.21875 0.0205078125 0.0234375
4 0.5859375 0.16796875 0.041015625 0.046875
4 0.6162109375 0.1669921875 0.048828125 0.05859375
4 0.57080078125 0.107421875 0.0322265625 0.03515625
4 0.67822265625 0.1513671875 0.0244140625 0.02734375
4 0.64990234375 0.11328125 0.0244140625 0.02734375
4 0.69140625 0.13525390625 0.025390625 0.0283203125
4 0.66845703125 0.10205078125 0.0302734375 0.0341796875
4 0.763671875 0.09326171875 0.025390625 0.0302734375
4 0.736328125 0.09228515625 0.02734375 0.0322265625
4 0.60302734375 0.08154296875 0.0341796875 0.0400390625
4 0.62158203125 0.07080078125 0.0380859375 0.0439453125
4 0.63623046875 0.056640625 0.0400390625 0.044921875
4 0.7158203125 0.06298828125 0.02734375 0.0322265625
4 0.66943359375 0.03076171875 0.0439453125 0.0498046875
4 0.72119140625 0.21044921875 0.0185546875 0.0224609375
4 0.68798828125 0.02099609375 0.0341796875 0.0380859375
4 0.705078125 0.01611328125 0.033203125 0.0302734375
4 0.5751953125 0.25244140625 0.037109375 0.0458984375
4 0.75341796875 0.22412109375 0.0185546875 0.0224609375
4 0.91845703125 0.02490234375 0.0400390625 0.0498046875
4 0.74658203125 0.69140625 0.0205078125 0.0234375
4 0.80908203125 0.017578125 0.0361328125 0.033203125
4 0.78271484375 0.1220703125 0.0224609375 0.02734375
4 0.796875 0.79296875 0.0234375 0.029296875
4 0.77685546875 0.7646484375 0.0205078125 0.025390625
4 0.78515625 0.74853515625 0.017578125 0.0224609375
4 0.7587890625 0.73876953125 0.021484375 0.0263671875
4 0.7841796875 0.66015625 0.01953125 0.021484375
4 0.69140625 0.6787109375 0.025390625 0.029296875
4 0.70751953125 0.66650390625 0.0244140625 0.0283203125
4 0.56982421875 0.28955078125 0.0458984375 0.0576171875
4 0.71875 0.6533203125 0.02734375 0.029296875
4 0.736328125 0.640625 0.033203125 0.0390625
4 0.775390625 0.6142578125 0.029296875 0.033203125
4 0.7880859375 0.59814453125 0.02734375 0.0322265625
4 0.58984375 0.41552734375 0.044921875 0.0517578125
4 0.56005859375 0.37744140625 0.0302734375 0.0380859375
4 0.63427734375 0.375 0.0341796875 0.044921875
4 0.65087890625 0.35888671875 0.0439453125 0.0517578125
4 0.60302734375 0.33056640625 0.0302734375 0.0380859375
4 0.62158203125 0.32177734375 0.0244140625 0.0302734375
4 0.64697265625 0.24951171875 0.0263671875 0.0322265625
4 0.76220703125 0.27685546875 0.0478515625 0.0576171875
4 0.68994140625 0.2734375 0.0341796875 0.04296875
4 0.60205078125 0.29443359375 0.0263671875 0.0302734375
