0 0.11962890625 0.1875 0.0244140625 0.04296875
0 0.11083984375 0.146484375 0.0205078125 0.03515625
0 0.111328125 0.04638671875 0.02734375 0.0478515625
0 0.1298828125 0.03955078125 0.0234375 0.0361328125
0 0.072265625 0.04833984375 0.021484375 0.0380859375
0 0.0908203125 0.04443359375 0.025390625 0.0419921875
1 0.2431640625 0.13427734375 0.029296875 0.0556640625
1 0.2666015625 0.70166015625 0.158203125 0.0615234375
1 0.4765625 0.54638671875 0.05859375 0.0302734375
1 0.49755859375 0.50634765625 0.0830078125 0.0341796875
1 0.4326171875 0.46435546875 0.056640625 0.0322265625
1 0.40185546875 0.43310546875 0.0576171875 0.0341796875
1 0.39013671875 0.41015625 0.0576171875 0.03125
1 0.3837890625 0.38330078125 0.05859375 0.0302734375
1 0.3759765625 0.3583984375 0.05859375 0.03125
1 0.373046875 0.32958984375 0.05859375 0.0302734375
1 0.37255859375 0.29638671875 0.0537109375 0.0302734375
1 0.47265625 0.271484375 0.076171875 0.0390625
1 0.35595703125 0.25927734375 0.0595703125 0.0302734375
1 0.333984375 0.2353515625 0.048828125 0.033203125
0 0.14013671875 0.18701171875 0.0224609375 0.0439453125
0 0.09716796875 0.18896484375 0.0224609375 0.0419921875
0 0.501953125 0.009765625 0.037109375 0.017578125
0 0.04296875 0.20556640625 0.0234375 0.0400390625
0 0.5498046875 0.03173828125 0.021484375 0.0361328125
0 0.13671875 0.3154296875 0.015625 0.03125
0 0.11572265625 0.3125 0.0146484375 0.033203125
0 0.4814453125 0.5732421875 0.03125 0.01953125
0 0.49365234375 0.59521484375 0.0341796875 0.0205078125
0 0.52734375 0.62744140625 0.03515625 0.0205078125
0 0.4951171875 0.61474609375 0.037109375 0.0205078125
0 0.48583984375 0.6826171875 0.0419921875 0.0234375
0 0.48583984375 0.7099609375 0.0400390625 0.0234375
0 0.49072265625 0.734375 0.0419921875 0.025390625
0 0.4931640625 0.7578125 0.041015625 0.0234375
0 0.49462890625 0.78271484375 0.0361328125 0.0205078125
0 0.49951171875 0.8076171875 0.0439453125 0.021484375
0 0.51953125 0.85205078125 0.0234375 0.0380859375
0 0.35888671875 0.96044921875 0.0361328125 0.0380859375
0 0.4140625 0.9052734375 0.0234375 0.04296875
0 0.29443359375 0.90185546875 0.0361328125 0.0263671875
0 0.28564453125 0.8525390625 0.0419921875 0.025390625
1 0.32568359375 0.21337890625 0.0498046875 0.0302734375
