4 0.68701171875 0.58056640625 0.0244140625 0.0146484375
4 0.69091796875 0.60400390625 0.0341796875 0.0185546875
4 0.67236328125 0.64013671875 0.0556640625 0.0283203125
4 0.56396484375 0.9326171875 0.0263671875 0.048828125
4 0.55712890625 0.86865234375 0.0224609375 0.0693359375
4 0.17041015625 0.63623046875 0.0322265625 0.0185546875
5 0.75390625 0.45458984375 0.302734375 0.5888671875
4 0.74462890625 0.6181640625 0.0439453125 0.0234375
4 0.74755859375 0.59423828125 0.0244140625 0.0146484375
4 0.697265625 0.56689453125 0.037109375 0.0205078125
4 0.98681640625 0.46875 0.0263671875 0.013671875
4 0.98876953125 0.447265625 0.0224609375 0.013671875
4 0.98828125 0.43017578125 0.0234375 0.0146484375
4 0.98974609375 0.40869140625 0.0205078125 0.0166015625
4 0.99658203125 0.39208984375 0.0068359375 0.0126953125
4 0.9921875 0.3681640625 0.015625 0.017578125
4 0.9951171875 0.34912109375 0.009765625 0.0146484375
4 0.99755859375 0.30859375 0.0048828125 0.013671875
4 0.85546875 0.21240234375 0.080078125 0.0380859375
4 0.86572265625 0.1826171875 0.0771484375 0.03515625
4 0.984375 0.48486328125 0.03125 0.0224609375
4 0.9814453125 0.5048828125 0.03515625 0.0234375
4 0.994140625 0.65771484375 0.01171875 0.0126953125
4 0.99658203125 0.6953125 0.0068359375 0.01171875
4 0.99560546875 0.673828125 0.0087890625 0.01171875
4 0.94775390625 0.6494140625 0.0244140625 0.015625
4 0.99853515625 0.63818359375 0.0029296875 0.0107421875
4 0.955078125 0.6279296875 0.02734375 0.015625
4 0.96044921875 0.61279296875 0.0341796875 0.0185546875
4 0.9619140625 0.59326171875 0.029296875 0.0146484375
4 0.998046875 0.60107421875 0.00390625 0.0126953125
4 0.96533203125 0.57861328125 0.0302734375 0.0146484375
4 0.9736328125 0.55810546875 0.033203125 0.0185546875
4 0.9765625 0.5400390625 0.029296875 0.017578125
4 0.97705078125 0.52099609375 0.0361328125 0.0166015625
4 0.75537109375 0.5791015625 0.0478515625 0.021484375
4 0.7646484375 0.18896484375 0.0859375 0.0380859375
4 0.8310546875 0.259765625 0.048828125 0.025390625
4 0.75634765625 0.2724609375 0.0634765625 0.03125
4 0.830078125 0.28955078125 0.0546875 0.0302734375
4 0.75048828125 0.2958984375 0.0615234375 0.033203125
4 0.8212890625 0.3125 0.052734375 0.029296875
4 0.7451171875 0.3203125 0.046875 0.025390625
4 0.7431640625 0.34326171875 0.05859375 0.0263671875
4 0.8095703125 0.357421875 0.052734375 0.02734375
4 0.806640625 0.38232421875 0.056640625 0.0302734375
4 0.73779296875 0.3671875 0.0576171875 0.029296875
4 0.79833984375 0.404296875 0.0498046875 0.029296875
4 0.72900390625 0.41259765625 0.0478515625 0.0244140625
4 0.7900390625 0.42529296875 0.046875 0.0244140625
4 0.7255859375 0.43017578125 0.046875 0.0205078125
4 0.78564453125 0.4453125 0.0439453125 0.025390625
4 0.72314453125 0.451171875 0.0419921875 0.021484375
4 0.71435546875 0.4677734375 0.0439453125 0.0234375
4 0.7763671875 0.48291015625 0.044921875 0.0244140625
4 0.71240234375 0.4892578125 0.0400390625 0.017578125
4 0.77392578125 0.50244140625 0.0478515625 0.0263671875
4 0.7666015625 0.52099609375 0.04296875 0.0205078125
4 0.7060546875 0.50634765625 0.04296875 0.0224609375
4 0.703125 0.52587890625 0.044921875 0.0185546875
4 0.7001953125 0.54541015625 0.04296875 0.0244140625
4 0.7626953125 0.55908203125 0.05078125 0.0263671875
