5 0.7119140625 0.87890625 0.0234375 0.03125
5 0.74658203125 0.32080078125 0.0400390625 0.1337890625
5 0.7041015625 0.31689453125 0.048828125 0.1357421875
5 0.66748046875 0.3095703125 0.0419921875 0.13671875
5 0.619140625 0.31494140625 0.033203125 0.1181640625
5 0.560546875 0.30908203125 0.037109375 0.1201171875
5 0.91357421875 0.90087890625 0.0244140625 0.0322265625
5 0.75634765625 0.88427734375 0.0244140625 0.0302734375
5 0.67578125 0.87451171875 0.025390625 0.0302734375
5 0.80126953125 0.798828125 0.0224609375 0.0390625
5 0.626953125 0.87158203125 0.0234375 0.0322265625
5 0.60107421875 0.86767578125 0.0185546875 0.0302734375
5 0.54833984375 0.86279296875 0.0205078125 0.0283203125
5 0.5107421875 0.85546875 0.03125 0.0390625
5 0.4716796875 0.857421875 0.025390625 0.025390625
5 0.41943359375 0.8515625 0.0205078125 0.0234375
5 0.39453125 0.84814453125 0.0234375 0.0263671875
5 0.400390625 0.765625 0.033203125 0.037109375
5 0.43408203125 0.763671875 0.0224609375 0.044921875
5 0.48095703125 0.76953125 0.0224609375 0.04296875
5 0.51953125 0.77197265625 0.01953125 0.0419921875
5 0.77880859375 0.31787109375 0.0419921875 0.1240234375
5 0.8203125 0.31201171875 0.048828125 0.1474609375
5 0.86376953125 0.30224609375 0.0419921875 0.1591796875
5 0.90771484375 0.29736328125 0.0400390625 0.1708984375
5 0.35009765625 0.36572265625 0.0693359375 0.0908203125
5 0.314453125 0.39111328125 0.0703125 0.0927734375
5 0.26123046875 0.41650390625 0.0634765625 0.0791015625
5 0.205078125 0.48486328125 0.0859375 0.0673828125
5 0.16015625 0.5859375 0.07421875 0.03515625
5 0.201171875 0.7255859375 0.048828125 0.0546875
5 0.17919921875 0.8828125 0.0556640625 0.056640625
5 0.16064453125 0.96044921875 0.0498046875 0.0595703125
5 0.2958984375 0.8369140625 0.025390625 0.025390625
5 0.9814453125 0.30322265625 0.037109375 0.1357421875
5 0.939453125 0.2978515625 0.04296875 0.1640625
5 0.55224609375 0.77880859375 0.0244140625 0.0302734375
5 0.83251953125 0.80224609375 0.0244140625 0.0380859375
4 0.56884765625 0.78857421875 0.0166015625 0.0283203125
4 0.939453125 0.8935546875 0.017578125 0.029296875
4 0.8994140625 0.892578125 0.017578125 0.03125
4 0.83837890625 0.88916015625 0.0166015625 0.0263671875
4 0.78515625 0.86865234375 0.029296875 0.0166015625
4 0.74169921875 0.88037109375 0.0166015625 0.0283203125
4 0.7294921875 0.802734375 0.017578125 0.041015625
4 0.61181640625 0.78955078125 0.0205078125 0.0419921875
4 0.64501953125 0.79541015625 0.0146484375 0.0283203125
4 0.68701171875 0.80029296875 0.0126953125 0.0283203125
4 0.66162109375 0.87109375 0.0185546875 0.025390625
4 0.51123046875 0.85546875 0.0205078125 0.03125
4 0.5068359375 0.779296875 0.015625 0.03125
5 0.7626953125 0.794921875 0.021484375 0.037109375
4 0.4267578125 0.7890625 0.025390625 0.017578125
4 0.36279296875 0.841796875 0.0146484375 0.029296875
4 0.314453125 0.8330078125 0.01171875 0.02734375
4 0.17626953125 0.7275390625 0.0361328125 0.041015625
4 0.3076171875 0.34912109375 0.02734375 0.0302734375
4 0.3486328125 0.3310546875 0.02734375 0.03125
4 0.99462890625 0.89892578125 0.0107421875 0.0263671875
5 0.6748046875 0.7880859375 0.021484375 0.0390625
5 0.6337890625 0.78369140625 0.017578125 0.0400390625
5 0.59912109375 0.7822265625 0.0205078125 0.044921875
5 0.91015625 0.810546875 0.02734375 0.04296875
5 0.95654296875 0.81298828125 0.0205078125 0.0361328125
5 0.9921875 0.82958984375 0.015625 0.0341796875
5 0.349609375 0.75732421875 0.01953125 0.0263671875
4 0.9658203125 0.23291015625 0.017578125 0.0302734375
4 0.921875 0.22412109375 0.015625 0.0283203125
4 0.8828125 0.23291015625 0.013671875 0.0302734375
4 0.90625 0.22412109375 0.013671875 0.0244140625
4 0.73974609375 0.26318359375 0.0126953125 0.0205078125
4 0.71826171875 0.2685546875 0.0185546875 0.03125
4 0.65869140625 0.263671875 0.0166015625 0.02734375
4 0.8623046875 0.83203125 0.033203125 0.015625
4 0.90576171875 0.83544921875 0.0283203125 0.0146484375
4 0.9267578125 0.8193359375 0.013671875 0.02734375
4 0.943359375 0.82568359375 0.015625 0.0283203125
5 0.47998046875 0.3046875 0.0322265625 0.126953125
