5 0.07958984375 0.64990234375 0.0478515625 0.0654296875
5 0.82373046875 0.41845703125 0.0693359375 0.0537109375
5 0.86328125 0.46875 0.072265625 0.05859375
5 0.89697265625 0.51708984375 0.0830078125 0.0673828125
5 0.9033203125 0.57421875 0.0546875 0.04296875
5 0.91259765625 0.64794921875 0.0693359375 0.0517578125
5 0.90625 0.6865234375 0.076171875 0.0546875
5 0.84521484375 0.720703125 0.0556640625 0.064453125
5 0.783203125 0.708984375 0.04296875 0.037109375
5 0.68310546875 0.70263671875 0.0908203125 0.0498046875
5 0.59912109375 0.697265625 0.0283203125 0.048828125
5 0.5390625 0.69384765625 0.02734375 0.0517578125
5 0.474609375 0.6904296875 0.0390625 0.044921875
5 0.39697265625 0.6884765625 0.0419921875 0.052734375
5 0.32470703125 0.685546875 0.0361328125 0.05859375
5 0.2646484375 0.6865234375 0.064453125 0.060546875
5 0.7744140625 0.36669921875 0.0546875 0.0478515625
5 0.7470703125 0.330078125 0.0546875 0.048828125
5 0.701171875 0.255859375 0.064453125 0.056640625
5 0.6787109375 0.189453125 0.1015625 0.0859375
5 0.5673828125 0.02783203125 0.09765625 0.0537109375
5 0.58544921875 0.08935546875 0.0556640625 0.0478515625
5 0.62255859375 0.1435546875 0.0634765625 0.056640625
5 0.18017578125 0.6689453125 0.0498046875 0.046875
5 0.02197265625 0.64453125 0.0419921875 0.064453125
5 0.00732421875 0.61279296875 0.0126953125 0.0283203125
4 0.8798828125 0.6796875 0.025390625 0.03125
4 0.85107421875 0.67919921875 0.0400390625 0.0458984375
4 0.83154296875 0.7109375 0.0244140625 0.03125
4 0.81005859375 0.70263671875 0.0126953125 0.0263671875
4 0.716796875 0.6982421875 0.01171875 0.0234375
4 0.65087890625 0.69775390625 0.0146484375 0.0341796875
4 0.45263671875 0.681640625 0.0166015625 0.04296875
4 0.42431640625 0.681640625 0.0126953125 0.033203125
4 0.37451171875 0.67578125 0.0126953125 0.0234375
4 0.28173828125 0.67724609375 0.0126953125 0.0322265625
4 0.248046875 0.68994140625 0.01171875 0.0283203125
4 0.1083984375 0.63037109375 0.013671875 0.0224609375
4 0.0263671875 0.6259765625 0.015625 0.021484375
4 0.87451171875 0.6376953125 0.0205078125 0.03125
4 0.6630859375 0.23095703125 0.025390625 0.0224609375
4 0.67724609375 0.2509765625 0.0322265625 0.029296875
4 0.6220703125 0.16796875 0.029296875 0.025390625
4 0.53125 0.021484375 0.033203125 0.029296875
4 0.564453125 0.083984375 0.02734375 0.0234375
4 0.63525390625 0.1884765625 0.0341796875 0.029296875
