5 0.7939453125 0.42138671875 0.078125 0.0849609375
5 0.71337890625 0.26513671875 0.1162109375 0.1337890625
5 0.474609375 0.12109375 0.041015625 0.130859375
5 0.373046875 0.0966796875 0.02734375 0.19140625
5 0.29541015625 0.125 0.0380859375 0.146484375
5 0.19384765625 0.087890625 0.0380859375 0.12890625
5 0.00830078125 0.109375 0.0146484375 0.169921875
5 0.04638671875 0.8037109375 0.0400390625 0.080078125
5 0.12255859375 0.8076171875 0.0283203125 0.0703125
5 0.22412109375 0.79833984375 0.0185546875 0.0771484375
5 0.34130859375 0.79833984375 0.0615234375 0.0908203125
5 0.4345703125 0.7734375 0.03515625 0.087890625
5 0.57958984375 0.65576171875 0.0830078125 0.0595703125
5 0.6572265625 0.5634765625 0.08203125 0.091796875
