4 0.287109375 0.22216796875 0.041015625 0.0146484375
5 0.42919921875 0.64990234375 0.0478515625 0.0654296875
5 0.99365234375 0.7001953125 0.0126953125 0.044921875
5 0.94873046875 0.697265625 0.0283203125 0.048828125
5 0.888671875 0.69384765625 0.02734375 0.0517578125
5 0.82421875 0.6904296875 0.0390625 0.044921875
5 0.74658203125 0.6884765625 0.0419921875 0.052734375
5 0.67431640625 0.685546875 0.0361328125 0.05859375
5 0.6142578125 0.6865234375 0.064453125 0.060546875
5 0.9169921875 0.02783203125 0.09765625 0.0537109375
5 0.93505859375 0.08935546875 0.0556640625 0.0478515625
5 0.97021484375 0.1435546875 0.0595703125 0.056640625
5 0.52978515625 0.6689453125 0.0498046875 0.046875
5 0.3701171875 0.64453125 0.044921875 0.064453125
4 0.29345703125 0.38623046875 0.0341796875 0.0126953125
5 0.32763671875 0.6298828125 0.0712890625 0.0625
4 0.99658203125 0.69775390625 0.0068359375 0.0341796875
4 0.80224609375 0.681640625 0.0166015625 0.04296875
4 0.77392578125 0.681640625 0.0126953125 0.033203125
4 0.72412109375 0.67578125 0.0126953125 0.0234375
4 0.63134765625 0.67724609375 0.0126953125 0.0322265625
4 0.59765625 0.68994140625 0.01171875 0.0283203125
4 0.4580078125 0.63037109375 0.013671875 0.0224609375
4 0.3759765625 0.6259765625 0.015625 0.021484375
4 0.330078125 0.5888671875 0.029296875 0.025390625
4 0.29150390625 0.4541015625 0.0458984375 0.017578125
5 0.27294921875 0.193359375 0.0263671875 0.041015625
5 0.3076171875 0.60009765625 0.0703125 0.0576171875
5 0.2822265625 0.544921875 0.03515625 0.033203125
5 0.2880859375 0.47265625 0.044921875 0.021484375
5 0.2802734375 0.408203125 0.0625 0.029296875
5 0.279296875 0.33154296875 0.0390625 0.0283203125
5 0.28271484375 0.26416015625 0.0419921875 0.0205078125
4 0.9716796875 0.16796875 0.029296875 0.025390625
4 0.880859375 0.021484375 0.033203125 0.029296875
4 0.9140625 0.083984375 0.02734375 0.0234375
4 0.98388671875 0.1884765625 0.0322265625 0.029296875
