4 0.287109375 0.58349609375 0.041015625 0.0146484375
5 0.43115234375 0.9892578125 0.0439453125 0.021484375
5 0.62255859375 0.19970703125 0.0322265625 0.1064453125
5 0.04248046875 0.06689453125 0.0380859375 0.0498046875
5 0.2744140625 0.16455078125 0.078125 0.0673828125
5 0.36181640625 0.1796875 0.0419921875 0.08984375
5 0.419921875 0.1796875 0.06640625 0.103515625
5 0.484375 0.20556640625 0.03125 0.0634765625
5 0.5595703125 0.18701171875 0.0546875 0.1162109375
5 0.68115234375 0.23486328125 0.0361328125 0.0537109375
5 0.740234375 0.2431640625 0.05859375 0.064453125
5 0.818359375 0.28955078125 0.0703125 0.0634765625
5 0.859375 0.35693359375 0.046875 0.0380859375
5 0.91796875 0.3828125 0.099609375 0.06640625
5 0.93505859375 0.45068359375 0.0556640625 0.0478515625
5 0.97021484375 0.5048828125 0.0595703125 0.056640625
5 0.37255859375 0.98681640625 0.0400390625 0.0263671875
4 0.29345703125 0.74755859375 0.0341796875 0.0126953125
5 0.33251953125 0.97998046875 0.0615234375 0.0400390625
4 0.4580078125 0.990234375 0.013671875 0.01953125
4 0.3759765625 0.9873046875 0.015625 0.021484375
4 0.330078125 0.9501953125 0.029296875 0.025390625
4 0.29150390625 0.8154296875 0.0458984375 0.017578125
5 0.27294921875 0.5546875 0.0263671875 0.041015625
5 0.3076171875 0.96142578125 0.0703125 0.0576171875
5 0.2822265625 0.90625 0.03515625 0.033203125
5 0.2880859375 0.833984375 0.044921875 0.021484375
5 0.2802734375 0.76953125 0.0625 0.029296875
5 0.279296875 0.69287109375 0.0390625 0.0283203125
5 0.28271484375 0.62548828125 0.0419921875 0.0205078125
4 0.2939453125 0.1787109375 0.02734375 0.03515625
4 0.9716796875 0.529296875 0.029296875 0.025390625
4 0.46484375 0.220703125 0.017578125 0.03125
4 0.7880859375 0.27978515625 0.03125 0.0283203125
4 0.8037109375 0.3017578125 0.029296875 0.025390625
4 0.880859375 0.3828125 0.033203125 0.029296875
4 0.9140625 0.4453125 0.02734375 0.0234375
4 0.98388671875 0.5498046875 0.0322265625 0.029296875
5 0.13330078125 0.0546875 0.0634765625 0.08984375
