5 0.45361328125 0.9189453125 0.0654296875 0.162109375
5 0.93603515625 0.1796875 0.0478515625 0.1328125
5 0.70556640625 0.08984375 0.0615234375 0.177734375
5 0.568359375 0.8603515625 0.04296875 0.15234375
5 0.59228515625 0.0908203125 0.1103515625 0.1796875
5 0.3369140625 0.06787109375 0.048828125 0.1337890625
5 0.244140625 0.0703125 0.0625 0.138671875
5 0.15234375 0.04736328125 0.037109375 0.0927734375
5 0.07275390625 0.037109375 0.0302734375 0.072265625
5 0.712890625 0.80908203125 0.0546875 0.1162109375
5 0.818359375 0.78857421875 0.041015625 0.1201171875
5 0.9150390625 0.77734375 0.03515625 0.107421875
5 0.97265625 0.77783203125 0.0546875 0.1298828125
