5 0.98681640625 0.26025390625 0.0263671875 0.0517578125
5 0.93701171875 0.36376953125 0.1259765625 0.2021484375
5 0.89306640625 0.5380859375 0.1201171875 0.16015625
5 0.7548828125 0.646484375 0.056640625 0.080078125
5 0.62451171875 0.720703125 0.0576171875 0.09765625
5 0.54931640625 0.7724609375 0.0654296875 0.09375
5 0.46337890625 0.79541015625 0.0615234375 0.0927734375
5 0.390625 0.81640625 0.056640625 0.080078125
5 0.3134765625 0.85888671875 0.064453125 0.1083984375
5 0.2265625 0.9052734375 0.0546875 0.099609375
5 0.16455078125 0.9423828125 0.0439453125 0.087890625
