0 0.828125 0.57080078125 0.0234375 0.0400390625
5 0.94140625 0.38671875 0.091796875 0.24609375
5 0.65478515625 0.37939453125 0.0927734375 0.2333984375
5 0.5048828125 0.470703125 0.11328125 0.283203125
5 0.29248046875 0.544921875 0.0810546875 0.140625
5 0.14453125 0.62060546875 0.111328125 0.2919921875
5 0.029296875 0.68994140625 0.056640625 0.3486328125
4 0.033203125 0.54296875 0.029296875 0.05859375
4 0.88525390625 0.29296875 0.0322265625 0.05078125
0 0.423828125 0.875 0.0390625 0.02734375
0 0.4814453125 0.8349609375 0.033203125 0.05078125
0 0.931640625 0.81005859375 0.046875 0.0283203125
0 0.91796875 0.73779296875 0.041015625 0.0224609375
