4 0.546875 0.53466796875 0.033203125 0.0302734375
5 0.69775390625 0.17236328125 0.1826171875 0.3427734375
5 0.6845703125 0.30859375 0.119140625 0.16796875
5 0.52880859375 0.3662109375 0.1826171875 0.263671875
5 0.4423828125 0.4052734375 0.208984375 0.28515625
5 0.35693359375 0.5380859375 0.1201171875 0.16015625
5 0.21875 0.646484375 0.056640625 0.080078125
5 0.08837890625 0.720703125 0.0576171875 0.09765625
5 0.0234375 0.7705078125 0.044921875 0.08984375
5 0.775390625 0.96484375 0.03515625 0.0703125
