0 0.12255859375 0.89404296875 0.0224609375 0.0380859375
5 0.4326171875 0.3984375 0.09375 0.240234375
9 0.3037109375 0.61474609375 0.068359375 0.0478515625
5 0.1015625 0.33056640625 0.083984375 0.3291015625
5 0.583984375 0.31298828125 0.08203125 0.2333984375
5 0.7744140625 0.306640625 0.080078125 0.146484375
0 0.13134765625 0.83642578125 0.0478515625 0.0439453125
0 0.09814453125 0.78076171875 0.0263671875 0.0400390625
0 0.94677734375 0.94189453125 0.0380859375 0.0244140625
0 0.75048828125 0.9736328125 0.0400390625 0.025390625
0 0.5263671875 0.8271484375 0.0234375 0.041015625
0 0.49658203125 0.82763671875 0.0224609375 0.0419921875
