5 0.0185546875 0.47412109375 0.03515625 0.0966796875
5 0.10107421875 0.3701171875 0.1650390625 0.244140625
5 0.150390625 0.34423828125 0.138671875 0.2314453125
5 0.14599609375 0.21435546875 0.0341796875 0.0458984375
5 0.20947265625 0.1396484375 0.0400390625 0.05078125
5 0.37890625 0.25634765625 0.17578125 0.2841796875
5 0.3330078125 0.06640625 0.05859375 0.091796875
5 0.388671875 0.06005859375 0.0546875 0.0751953125
5 0.51513671875 0.13916015625 0.1650390625 0.2744140625
5 0.6845703125 0.15478515625 0.232421875 0.3076171875
