5 0.70947265625 0.21337890625 0.0634765625 0.1044921875
5 0.81298828125 0.18603515625 0.0869140625 0.1220703125
5 0.0419921875 0.8037109375 0.08203125 0.205078125
5 0.14794921875 0.75390625 0.1650390625 0.244140625
5 0.197265625 0.72802734375 0.138671875 0.2314453125
5 0.19287109375 0.59814453125 0.0341796875 0.0458984375
5 0.25634765625 0.5234375 0.0400390625 0.05078125
5 0.42578125 0.64013671875 0.17578125 0.2841796875
5 0.3798828125 0.4501953125 0.05859375 0.091796875
5 0.435546875 0.44384765625 0.0546875 0.0751953125
5 0.56201171875 0.52294921875 0.1650390625 0.2744140625
5 0.7177734375 0.49755859375 0.259765625 0.3896484375
5 0.966796875 0.0869140625 0.046875 0.1171875
5 0.8701171875 0.1376953125 0.07421875 0.13671875
