5 0.91796875 0.6689453125 0.078125 0.15625
5 0.82177734375 0.693359375 0.0712890625 0.140625
5 0.0380859375 0.50830078125 0.07421875 0.1552734375
5 0.08642578125 0.5615234375 0.0654296875 0.119140625
5 0.173828125 0.5908203125 0.056640625 0.107421875
5 0.25830078125 0.60009765625 0.0615234375 0.1064453125
5 0.37744140625 0.6240234375 0.0576171875 0.125
5 0.49951171875 0.6357421875 0.0341796875 0.109375
5 0.6025390625 0.68896484375 0.068359375 0.1220703125
5 0.7568359375 0.70458984375 0.091796875 0.1396484375
