9 0.27099609375 0.22802734375 0.0458984375 0.0361328125
9 0.388671875 0.17431640625 0.046875 0.0361328125
5 0.15576171875 0.89892578125 0.1181640625 0.1298828125
5 0.24951171875 0.81591796875 0.0732421875 0.0849609375
5 0.31884765625 0.77490234375 0.1044921875 0.1044921875
9 0.2255859375 0.6669921875 0.033203125 0.033203125
5 0.3876953125 0.6845703125 0.111328125 0.115234375
5 0.47900390625 0.58447265625 0.1123046875 0.1611328125
5 0.6123046875 0.50439453125 0.115234375 0.1748046875
5 0.7021484375 0.40185546875 0.1484375 0.2197265625
5 0.82763671875 0.30029296875 0.2158203125 0.2373046875
9 0.4931640625 0.0732421875 0.05078125 0.04296875
