5 0.146484375 0.6357421875 0.05078125 0.19140625
5 0.2255859375 0.13427734375 0.037109375 0.2333984375
5 0.130859375 0.13525390625 0.064453125 0.2294921875
5 0.39306640625 0.1494140625 0.0537109375 0.19921875
5 0.2119140625 0.61962890625 0.03515625 0.1611328125
5 0.359375 0.634765625 0.04296875 0.205078125
5 0.58740234375 0.63525390625 0.0576171875 0.2509765625
5 0.66259765625 0.6337890625 0.0322265625 0.248046875
5 0.73681640625 0.62744140625 0.0458984375 0.2353515625
5 0.79638671875 0.623046875 0.0322265625 0.173828125
5 0.94287109375 0.57666015625 0.0380859375 0.1611328125
5 0.490234375 0.14990234375 0.060546875 0.1748046875
5 0.96044921875 0.15283203125 0.0380859375 0.1396484375
5 0.86474609375 0.17236328125 0.0400390625 0.1044921875
5 0.798828125 0.16259765625 0.02734375 0.1025390625
5 0.73046875 0.1630859375 0.025390625 0.162109375
