5 0.869140625 0.1865234375 0.017578125 0.18359375
5 0.75048828125 0.13427734375 0.0185546875 0.0517578125
5 0.72607421875 0.189453125 0.0380859375 0.052734375
5 0.6982421875 0.25390625 0.029296875 0.072265625
5 0.6328125 0.15966796875 0.05859375 0.2607421875
5 0.490234375 0.18115234375 0.0859375 0.2998046875
5 0.31005859375 0.1826171875 0.0693359375 0.2421875
5 0.193359375 0.169921875 0.060546875 0.29296875
5 0.1279296875 0.17431640625 0.076171875 0.2939453125
5 0.02294921875 0.1669921875 0.0439453125 0.251953125
