5 0.8134765625 0.4853515625 0.025390625 0.041015625
5 0.7412109375 0.5146484375 0.02734375 0.03515625
5 0.6884765625 0.52880859375 0.03125 0.0498046875
5 0.6376953125 0.54248046875 0.025390625 0.0302734375
5 0.57275390625 0.55078125 0.0380859375 0.041015625
5 0.02197265625 0.6376953125 0.0263671875 0.03515625
5 0.078125 0.63232421875 0.025390625 0.0322265625
5 0.123046875 0.625 0.041015625 0.033203125
5 0.23583984375 0.6064453125 0.0341796875 0.033203125
5 0.3564453125 0.58740234375 0.0234375 0.0263671875
5 0.412109375 0.5791015625 0.02734375 0.0390625
5 0.46728515625 0.568359375 0.0263671875 0.037109375
5 0.5224609375 0.560546875 0.02734375 0.03515625
5 0.48095703125 0.669921875 0.0263671875 0.02734375
5 0.2236328125 0.9921875 0.02734375 0.015625
5 0.28759765625 0.923828125 0.0283203125 0.025390625
5 0.21142578125 0.9453125 0.0302734375 0.029296875
5 0.27294921875 0.869140625 0.0322265625 0.029296875
5 0.18017578125 0.8359375 0.0302734375 0.029296875
5 0.17138671875 0.7802734375 0.0224609375 0.029296875
5 0.0771484375 0.72705078125 0.037109375 0.0341796875
5 0.30712890625 0.6923828125 0.0400390625 0.03125
5 0.658203125 0.705078125 0.033203125 0.02734375
5 0.56884765625 0.70361328125 0.0244140625 0.0263671875
5 0.58837890625 0.78515625 0.0283203125 0.025390625
5 0.6015625 0.83740234375 0.029296875 0.0263671875
5 0.619140625 0.892578125 0.025390625 0.02734375
5 0.634765625 0.9462890625 0.029296875 0.029296875
5 0.64794921875 0.99365234375 0.0263671875 0.0126953125
5 0.30322265625 0.98193359375 0.0322265625 0.0283203125
5 0.72900390625 0.9794921875 0.0361328125 0.03125
5 0.7197265625 0.92236328125 0.037109375 0.0283203125
5 0.7041015625 0.86962890625 0.037109375 0.0322265625
5 0.69091796875 0.81591796875 0.0361328125 0.0322265625
5 0.67578125 0.76123046875 0.037109375 0.0302734375
5 0.8544921875 0.59716796875 0.0234375 0.0341796875
