5 0.4091796875 0.64208984375 0.029296875 0.0263671875
5 0.39013671875 0.28955078125 0.0322265625 0.0302734375
5 0.466796875 0.5615234375 0.037109375 0.025390625
5 0.4521484375 0.50927734375 0.037109375 0.0283203125
5 0.43603515625 0.45361328125 0.0380859375 0.0283203125
5 0.357421875 0.4716796875 0.03515625 0.02734375
5 0.3447265625 0.41796875 0.029296875 0.02734375
5 0.33154296875 0.36474609375 0.0283203125 0.0263671875
5 0.4052734375 0.34521484375 0.03515625 0.0263671875
5 0.3134765625 0.31005859375 0.033203125 0.0322265625
5 0.30322265625 0.25830078125 0.0322265625 0.0302734375
5 0.2451171875 0.0390625 0.033203125 0.03125
5 0.37646484375 0.23681640625 0.0302734375 0.0283203125
5 0.28662109375 0.19970703125 0.0341796875 0.0322265625
5 0.36376953125 0.17333984375 0.0361328125 0.0224609375
5 0.27099609375 0.14404296875 0.0322265625 0.0244140625
5 0.35205078125 0.1240234375 0.0419921875 0.03125
5 0.255859375 0.0869140625 0.0390625 0.04296875
5 0.3359375 0.06982421875 0.03515625 0.0283203125
5 0.3193359375 0.017578125 0.037109375 0.029296875
5 0.7412109375 0.005859375 0.025390625 0.009765625
5 0.8212890625 0.28857421875 0.033203125 0.0302734375
5 0.72265625 0.2646484375 0.033203125 0.02734375
5 0.708984375 0.208984375 0.03515625 0.033203125
5 0.787109375 0.173828125 0.03125 0.029296875
5 0.7783203125 0.126953125 0.037109375 0.03125
5 0.6982421875 0.1494140625 0.03125 0.052734375
5 0.759765625 0.07373046875 0.029296875 0.0263671875
5 0.677734375 0.09619140625 0.033203125 0.0263671875
5 0.66455078125 0.04052734375 0.0283203125 0.0244140625
5 0.73681640625 0.31396484375 0.0322265625 0.0263671875
5 0.83251953125 0.345703125 0.0283203125 0.029296875
5 0.75 0.36865234375 0.033203125 0.0244140625
5 0.84814453125 0.39453125 0.0361328125 0.033203125
5 0.96484375 0.70263671875 0.029296875 0.0400390625
5 0.91162109375 0.71630859375 0.0263671875 0.0380859375
5 0.8701171875 0.72314453125 0.025390625 0.0283203125
5 0.80126953125 0.7431640625 0.0263671875 0.029296875
5 0.76806640625 0.75537109375 0.0244140625 0.0302734375
5 0.82958984375 0.64404296875 0.0283203125 0.0263671875
5 0.90771484375 0.6162109375 0.0380859375 0.033203125
5 0.8115234375 0.583984375 0.033203125 0.029296875
5 0.89208984375 0.56494140625 0.0283203125 0.0244140625
5 0.798828125 0.53662109375 0.03515625 0.0322265625
5 0.8798828125 0.5078125 0.037109375 0.03125
5 0.78076171875 0.47412109375 0.0380859375 0.0341796875
5 0.86572265625 0.4560546875 0.0380859375 0.03125
5 0.765625 0.42041015625 0.033203125 0.0263671875
5 0.47900390625 0.61572265625 0.0400390625 0.0283203125
5 0.49072265625 0.66796875 0.0302734375 0.025390625
5 0.4208984375 0.6884765625 0.03125 0.037109375
5 0.619140625 0.7939453125 0.02734375 0.029296875
5 0.56591796875 0.80859375 0.0283203125 0.029296875
5 0.5107421875 0.826171875 0.041015625 0.0390625
5 0.40380859375 0.85498046875 0.0244140625 0.0322265625
5 0.3544921875 0.8642578125 0.01953125 0.02734375
5 0.43798828125 0.7666015625 0.0244140625 0.021484375
5 0.43408203125 0.7421875 0.0224609375 0.0234375
5 0.1611328125 0.857421875 0.03125 0.029296875
5 0.11083984375 0.83203125 0.0361328125 0.03125
5 0.09423828125 0.77880859375 0.0341796875 0.0263671875
5 0.01171875 0.7421875 0.021484375 0.029296875
5 0.080078125 0.71728515625 0.037109375 0.0263671875
5 0.06689453125 0.6689453125 0.0380859375 0.02734375
5 0.05322265625 0.6142578125 0.0380859375 0.02734375
5 0.03564453125 0.55810546875 0.0361328125 0.0263671875
5 0.02392578125 0.5107421875 0.0302734375 0.021484375
5 0.0126953125 0.4443359375 0.0234375 0.0234375
5 0.0341796875 0.84765625 0.02734375 0.025390625
5 0.2158203125 0.89794921875 0.025390625 0.0341796875
5 0.16552734375 0.91552734375 0.0244140625 0.0322265625
5 0.01025390625 0.95751953125 0.0185546875 0.0302734375
5 0.0615234375 0.94287109375 0.029296875 0.0322265625
5 0.111328125 0.93017578125 0.025390625 0.0322265625
