5 0.4091796875 0.01806640625 0.029296875 0.0263671875
5 0.96484375 0.07861328125 0.029296875 0.0400390625
5 0.91162109375 0.09228515625 0.0263671875 0.0380859375
5 0.8701171875 0.09912109375 0.025390625 0.0283203125
5 0.80126953125 0.119140625 0.0263671875 0.029296875
5 0.76806640625 0.13134765625 0.0244140625 0.0302734375
5 0.82958984375 0.02001953125 0.0283203125 0.0263671875
5 0.49072265625 0.0439453125 0.0302734375 0.025390625
5 0.4208984375 0.064453125 0.03125 0.037109375
5 0.619140625 0.169921875 0.02734375 0.029296875
5 0.56591796875 0.1845703125 0.0283203125 0.029296875
5 0.5107421875 0.2021484375 0.041015625 0.0390625
5 0.40380859375 0.23095703125 0.0244140625 0.0322265625
5 0.3544921875 0.240234375 0.01953125 0.02734375
5 0.43798828125 0.142578125 0.0244140625 0.021484375
5 0.43408203125 0.1181640625 0.0224609375 0.0234375
5 0.1611328125 0.2333984375 0.03125 0.029296875
5 0.11083984375 0.2080078125 0.0361328125 0.03125
5 0.09423828125 0.15478515625 0.0341796875 0.0263671875
5 0.01171875 0.1181640625 0.021484375 0.029296875
5 0.080078125 0.09326171875 0.037109375 0.0263671875
5 0.06689453125 0.044921875 0.0380859375 0.02734375
5 0.0341796875 0.2236328125 0.02734375 0.025390625
5 0.2158203125 0.27392578125 0.025390625 0.0341796875
5 0.16552734375 0.29150390625 0.0244140625 0.0322265625
5 0.01025390625 0.33349609375 0.0185546875 0.0302734375
5 0.0615234375 0.31884765625 0.029296875 0.0322265625
5 0.111328125 0.30615234375 0.025390625 0.0322265625
