5 0.01806640625 0.61865234375 0.0341796875 0.0283203125
5 0.0244140625 0.67333984375 0.046875 0.0322265625
5 0.7099609375 0.08544921875 0.046875 0.1689453125
5 0.9638671875 0.08349609375 0.0390625 0.1650390625
5 0.8876953125 0.0859375 0.037109375 0.169921875
5 0.814453125 0.0810546875 0.044921875 0.16015625
5 0.62158203125 0.07373046875 0.0576171875 0.1474609375
5 0.5 0.08740234375 0.048828125 0.1552734375
5 0.4228515625 0.109375 0.05859375 0.16796875
5 0.36376953125 0.12646484375 0.0517578125 0.1787109375
5 0.2138671875 0.14990234375 0.068359375 0.1806640625
5 0.13525390625 0.169921875 0.0634765625 0.193359375
5 0.01220703125 0.97265625 0.0224609375 0.0234375
5 0.10888671875 0.99072265625 0.0458984375 0.0185546875
5 0.0966796875 0.94140625 0.046875 0.02734375
5 0.0068359375 0.912109375 0.01171875 0.021484375
5 0.0751953125 0.8935546875 0.04296875 0.03125
5 0.0615234375 0.83837890625 0.056640625 0.0322265625
5 0.05029296875 0.7841796875 0.0576171875 0.033203125
5 0.03271484375 0.73095703125 0.0576171875 0.0341796875
5 0.873046875 0.990234375 0.029296875 0.01953125
5 0.9443359375 0.9697265625 0.037109375 0.041015625
5 0.861328125 0.93896484375 0.029296875 0.0283203125
5 0.91845703125 0.88720703125 0.0263671875 0.0283203125
5 0.84326171875 0.88525390625 0.0341796875 0.0283203125
5 0.97705078125 0.81396484375 0.0458984375 0.0341796875
5 0.962890625 0.72265625 0.0234375 0.03515625
5 0.85302734375 0.74365234375 0.0283203125 0.0341796875
5 0.79931640625 0.74951171875 0.0263671875 0.0341796875
5 0.7421875 0.7568359375 0.0234375 0.0390625
5 0.6875 0.76806640625 0.0234375 0.0283203125
5 0.44482421875 0.98974609375 0.0302734375 0.0205078125
5 0.51220703125 0.96484375 0.0341796875 0.03125
5 0.4296875 0.93896484375 0.03125 0.0302734375
5 0.59912109375 0.87060546875 0.0283203125 0.0302734375
5 0.4130859375 0.880859375 0.033203125 0.02734375
5 0.3974609375 0.81494140625 0.03515625 0.0283203125
5 0.42626953125 0.8017578125 0.0185546875 0.033203125
5 0.4541015625 0.7998046875 0.01953125 0.033203125
5 0.52587890625 0.78857421875 0.0263671875 0.0322265625
5 0.57763671875 0.78271484375 0.0322265625 0.0322265625
5 0.6259765625 0.77783203125 0.0234375 0.0302734375
