5 0.732421875 0.66455078125 0.05078125 0.0244140625
5 0.8056640625 0.962890625 0.052734375 0.037109375
5 0.8837890625 0.91650390625 0.046875 0.0341796875
5 0.787109375 0.8876953125 0.048828125 0.03125
5 0.77587890625 0.8271484375 0.0478515625 0.029296875
5 0.85595703125 0.8046875 0.0439453125 0.033203125
5 0.76220703125 0.77490234375 0.0478515625 0.0341796875
5 0.84912109375 0.767578125 0.0478515625 0.02734375
5 0.83349609375 0.69580078125 0.0556640625 0.0400390625
5 0.81689453125 0.64306640625 0.0478515625 0.0283203125
5 0.71533203125 0.609375 0.0498046875 0.037109375
5 0.7998046875 0.58642578125 0.046875 0.0322265625
5 0.78466796875 0.53369140625 0.0322265625 0.0283203125
5 0.70068359375 0.55419921875 0.0478515625 0.0302734375
5 0.77490234375 0.4765625 0.0439453125 0.033203125
5 0.6865234375 0.5078125 0.046875 0.03125
5 0.75341796875 0.41064453125 0.0517578125 0.0517578125
5 0.6650390625 0.39111328125 0.0390625 0.0283203125
5 0.89892578125 0.96923828125 0.0517578125 0.0380859375
5 0.63134765625 0.27587890625 0.0400390625 0.0302734375
5 0.71533203125 0.33349609375 0.0224609375 0.0537109375
5 0.71826171875 0.26025390625 0.0517578125 0.0302734375
5 0.61865234375 0.22802734375 0.0380859375 0.0302734375
5 0.7041015625 0.2099609375 0.048828125 0.02734375
5 0.609375 0.18115234375 0.044921875 0.0322265625
5 0.68212890625 0.15283203125 0.0458984375 0.0341796875
5 0.59423828125 0.1201171875 0.0458984375 0.03125
5 0.6669921875 0.10400390625 0.041015625 0.0322265625
5 0.5654296875 0.06787109375 0.04296875 0.0302734375
5 0.64599609375 0.041015625 0.0302734375 0.02734375
5 0.5673828125 0.01123046875 0.021484375 0.0224609375
5 0.98876953125 0.0791015625 0.0224609375 0.02734375
5 0.97998046875 0.01171875 0.0400390625 0.021484375
5 0.01171875 0.74755859375 0.021484375 0.0322265625
5 0.01708984375 0.79833984375 0.0322265625 0.0322265625
5 0.0478515625 0.96435546875 0.044921875 0.0302734375
5 0.0361328125 0.9189453125 0.044921875 0.033203125
5 0.02197265625 0.8544921875 0.0419921875 0.025390625
5 0.33154296875 0.43408203125 0.0439453125 0.0322265625
5 0.4560546875 0.85693359375 0.05078125 0.0302734375
5 0.314453125 0.736328125 0.0546875 0.056640625
5 0.42236328125 0.6962890625 0.0595703125 0.03515625
5 0.2890625 0.60986328125 0.046875 0.0341796875
5 0.390625 0.6044921875 0.06640625 0.064453125
5 0.27685546875 0.5458984375 0.0341796875 0.025390625
5 0.369140625 0.54345703125 0.048828125 0.0322265625
5 0.25830078125 0.5048828125 0.0576171875 0.02734375
5 0.23046875 0.3857421875 0.05859375 0.037109375
5 0.47119140625 0.91015625 0.0458984375 0.03125
5 0.3193359375 0.36328125 0.046875 0.029296875
5 0.2158203125 0.33740234375 0.0625 0.0400390625
5 0.306640625 0.31591796875 0.04296875 0.0302734375
5 0.29052734375 0.2587890625 0.0439453125 0.03125
5 0.18359375 0.22900390625 0.05859375 0.0380859375
5 0.2724609375 0.203125 0.05078125 0.03515625
5 0.16796875 0.17919921875 0.0546875 0.0380859375
5 0.26171875 0.1484375 0.06640625 0.0390625
5 0.35791015625 0.8828125 0.0576171875 0.03515625
5 0.365234375 0.9208984375 0.048828125 0.02734375
5 0.48291015625 0.96875 0.0478515625 0.029296875
5 0.39306640625 0.98193359375 0.0517578125 0.0361328125
5 0.15283203125 0.12060546875 0.0537109375 0.0361328125
5 0.25 0.0947265625 0.052734375 0.03515625
5 0.23486328125 0.033203125 0.0537109375 0.03515625
5 0.119140625 0.01513671875 0.048828125 0.0283203125
