5 0.638671875 0.9541015625 0.046875 0.029296875
5 0.623046875 0.89892578125 0.044921875 0.0283203125
5 0.39990234375 0.0234375 0.0517578125 0.03515625
5 0.45947265625 0.24755859375 0.0498046875 0.0322265625
5 0.34326171875 0.22412109375 0.0380859375 0.0302734375
5 0.44677734375 0.18798828125 0.0478515625 0.0283203125
5 0.42578125 0.1279296875 0.0546875 0.0390625
5 0.33203125 0.1591796875 0.037109375 0.029296875
5 0.31103515625 0.1083984375 0.0537109375 0.03125
5 0.41357421875 0.07373046875 0.0517578125 0.0302734375
5 0.2958984375 0.05126953125 0.052734375 0.0302734375
5 0.28125 0.00732421875 0.048828125 0.0126953125
5 0.52490234375 0.9248046875 0.0478515625 0.033203125
5 0.35302734375 0.2744140625 0.0439453125 0.029296875
5 0.4716796875 0.29931640625 0.044921875 0.0322265625
5 0.36767578125 0.32177734375 0.0400390625 0.0283203125
5 0.48681640625 0.35595703125 0.0439453125 0.0322265625
5 0.61669921875 0.84423828125 0.0595703125 0.0322265625
5 0.50390625 0.8115234375 0.0390625 0.029296875
5 0.603515625 0.7890625 0.0625 0.03515625
5 0.48828125 0.75537109375 0.044921875 0.0341796875
5 0.59423828125 0.73388671875 0.0537109375 0.0322265625
5 0.46826171875 0.69970703125 0.0517578125 0.0322265625
5 0.4619140625 0.65087890625 0.044921875 0.0341796875
5 0.5751953125 0.68212890625 0.0546875 0.0302734375
5 0.546875 0.6259765625 0.048828125 0.033203125
5 0.53662109375 0.572265625 0.0478515625 0.033203125
5 0.42626953125 0.57080078125 0.0791015625 0.0947265625
5 0.52978515625 0.51806640625 0.0478515625 0.0302734375
5 0.404296875 0.49169921875 0.044921875 0.0341796875
5 0.51025390625 0.46435546875 0.0419921875 0.0283203125
5 0.396484375 0.435546875 0.0390625 0.03125
5 0.498046875 0.40966796875 0.04296875 0.0322265625
5 0.37158203125 0.36962890625 0.0556640625 0.0322265625
5 0.97265625 0.982421875 0.0546875 0.03515625
5 0.95751953125 0.92529296875 0.0537109375 0.0361328125
5 0.73046875 0.111328125 0.052734375 0.03125
5 0.8271484375 0.08349609375 0.048828125 0.0341796875
5 0.72119140625 0.052734375 0.0439453125 0.03125
5 0.81640625 0.03076171875 0.048828125 0.0341796875
5 0.70751953125 0.01025390625 0.0419921875 0.0185546875
5 0.744140625 0.166015625 0.0546875 0.03125
5 0.8544921875 0.1884765625 0.05078125 0.044921875
5 0.76025390625 0.21435546875 0.0498046875 0.0341796875
5 0.8671875 0.2529296875 0.033203125 0.025390625
5 0.923828125 0.81787109375 0.048828125 0.0322265625
5 0.99169921875 0.73681640625 0.0166015625 0.0322265625
5 0.8984375 0.70849609375 0.046875 0.0302734375
5 0.9853515625 0.68896484375 0.029296875 0.0361328125
5 0.8818359375 0.64794921875 0.044921875 0.0322265625
5 0.9736328125 0.6181640625 0.052734375 0.03125
5 0.8642578125 0.5986328125 0.048828125 0.029296875
5 0.96630859375 0.572265625 0.0517578125 0.03515625
5 0.8505859375 0.54541015625 0.048828125 0.0302734375
5 0.951171875 0.517578125 0.052734375 0.03515625
5 0.9365234375 0.4638671875 0.052734375 0.041015625
5 0.8369140625 0.49365234375 0.052734375 0.0361328125
5 0.92578125 0.41650390625 0.048828125 0.0283203125
5 0.81982421875 0.40771484375 0.0576171875 0.0732421875
5 0.896484375 0.3603515625 0.033203125 0.02734375
5 0.88720703125 0.3046875 0.0380859375 0.03125
5 0.798828125 0.296875 0.03125 0.056640625
5 0.16796875 0.85986328125 0.048828125 0.0302734375
5 0.19287109375 0.95361328125 0.0419921875 0.0263671875
5 0.1669921875 0.89697265625 0.029296875 0.0341796875
5 0.14892578125 0.77783203125 0.0419921875 0.0283203125
5 0.13720703125 0.73876953125 0.0478515625 0.0283203125
5 0.12548828125 0.68212890625 0.0498046875 0.0322265625
5 0.10693359375 0.62646484375 0.0458984375 0.0341796875
5 0.09423828125 0.57763671875 0.0419921875 0.0263671875
5 0.0947265625 0.51708984375 0.068359375 0.0380859375
5 0.05322265625 0.4091796875 0.0458984375 0.033203125
5 0.0341796875 0.35205078125 0.044921875 0.0302734375
