5 0.64208984375 0.3740234375 0.0302734375 0.0234375
5 0.703125 0.58740234375 0.04296875 0.0263671875
5 0.78125 0.5703125 0.048828125 0.044921875
5 0.6845703125 0.52880859375 0.044921875 0.0263671875
5 0.77197265625 0.51953125 0.0498046875 0.03515625
5 0.671875 0.47998046875 0.04296875 0.0263671875
5 0.7548828125 0.45361328125 0.052734375 0.0341796875
5 0.65673828125 0.4365234375 0.0400390625 0.033203125
5 0.73974609375 0.39794921875 0.0537109375 0.0322265625
5 0.73046875 0.3583984375 0.05859375 0.033203125
5 0.71142578125 0.2763671875 0.0400390625 0.029296875
5 0.6318359375 0.296875 0.02734375 0.0234375
5 0.365234375 0.916015625 0.046875 0.03515625
5 0.37841796875 0.96875 0.0498046875 0.037109375
5 0.4677734375 0.9404296875 0.0546875 0.033203125
5 0.455078125 0.8857421875 0.056640625 0.037109375
5 0.35302734375 0.86572265625 0.0458984375 0.0302734375
5 0.44140625 0.83837890625 0.046875 0.0302734375
5 0.43017578125 0.79443359375 0.0478515625 0.0302734375
5 0.34619140625 0.80224609375 0.0400390625 0.0263671875
5 0.40576171875 0.72314453125 0.0478515625 0.0283203125
5 0.3251953125 0.7470703125 0.05078125 0.02734375
5 0.30908203125 0.68212890625 0.0478515625 0.0302734375
5 0.392578125 0.67724609375 0.044921875 0.0302734375
5 0.7119140625 0.642578125 0.044921875 0.0234375
5 0.80859375 0.62109375 0.0625 0.033203125
5 0.826171875 0.67333984375 0.052734375 0.0322265625
5 0.73291015625 0.7060546875 0.0537109375 0.03515625
5 0.93994140625 0.169921875 0.0634765625 0.193359375
5 0.806640625 0.97509765625 0.04296875 0.0283203125
5 0.91357421875 0.99072265625 0.0458984375 0.0185546875
5 0.9013671875 0.94140625 0.046875 0.02734375
5 0.79150390625 0.91650390625 0.0517578125 0.0302734375
5 0.8798828125 0.8935546875 0.04296875 0.03125
5 0.77880859375 0.86865234375 0.0439453125 0.0322265625
5 0.8662109375 0.83837890625 0.056640625 0.0322265625
5 0.76220703125 0.80517578125 0.0400390625 0.0283203125
5 0.85498046875 0.7841796875 0.0576171875 0.033203125
5 0.74755859375 0.74658203125 0.0458984375 0.0302734375
5 0.83740234375 0.73095703125 0.0576171875 0.0341796875
5 0.283203125 0.583984375 0.046875 0.03125
5 0.36474609375 0.56689453125 0.0341796875 0.0244140625
5 0.2646484375 0.53076171875 0.05078125 0.0361328125
5 0.3564453125 0.509765625 0.048828125 0.03125
5 0.24853515625 0.48486328125 0.0537109375 0.0224609375
5 0.22265625 0.41796875 0.05078125 0.03125
5 0.30078125 0.35791015625 0.017578125 0.0380859375
5 0.11962890625 0.2431640625 0.0400390625 0.06640625
5 0.0732421875 0.2529296875 0.037109375 0.056640625
5 0.02392578125 0.88818359375 0.0458984375 0.0341796875
5 0.0185546875 0.83447265625 0.03515625 0.0322265625
5 0.0107421875 0.78173828125 0.01953125 0.0283203125
5 0.04833984375 0.9853515625 0.0478515625 0.029296875
