5 0.201171875 0.74755859375 0.025390625 0.1669921875
5 0.31689453125 0.7529296875 0.0205078125 0.15234375
5 0.98046875 0.30810546875 0.029296875 0.0576171875
5 0.92333984375 0.2998046875 0.0224609375 0.04296875
5 0.87451171875 0.3056640625 0.0283203125 0.05859375
5 0.81298828125 0.2998046875 0.0244140625 0.052734375
5 0.7587890625 0.2919921875 0.044921875 0.05078125
5 0.6884765625 0.28466796875 0.029296875 0.0576171875
5 0.6396484375 0.2646484375 0.033203125 0.06640625
5 0.57861328125 0.24267578125 0.0263671875 0.0673828125
5 0.5107421875 0.2119140625 0.04296875 0.0546875
5 0.4638671875 0.20458984375 0.025390625 0.0595703125
5 0.3798828125 0.1865234375 0.013671875 0.0546875
5 0.34619140625 0.1845703125 0.0283203125 0.05859375
5 0.484375 0.76611328125 0.021484375 0.1396484375
5 0.658203125 0.7705078125 0.0234375 0.150390625
5 0.7158203125 0.765625 0.02734375 0.162109375
5 0.77587890625 0.7734375 0.0302734375 0.1484375
5 0.83154296875 0.775390625 0.0322265625 0.13671875
5 0.94775390625 0.74853515625 0.0263671875 0.1962890625
5 0.78955078125 0.45166015625 0.0263671875 0.0380859375
5 0.84619140625 0.44921875 0.0205078125 0.044921875
5 0.73583984375 0.4599609375 0.0302734375 0.052734375
5 0.544921875 0.45458984375 0.03515625 0.0458984375
5 0.62109375 0.45947265625 0.03125 0.0556640625
5 0.6611328125 0.4619140625 0.03125 0.05078125
5 0.4931640625 0.4501953125 0.037109375 0.05078125
5 0.4287109375 0.458984375 0.029296875 0.037109375
5 0.32177734375 0.4580078125 0.0263671875 0.041015625
5 0.26025390625 0.45947265625 0.0205078125 0.0419921875
5 0.21044921875 0.4619140625 0.0205078125 0.060546875
5 0.171875 0.45458984375 0.041015625 0.0634765625
5 0.25732421875 0.17626953125 0.0458984375 0.0576171875
