5 0.39990234375 0.828125 0.0517578125 0.03515625
5 0.447265625 0.9892578125 0.046875 0.021484375
5 0.42578125 0.9326171875 0.0546875 0.0390625
5 0.33203125 0.9638671875 0.037109375 0.029296875
5 0.31103515625 0.9130859375 0.0537109375 0.03125
5 0.41357421875 0.87841796875 0.0517578125 0.0302734375
5 0.2958984375 0.85595703125 0.052734375 0.0302734375
5 0.28076171875 0.80322265625 0.0498046875 0.0302734375
5 0.38330078125 0.77783203125 0.0517578125 0.0322265625
5 0.263671875 0.7490234375 0.052734375 0.029296875
5 0.3701171875 0.7236328125 0.052734375 0.033203125
5 0.2490234375 0.69580078125 0.05859375 0.0341796875
5 0.23291015625 0.634765625 0.0615234375 0.033203125
5 0.341796875 0.611328125 0.052734375 0.03125
5 0.216796875 0.580078125 0.0546875 0.02734375
5 0.30810546875 0.51416015625 0.0478515625 0.0458984375
5 0.44580078125 0.29541015625 0.0322265625 0.0595703125
5 0.61474609375 0.4482421875 0.0361328125 0.03125
5 0.92431640625 0.2431640625 0.0400390625 0.06640625
5 0.8779296875 0.2529296875 0.037109375 0.056640625
5 0.67041015625 0.69873046875 0.0517578125 0.0322265625
5 0.73046875 0.916015625 0.052734375 0.03125
5 0.8271484375 0.88818359375 0.048828125 0.0341796875
5 0.72119140625 0.857421875 0.0439453125 0.03125
5 0.81640625 0.83544921875 0.048828125 0.0341796875
5 0.7060546875 0.8046875 0.044921875 0.0390625
5 0.8017578125 0.78515625 0.046875 0.03515625
5 0.6982421875 0.73974609375 0.033203125 0.0361328125
5 0.7783203125 0.73046875 0.03515625 0.029296875
5 0.76806640625 0.6669921875 0.0498046875 0.03125
5 0.66162109375 0.64404296875 0.0517578125 0.0341796875
5 0.75537109375 0.619140625 0.0458984375 0.03125
5 0.66259765625 0.6044921875 0.0283203125 0.01953125
5 0.75048828125 0.5595703125 0.0693359375 0.03515625
5 0.638671875 0.53466796875 0.041015625 0.0263671875
5 0.625 0.48583984375 0.0390625 0.0283203125
5 0.732421875 0.5087890625 0.05078125 0.03125
5 0.69873046875 0.412109375 0.0302734375 0.025390625
5 0.744140625 0.970703125 0.0546875 0.03125
5 0.85302734375 0.9853515625 0.0478515625 0.029296875
5 0.20166015625 0.5205078125 0.0732421875 0.060546875
