5 0.291015625 0.0966796875 0.033203125 0.033203125
5 0.2109375 0.17919921875 0.033203125 0.0322265625
5 0.17431640625 0.21484375 0.0380859375 0.0390625
5 0.06201171875 0.3115234375 0.0400390625 0.041015625
5 0.02099609375 0.34423828125 0.0400390625 0.0419921875
5 0.25244140625 0.13671875 0.0341796875 0.033203125
5 0.32470703125 0.05712890625 0.0380859375 0.0380859375
9 0.68310546875 0.25244140625 0.0517578125 0.0458984375
5 0.37451171875 0.0166015625 0.0361328125 0.03125
9 0.43994140625 0.96630859375 0.0634765625 0.0517578125
9 0.22265625 0.5810546875 0.0625 0.056640625
