5 0.66357421875 0.12744140625 0.0400390625 0.0322265625
5 0.125 0.97216796875 0.033203125 0.0244140625
5 0.06005859375 0.99169921875 0.0341796875 0.0166015625
5 0.111328125 0.9169921875 0.0390625 0.025390625
5 0.04443359375 0.93017578125 0.0380859375 0.0283203125
5 0.1005859375 0.85986328125 0.033203125 0.0244140625
5 0.03076171875 0.876953125 0.0341796875 0.02734375
5 0.07958984375 0.7470703125 0.0322265625 0.025390625
5 0.01171875 0.763671875 0.021484375 0.025390625
5 0.06884765625 0.69189453125 0.0341796875 0.0283203125
5 0.0048828125 0.70556640625 0.0078125 0.0224609375
5 0.05419921875 0.63623046875 0.0419921875 0.0283203125
5 0.00244140625 0.64697265625 0.0029296875 0.0166015625
5 0.04248046875 0.5869140625 0.0400390625 0.02734375
5 0.02978515625 0.52734375 0.0419921875 0.02734375
5 0.0185546875 0.4716796875 0.037109375 0.025390625
5 0.00830078125 0.3603515625 0.0146484375 0.0234375
5 0.74951171875 0.13525390625 0.0419921875 0.0205078125
5 0.02880859375 0.22607421875 0.0263671875 0.0341796875
5 0.29638671875 0.2060546875 0.0400390625 0.029296875
5 0.31005859375 0.29296875 0.0439453125 0.02734375
5 0.9140625 0.9228515625 0.037109375 0.025390625
5 0.83935546875 0.93798828125 0.0361328125 0.0244140625
5 0.89697265625 0.86669921875 0.0322265625 0.0263671875
5 0.826171875 0.88232421875 0.048828125 0.0302734375
5 0.8828125 0.806640625 0.037109375 0.025390625
5 0.87353515625 0.7568359375 0.0341796875 0.025390625
5 0.8076171875 0.77880859375 0.04296875 0.0302734375
5 0.859375 0.69921875 0.0390625 0.021484375
5 0.7919921875 0.71533203125 0.0390625 0.0224609375
5 0.85009765625 0.640625 0.0341796875 0.0234375
5 0.7822265625 0.66650390625 0.041015625 0.0302734375
5 0.83984375 0.5869140625 0.037109375 0.025390625
5 0.77001953125 0.60205078125 0.0419921875 0.0283203125
5 0.83154296875 0.5322265625 0.0400390625 0.025390625
5 0.81982421875 0.4775390625 0.0380859375 0.02734375
5 0.74560546875 0.4873046875 0.0322265625 0.025390625
5 0.80615234375 0.4208984375 0.0361328125 0.025390625
5 0.7314453125 0.43603515625 0.037109375 0.0283203125
5 0.796875 0.365234375 0.041015625 0.03125
5 0.72412109375 0.37548828125 0.0322265625 0.0224609375
5 0.787109375 0.30859375 0.0390625 0.02734375
5 0.70703125 0.3203125 0.041015625 0.033203125
5 0.775390625 0.251953125 0.041015625 0.02734375
5 0.76953125 0.19384765625 0.0390625 0.0263671875
5 0.68701171875 0.212890625 0.0380859375 0.0234375
5 0.85546875 0.98876953125 0.044921875 0.0224609375
5 0.921875 0.962890625 0.033203125 0.025390625
5 0.37841796875 0.6220703125 0.0419921875 0.0234375
5 0.37646484375 0.28125 0.0263671875 0.025390625
5 0.3193359375 0.34765625 0.04296875 0.02734375
5 0.38623046875 0.33642578125 0.0302734375 0.0244140625
5 0.33056640625 0.40625 0.0380859375 0.0234375
5 0.39990234375 0.38525390625 0.0341796875 0.0244140625
5 0.34326171875 0.458984375 0.0380859375 0.025390625
5 0.4111328125 0.4453125 0.037109375 0.025390625
5 0.35986328125 0.51611328125 0.0400390625 0.0263671875
5 0.42431640625 0.50048828125 0.0322265625 0.0263671875
5 0.369140625 0.57177734375 0.0390625 0.0244140625
5 0.44775390625 0.61328125 0.0380859375 0.02734375
5 0.38916015625 0.68310546875 0.0322265625 0.0244140625
5 0.46337890625 0.66650390625 0.0380859375 0.0244140625
5 0.4853515625 0.7734375 0.03515625 0.02734375
5 0.41259765625 0.794921875 0.0400390625 0.02734375
5 0.4970703125 0.83203125 0.03515625 0.02734375
5 0.42138671875 0.85205078125 0.0341796875 0.0244140625
5 0.5078125 0.89013671875 0.046875 0.0263671875
5 0.5185546875 0.9482421875 0.041015625 0.025390625
5 0.44580078125 0.9619140625 0.0302734375 0.029296875
