5 0.49560546875 0.8798828125 0.0439453125 0.025390625
5 0.8984375 0.79833984375 0.0390625 0.0283203125
5 0.9521484375 0.73193359375 0.03125 0.0224609375
5 0.88720703125 0.7333984375 0.0341796875 0.025390625
5 0.94140625 0.6748046875 0.03515625 0.025390625
5 0.87646484375 0.6962890625 0.0341796875 0.02734375
5 0.9296875 0.61962890625 0.033203125 0.0244140625
5 0.865234375 0.64501953125 0.03515625 0.0283203125
5 0.916015625 0.564453125 0.0390625 0.025390625
5 0.84912109375 0.57763671875 0.0380859375 0.0283203125
5 0.9052734375 0.50732421875 0.033203125 0.0244140625
5 0.83544921875 0.5244140625 0.0341796875 0.02734375
5 0.88427734375 0.39453125 0.0322265625 0.025390625
5 0.80859375 0.41259765625 0.037109375 0.0283203125
5 0.87353515625 0.33935546875 0.0341796875 0.0283203125
5 0.7958984375 0.35595703125 0.03515625 0.0283203125
5 0.85888671875 0.28369140625 0.0419921875 0.0283203125
5 0.7900390625 0.29833984375 0.037109375 0.0244140625
5 0.84716796875 0.234375 0.0400390625 0.02734375
5 0.77783203125 0.24560546875 0.0419921875 0.0302734375
5 0.83447265625 0.1748046875 0.0419921875 0.02734375
5 0.76806640625 0.1865234375 0.0439453125 0.025390625
5 0.8232421875 0.119140625 0.037109375 0.025390625
5 0.76171875 0.12744140625 0.041015625 0.0244140625
5 0.75537109375 0.06884765625 0.0302734375 0.0205078125
5 0.80078125 0.01318359375 0.0390625 0.0244140625
5 0.9619140625 0.78515625 0.0390625 0.025390625
5 0.5693359375 0.87158203125 0.037109375 0.0283203125
5 0.484375 0.830078125 0.04296875 0.0234375
5 0.38623046875 0.03076171875 0.0322265625 0.0302734375
5 0.31201171875 0.05712890625 0.0439453125 0.0224609375
5 0.4091796875 0.1533203125 0.044921875 0.03125
5 0.3388671875 0.1591796875 0.052734375 0.029296875
5 0.40673828125 0.20556640625 0.0302734375 0.0244140625
5 0.3486328125 0.2138671875 0.052734375 0.025390625
5 0.43310546875 0.25537109375 0.0478515625 0.0283203125
5 0.36572265625 0.271484375 0.0498046875 0.029296875
5 0.37841796875 0.32421875 0.0498046875 0.03125
5 0.46142578125 0.369140625 0.0361328125 0.025390625
5 0.390625 0.380859375 0.05078125 0.025390625
5 0.39892578125 0.421875 0.0498046875 0.029296875
5 0.47021484375 0.42333984375 0.0458984375 0.0283203125
5 0.41552734375 0.49365234375 0.0498046875 0.0283203125
5 0.482421875 0.4794921875 0.0390625 0.025390625
5 0.42578125 0.5498046875 0.05078125 0.02734375
5 0.49853515625 0.53515625 0.0341796875 0.02734375
5 0.50341796875 0.5927734375 0.0439453125 0.02734375
5 0.43408203125 0.60693359375 0.0458984375 0.0302734375
5 0.4384765625 0.66455078125 0.0390625 0.0263671875
5 0.537109375 0.70361328125 0.03515625 0.0283203125
5 0.44970703125 0.7216796875 0.0400390625 0.029296875
5 0.54052734375 0.76318359375 0.0498046875 0.0283203125
5 0.46826171875 0.77099609375 0.0478515625 0.0302734375
5 0.55419921875 0.81396484375 0.0439453125 0.0283203125
5 0.31005859375 0.01513671875 0.0517578125 0.0283203125
