9 0.8232421875 0.38623046875 0.0390625 0.0380859375
5 0.64404296875 0.19140625 0.0869140625 0.248046875
5 0.43505859375 0.20458984375 0.0537109375 0.2158203125
5 0.3759765625 0.224609375 0.0546875 0.232421875
5 0.30322265625 0.2353515625 0.0595703125 0.232421875
5 0.2373046875 0.2509765625 0.060546875 0.2109375
5 0.169921875 0.25244140625 0.056640625 0.2255859375
5 0.09521484375 0.26513671875 0.0537109375 0.2275390625
5 0.51171875 0.19970703125 0.05859375 0.2158203125
5 0.7080078125 0.1826171875 0.0859375 0.25
9 0.69091796875 0.40185546875 0.0478515625 0.0263671875
5 0.7978515625 0.18017578125 0.1171875 0.2880859375
9 0.54638671875 0.39111328125 0.0517578125 0.0419921875
9 0.4716796875 0.42333984375 0.03125 0.0498046875
9 0.40625 0.40185546875 0.05078125 0.0517578125
9 0.32666015625 0.44140625 0.0380859375 0.0390625
9 0.2744140625 0.435546875 0.02734375 0.044921875
9 0.1943359375 0.4443359375 0.048828125 0.041015625
9 0.12255859375 0.447265625 0.0244140625 0.04296875
