5 0.95751953125 0.35205078125 0.0576171875 0.2236328125
5 0.88916015625 0.36865234375 0.0634765625 0.2353515625
5 0.806640625 0.37744140625 0.056640625 0.2275390625
5 0.69580078125 0.3837890625 0.0517578125 0.205078125
5 0.60888671875 0.3828125 0.0498046875 0.177734375
5 0.47314453125 0.39892578125 0.0380859375 0.1630859375
5 0.39892578125 0.431640625 0.0517578125 0.197265625
5 0.3359375 0.44287109375 0.05078125 0.2021484375
5 0.18359375 0.4658203125 0.05859375 0.1953125
9 0.93505859375 0.544921875 0.0302734375 0.044921875
9 0.83544921875 0.54931640625 0.0634765625 0.0341796875
9 0.6416015625 0.580078125 0.037109375 0.056640625
9 0.50146484375 0.6162109375 0.0419921875 0.03125
9 0.4326171875 0.62939453125 0.05078125 0.0439453125
9 0.15234375 0.67431640625 0.048828125 0.0283203125
9 0.35791015625 0.630859375 0.0498046875 0.056640625
9 0.220703125 0.66064453125 0.048828125 0.0400390625
5 0.0966796875 0.48779296875 0.072265625 0.2197265625
