8 0.8984375 0.91015625 0.12109375 0.1796875
8 0.37255859375 0.4775390625 0.1220703125 0.185546875
8 0.470703125 0.44873046875 0.12109375 0.1845703125
8 0.34619140625 0.77587890625 0.1240234375 0.1845703125
8 0.4462890625 0.74755859375 0.12109375 0.1845703125
8 0.5458984375 0.72021484375 0.123046875 0.1845703125
8 0.3837890625 0.98046875 0.0859375 0.0390625
8 0.48779296875 0.96533203125 0.0947265625 0.0693359375
8 0.642578125 0.9453125 0.107421875 0.109375
8 0.798828125 0.92431640625 0.119140625 0.1513671875
0 0.61865234375 0.2568359375 0.0380859375 0.029296875
0 0.646484375 0.32275390625 0.0390625 0.0341796875
0 0.62744140625 0.283203125 0.0380859375 0.03125
0 0.63330078125 0.30517578125 0.0380859375 0.0341796875
0 0.6611328125 0.39111328125 0.03515625 0.0361328125
0 0.78564453125 0.33349609375 0.0224609375 0.0361328125
0 0.85400390625 0.3095703125 0.0263671875 0.037109375
0 0.68359375 0.44091796875 0.041015625 0.0400390625
0 0.67333984375 0.416015625 0.0400390625 0.0390625
0 0.76025390625 0.341796875 0.0244140625 0.041015625
0 0.76806640625 0.40283203125 0.0244140625 0.0380859375
8 0.27197265625 0.50537109375 0.1240234375 0.1845703125
