8 0.783203125 0.91015625 0.12109375 0.1796875
8 0.25732421875 0.4775390625 0.1220703125 0.185546875
8 0.35546875 0.44873046875 0.12109375 0.1845703125
8 0.23095703125 0.77587890625 0.1240234375 0.1845703125
8 0.3310546875 0.74755859375 0.12109375 0.1845703125
8 0.4306640625 0.72021484375 0.123046875 0.1845703125
8 0.2685546875 0.98046875 0.0859375 0.0390625
8 0.37255859375 0.96533203125 0.0947265625 0.0693359375
8 0.52734375 0.9453125 0.107421875 0.109375
8 0.68359375 0.92431640625 0.119140625 0.1513671875
0 0.50341796875 0.2568359375 0.0380859375 0.029296875
0 0.53125 0.32275390625 0.0390625 0.0341796875
0 0.51220703125 0.283203125 0.0380859375 0.03125
0 0.51806640625 0.30517578125 0.0380859375 0.0341796875
0 0.5458984375 0.39111328125 0.03515625 0.0361328125
0 0.67041015625 0.33349609375 0.0224609375 0.0361328125
0 0.73876953125 0.3095703125 0.0263671875 0.037109375
0 0.568359375 0.44091796875 0.041015625 0.0400390625
0 0.55810546875 0.416015625 0.0400390625 0.0390625
0 0.64501953125 0.341796875 0.0244140625 0.041015625
0 0.65283203125 0.40283203125 0.0244140625 0.0380859375
8 0.15673828125 0.50537109375 0.1240234375 0.1845703125
