0 0.75537109375 0.03857421875 0.0302734375 0.0400390625
0 0.8076171875 0.16357421875 0.029296875 0.0419921875
8 0.66796875 0.4345703125 0.140625 0.19140625
8 0.56640625 0.19189453125 0.140625 0.1923828125
8 0.46826171875 0.2314453125 0.1416015625 0.19140625
8 0.34716796875 0.28271484375 0.1416015625 0.1923828125
8 0.24951171875 0.32177734375 0.1435546875 0.1923828125
0 0.2783203125 0.77392578125 0.033203125 0.0205078125
0 0.517578125 0.748046875 0.037109375 0.01953125
0 0.501953125 0.60595703125 0.0234375 0.0341796875
0 0.70361328125 0.73779296875 0.0361328125 0.0205078125
0 0.11083984375 0.79052734375 0.0380859375 0.0205078125
0 0.20361328125 0.7783203125 0.0400390625 0.021484375
0 0.41455078125 0.62841796875 0.0263671875 0.0419921875
0 0.39404296875 0.54443359375 0.0224609375 0.0400390625
0 0.32861328125 0.55908203125 0.0224609375 0.0380859375
1 0.8515625 0.265625 0.041015625 0.060546875
8 0.568359375 0.4765625 0.142578125 0.19140625
