5 0.9091796875 0.10595703125 0.056640625 0.0556640625
0 0.4951171875 0.27783203125 0.033203125 0.0380859375
0 0.53662109375 0.27099609375 0.0380859375 0.0439453125
0 0.73388671875 0.294921875 0.0419921875 0.041015625
0 0.63916015625 0.38330078125 0.0439453125 0.0419921875
0 0.69580078125 0.46533203125 0.0400390625 0.0419921875
0 0.8935546875 0.6474609375 0.037109375 0.04296875
0 0.91748046875 0.6708984375 0.0439453125 0.046875
0 0.93212890625 0.68310546875 0.0439453125 0.0458984375
5 0.251953125 0.32421875 0.05859375 0.060546875
5 0.056640625 0.119140625 0.05859375 0.0546875
5 0.02978515625 0.40966796875 0.0576171875 0.0595703125
5 0.1708984375 0.2392578125 0.095703125 0.09375
5 0.15576171875 0.53857421875 0.0439453125 0.0458984375
5 0.36083984375 0.4482421875 0.0693359375 0.064453125
5 0.412109375 0.52490234375 0.046875 0.0458984375
5 0.2275390625 0.6318359375 0.0625 0.064453125
5 0.3095703125 0.7060546875 0.0859375 0.087890625
5 0.3916015625 0.79345703125 0.076171875 0.0732421875
5 0.53662109375 0.6474609375 0.0771484375 0.07421875
5 0.6171875 0.74951171875 0.048828125 0.0537109375
5 0.802734375 0.9677734375 0.044921875 0.05078125
