0 0.1494140625 0.4794921875 0.033203125 0.04296875
0 0.2607421875 0.16748046875 0.03125 0.0419921875
0 0.2626953125 0.3115234375 0.03125 0.0390625
0 0.171875 0.2158203125 0.0234375 0.03125
9 0.59423828125 0.23046875 0.1904296875 0.13671875
8 0.8544921875 0.30615234375 0.091796875 0.1806640625
8 0.9716796875 0.31201171875 0.056640625 0.1787109375
8 0.939453125 0.63671875 0.095703125 0.181640625
8 0.80712890625 0.59716796875 0.0927734375 0.1806640625
8 0.6728515625 0.5888671875 0.09375 0.181640625
8 0.5380859375 0.607421875 0.09375 0.181640625
8 0.40380859375 0.60009765625 0.0947265625 0.1806640625
8 0.26123046875 0.7373046875 0.0927734375 0.181640625
8 0.1279296875 0.7294921875 0.095703125 0.181640625
