0 0.904296875 0.14208984375 0.0390625 0.0400390625
0 0.779296875 0.36572265625 0.03515625 0.0380859375
5 0.09130859375 0.72900390625 0.1806640625 0.2001953125
5 0.16162109375 0.638671875 0.1923828125 0.19921875
5 0.22998046875 0.4482421875 0.2158203125 0.2421875
9 0.43896484375 0.66650390625 0.1064453125 0.1064453125
5 0.380859375 0.3388671875 0.16796875 0.166015625
5 0.44970703125 0.25 0.1611328125 0.1640625
5 0.533203125 0.08251953125 0.111328125 0.1103515625
5 0.64208984375 0.0458984375 0.1083984375 0.08984375
0 0.7626953125 0.3837890625 0.046875 0.046875
0 0.54736328125 0.88720703125 0.0361328125 0.0380859375
0 0.5263671875 0.89501953125 0.0390625 0.0400390625
