5 0.9697265625 0.12255859375 0.060546875 0.0693359375
5 0.896484375 0.18017578125 0.20703125 0.1669921875
5 0.84423828125 0.2578125 0.2099609375 0.166015625
5 0.78662109375 0.35107421875 0.2021484375 0.1591796875
5 0.732421875 0.42919921875 0.2109375 0.1669921875
5 0.66796875 0.5244140625 0.203125 0.15234375
5 0.623046875 0.61181640625 0.185546875 0.1455078125
5 0.5537109375 0.6962890625 0.185546875 0.140625
5 0.50146484375 0.80029296875 0.1455078125 0.1181640625
5 0.439453125 0.89990234375 0.1484375 0.1123046875
5 0.376953125 0.94580078125 0.177734375 0.1083984375
