5 0.18115234375 0.2685546875 0.0595703125 0.08984375
5 0.318359375 0.2265625 0.0625 0.083984375
5 0.40380859375 0.19775390625 0.0615234375 0.0888671875
5 0.49951171875 0.16650390625 0.0537109375 0.0830078125
5 0.6953125 0.07958984375 0.0546875 0.0849609375
5 0.77587890625 0.04296875 0.0576171875 0.08203125
5 0.88037109375 0.01806640625 0.0517578125 0.0341796875
5 0.1162109375 0.72021484375 0.060546875 0.0791015625
5 0.9775390625 0.45849609375 0.044921875 0.0712890625
5 0.46826171875 0.9150390625 0.0791015625 0.0703125
5 0.349609375 0.98974609375 0.03515625 0.0205078125
5 0.427734375 0.9560546875 0.08984375 0.08203125
5 0.54638671875 0.845703125 0.0595703125 0.08984375
5 0.68603515625 0.845703125 0.0537109375 0.07421875
5 0.890625 0.7822265625 0.046875 0.0703125
5 0.9892578125 0.728515625 0.021484375 0.091796875
