5 0.27587890625 0.87255859375 0.0810546875 0.0869140625
5 0.92138671875 0.32666015625 0.1572265625 0.2001953125
5 0.94775390625 0.23193359375 0.1044921875 0.1845703125
5 0.84228515625 0.34326171875 0.1943359375 0.2509765625
5 0.34423828125 0.8251953125 0.0498046875 0.068359375
5 0.77392578125 0.3955078125 0.2021484375 0.26171875
5 0.697265625 0.50927734375 0.119140625 0.1572265625
5 0.63232421875 0.533203125 0.1357421875 0.208984375
5 0.5634765625 0.5439453125 0.162109375 0.240234375
5 0.56201171875 0.62646484375 0.1123046875 0.1474609375
5 0.46533203125 0.6162109375 0.1552734375 0.236328125
5 0.38427734375 0.66357421875 0.1806640625 0.2568359375
