8 0.48974609375 0.70849609375 0.0908203125 0.1748046875
8 0.38916015625 0.7041015625 0.0908203125 0.17578125
8 0.60791015625 0.45361328125 0.0888671875 0.1708984375
8 0.501953125 0.44873046875 0.08984375 0.1748046875
8 0.39892578125 0.4443359375 0.0888671875 0.17578125
8 0.2939453125 0.43896484375 0.087890625 0.1748046875
8 0.39599609375 0.18310546875 0.0888671875 0.1728515625
8 0.29052734375 0.17822265625 0.0888671875 0.1748046875
8 0.185546875 0.1728515625 0.08984375 0.173828125
8 0.0791015625 0.1669921875 0.08984375 0.173828125
