2 0.87548828125 0.8525390625 0.0927734375 0.064453125
2 0.74267578125 0.87060546875 0.0947265625 0.0673828125
2 0.6142578125 0.8876953125 0.09765625 0.0703125
2 0.484375 0.91162109375 0.083984375 0.0615234375
2 0.35595703125 0.93505859375 0.0908203125 0.0673828125
2 0.9638671875 0.3623046875 0.072265625 0.166015625
1 0.208984375 0.44091796875 0.03515625 0.0712890625
1 0.2705078125 0.43017578125 0.029296875 0.0595703125
1 0.33837890625 0.2470703125 0.0751953125 0.03515625
2 0.43994140625 0.6552734375 0.0927734375 0.068359375
