5 0.63525390625 0.70703125 0.0263671875 0.025390625
5 0.79736328125 0.431640625 0.0361328125 0.033203125
5 0.923828125 0.44873046875 0.0390625 0.0341796875
5 0.8759765625 0.5087890625 0.037109375 0.033203125
5 0.77001953125 0.4736328125 0.0380859375 0.03515625
5 0.8515625 0.55029296875 0.03125 0.0302734375
5 0.7353515625 0.529296875 0.03515625 0.03125
5 0.8046875 0.611328125 0.0390625 0.033203125
5 0.7041015625 0.587890625 0.025390625 0.02734375
5 0.775390625 0.673828125 0.025390625 0.0234375
5 0.67919921875 0.63525390625 0.0244140625 0.0244140625
5 0.73388671875 0.7333984375 0.0244140625 0.021484375
5 0.607421875 0.74658203125 0.02734375 0.0244140625
5 0.5703125 0.80810546875 0.037109375 0.0341796875
5 0.62060546875 0.8935546875 0.0244140625 0.0234375
5 0.53466796875 0.85791015625 0.0400390625 0.0341796875
5 0.4970703125 0.9111328125 0.029296875 0.029296875
5 0.5859375 0.9501953125 0.02734375 0.02734375
5 0.5517578125 0.99365234375 0.025390625 0.0126953125
5 0.4599609375 0.97216796875 0.02734375 0.0263671875
