8 0.962890625 0.96044921875 0.07421875 0.0791015625
8 0.83740234375 0.96044921875 0.0810546875 0.0791015625
8 0.94189453125 0.71484375 0.0810546875 0.169921875
8 0.8125 0.71630859375 0.080078125 0.1689453125
8 0.87255859375 0.30322265625 0.0869140625 0.1767578125
0 0.3349609375 0.259765625 0.037109375 0.021484375
0 0.20703125 0.302734375 0.0390625 0.0234375
0 0.212890625 0.3212890625 0.03515625 0.0234375
0 0.51513671875 0.91162109375 0.0322265625 0.0166015625
0 0.99755859375 0.095703125 0.0048828125 0.015625
