5 0.7998046875 0.3388671875 0.107421875 0.060546875
5 0.9375 0.9912109375 0.080078125 0.017578125
5 0.92919921875 0.8916015625 0.0830078125 0.03515625
5 0.91796875 0.7939453125 0.087890625 0.05078125
5 0.9150390625 0.69873046875 0.08203125 0.0302734375
5 0.8916015625 0.56005859375 0.080078125 0.0654296875
5 0.85888671875 0.4658203125 0.0908203125 0.0390625
5 0.7666015625 0.25732421875 0.09375 0.0576171875
5 0.74658203125 0.1845703125 0.1103515625 0.09375
5 0.69775390625 0.11474609375 0.0947265625 0.0751953125
5 0.65625 0.03955078125 0.111328125 0.0771484375
