5 0.193359375 0.6455078125 0.052734375 0.052734375
5 0.07421875 0.595703125 0.060546875 0.060546875
5 0.42431640625 0.6904296875 0.0576171875 0.064453125
5 0.30908203125 0.66015625 0.0341796875 0.046875
5 0.53564453125 0.70068359375 0.0517578125 0.0517578125
5 0.57470703125 0.69580078125 0.0166015625 0.0302734375
5 0.99462890625 0.8056640625 0.0107421875 0.09765625
5 0.951171875 0.77587890625 0.02734375 0.0341796875
5 0.8388671875 0.77978515625 0.095703125 0.0771484375
5 0.693359375 0.70068359375 0.0234375 0.0498046875
