4 0.44189453125 0.26171875 0.0263671875 0.037109375
4 0.373046875 0.12353515625 0.025390625 0.0283203125
5 0.9267578125 0.97119140625 0.107421875 0.0576171875
5 0.87646484375 0.91943359375 0.0947265625 0.0751953125
5 0.83740234375 0.828125 0.1162109375 0.109375
5 0.79248046875 0.7392578125 0.1005859375 0.083984375
5 0.66064453125 0.58154296875 0.1240234375 0.1201171875
5 0.62744140625 0.4912109375 0.1025390625 0.064453125
5 0.56396484375 0.35302734375 0.0849609375 0.0615234375
5 0.47119140625 0.23779296875 0.0751953125 0.0654296875
4 0.36328125 0.12841796875 0.029296875 0.0322265625
4 0.3544921875 0.13427734375 0.029296875 0.0322265625
4 0.33740234375 0.15185546875 0.0400390625 0.0439453125
5 0.34912109375 0.0810546875 0.1962890625 0.16015625
