5 0.98828125 0.703125 0.0234375 0.060546875
5 0.92578125 0.67529296875 0.05078125 0.0517578125
5 0.8359375 0.640625 0.05078125 0.037109375
5 0.775390625 0.6025390625 0.0703125 0.068359375
5 0.68603515625 0.55126953125 0.0283203125 0.0341796875
5 0.6376953125 0.537109375 0.060546875 0.0625
5 0.56298828125 0.5361328125 0.0517578125 0.03515625
5 0.4736328125 0.501953125 0.064453125 0.064453125
9 0.28662109375 0.0205078125 0.0419921875 0.02734375
9 0.5390625 0.0908203125 0.02734375 0.037109375
9 0.87646484375 0.09521484375 0.0380859375 0.0302734375
9 0.982421875 0.1484375 0.03515625 0.0390625
9 0.6962890625 0.13720703125 0.02734375 0.0400390625
9 0.970703125 0.2607421875 0.04296875 0.03125
9 0.9443359375 0.5595703125 0.033203125 0.04296875
5 0.40771484375 0.44189453125 0.0478515625 0.0439453125
5 0.33203125 0.3984375 0.025390625 0.02734375
5 0.25537109375 0.3837890625 0.0732421875 0.056640625
5 0.21484375 0.34619140625 0.0234375 0.0283203125
5 0.0224609375 0.29736328125 0.04296875 0.0498046875
