0 0.30419921875 0.103515625 0.0380859375 0.017578125
0 0.26025390625 0.01611328125 0.0263671875 0.0302734375
0 0.62939453125 0.0810546875 0.0341796875 0.021484375
0 0.388671875 0.1416015625 0.033203125 0.017578125
0 0.33837890625 0.14501953125 0.0302734375 0.0205078125
0 0.29443359375 0.1484375 0.0361328125 0.021484375
8 0.146484375 0.6552734375 0.08984375 0.173828125
8 0.25048828125 0.6474609375 0.0908203125 0.171875
8 0.3515625 0.640625 0.091796875 0.173828125
8 0.45458984375 0.63330078125 0.0908203125 0.1728515625
8 0.3896484375 0.3798828125 0.08984375 0.171875
8 0.18115234375 0.3955078125 0.0888671875 0.173828125
