2 0.5322265625 0.30908203125 0.076171875 0.0888671875
2 0.56640625 0.396484375 0.0859375 0.095703125
2 0.6123046875 0.4814453125 0.095703125 0.10546875
2 0.25244140625 0.3388671875 0.0771484375 0.091796875
2 0.3759765625 0.59765625 0.095703125 0.1015625
2 0.44873046875 0.77587890625 0.0869140625 0.0927734375
2 0.81103515625 0.9130859375 0.0732421875 0.083984375
2 0.76708984375 0.828125 0.0849609375 0.08984375
2 0.72998046875 0.740234375 0.0771484375 0.08203125
2 0.6904296875 0.65625 0.107421875 0.119140625
2 0.19873046875 0.26220703125 0.1201171875 0.1318359375
