9 0.22509765625 0.044921875 0.0380859375 0.04296875
5 0.30126953125 0.13623046875 0.0615234375 0.0654296875
5 0.82421875 0.29736328125 0.048828125 0.0498046875
5 0.76611328125 0.28515625 0.0380859375 0.03515625
5 0.734375 0.26416015625 0.029296875 0.0224609375
5 0.66162109375 0.23681640625 0.0419921875 0.0595703125
5 0.595703125 0.2265625 0.056640625 0.046875
5 0.52001953125 0.1982421875 0.0478515625 0.037109375
5 0.2509765625 0.25537109375 0.064453125 0.0595703125
5 0.17529296875 0.3046875 0.0556640625 0.05078125
5 0.2177734375 0.27783203125 0.041015625 0.0537109375
5 0.1640625 0.3603515625 0.05078125 0.037109375
5 0.126953125 0.45263671875 0.251953125 0.1025390625
