9 0.38525390625 0.921875 0.0595703125 0.03125
9 0.52490234375 0.9677734375 0.0419921875 0.02734375
5 0.27978515625 0.00830078125 0.0341796875 0.0146484375
5 0.36181640625 0.0400390625 0.0517578125 0.04296875
5 0.55908203125 0.12646484375 0.0947265625 0.0888671875
5 0.65771484375 0.23193359375 0.1298828125 0.0791015625
9 0.5419921875 0.29345703125 0.037109375 0.0478515625
5 0.7392578125 0.7880859375 0.076171875 0.06640625
5 0.60107421875 0.97607421875 0.0830078125 0.0478515625
5 0.31494140625 0.9794921875 0.0634765625 0.041015625
5 0.1982421875 0.9765625 0.048828125 0.046875
5 0.12109375 0.95556640625 0.05078125 0.0517578125
5 0.03125 0.9208984375 0.05078125 0.037109375
9 0.07177734375 0.37548828125 0.0380859375 0.0302734375
9 0.18115234375 0.43115234375 0.0419921875 0.0439453125
9 0.57177734375 0.47705078125 0.0458984375 0.0224609375
9 0.166015625 0.541015625 0.04296875 0.03125
9 0.6142578125 0.642578125 0.02734375 0.0390625
9 0.1396484375 0.83984375 0.033203125 0.04296875
