0 0.46923828125 0.1484375 0.0380859375 0.03125
0 0.578125 0.13623046875 0.037109375 0.0283203125
0 0.4345703125 0.07421875 0.041015625 0.033203125
0 0.42041015625 0.05078125 0.0400390625 0.03125
0 0.4609375 0.12890625 0.033203125 0.02734375
0 0.478515625 0.16650390625 0.033203125 0.0283203125
0 0.66015625 0.32177734375 0.04296875 0.0341796875
0 0.623046875 0.482421875 0.0390625 0.03125
0 0.59130859375 0.41796875 0.0361328125 0.03125
0 0.712890625 0.4326171875 0.037109375 0.03125
0 0.72021484375 0.45068359375 0.0380859375 0.0302734375
0 0.7314453125 0.47119140625 0.0390625 0.0322265625
0 0.74169921875 0.49267578125 0.0380859375 0.0302734375
0 0.60546875 0.6181640625 0.033203125 0.03125
0 0.76416015625 0.71484375 0.0361328125 0.02734375
0 0.79248046875 0.77099609375 0.0439453125 0.0322265625
2 0.24853515625 0.5673828125 0.0771484375 0.068359375
0 0.48291015625 0.18701171875 0.0341796875 0.0302734375
2 0.02783203125 0.916015625 0.0537109375 0.078125
0 0.6025390625 0.80419921875 0.03125 0.0380859375
0 0.572265625 0.828125 0.03125 0.04296875
0 0.5498046875 0.8349609375 0.029296875 0.037109375
0 0.505859375 0.9443359375 0.03125 0.041015625
0 0.83935546875 0.99072265625 0.0224609375 0.0185546875
0 0.900390625 0.841796875 0.029296875 0.041015625
0 0.63134765625 0.908203125 0.0322265625 0.041015625
0 0.794921875 0.7890625 0.0390625 0.033203125
0 0.77978515625 0.75146484375 0.0361328125 0.0302734375
0 0.77294921875 0.73193359375 0.0380859375 0.0283203125
0 0.630859375 0.50146484375 0.03515625 0.0283203125
0 0.634765625 0.52392578125 0.03515625 0.0283203125
0 0.60009765625 0.43505859375 0.0400390625 0.0341796875
0 0.58544921875 0.3974609375 0.0458984375 0.033203125
0 0.5751953125 0.3759765625 0.041015625 0.03125
0 0.56396484375 0.35986328125 0.0322265625 0.0283203125
0 0.69970703125 0.41748046875 0.0380859375 0.0322265625
0 0.4931640625 0.20361328125 0.037109375 0.0302734375
0 0.5693359375 0.1162109375 0.037109375 0.02734375
0 0.87890625 0.982421875 0.029296875 0.03515625
0 0.8623046875 0.98681640625 0.025390625 0.0263671875
0 0.86962890625 0.8671875 0.0302734375 0.037109375
0 0.72802734375 0.8662109375 0.0283203125 0.037109375
0 0.5712890625 0.93212890625 0.02734375 0.0380859375
0 0.59375 0.92919921875 0.03125 0.0380859375
0 0.61328125 0.91943359375 0.029296875 0.0380859375
0 0.6494140625 0.89794921875 0.03125 0.0400390625
0 0.66943359375 0.8876953125 0.0283203125 0.0390625
0 0.68896484375 0.8818359375 0.0302734375 0.037109375
0 0.70751953125 0.87255859375 0.0302734375 0.0380859375
0 0.74609375 0.8525390625 0.029296875 0.037109375
0 0.923828125 0.83642578125 0.033203125 0.0380859375
0 0.7666015625 0.84765625 0.025390625 0.033203125
0 0.77783203125 0.90625 0.0263671875 0.037109375
0 0.79736328125 0.9013671875 0.0322265625 0.044921875
0 0.81689453125 0.89306640625 0.0283203125 0.0380859375
0 0.83251953125 0.8818359375 0.0263671875 0.03515625
0 0.8505859375 0.8759765625 0.029296875 0.037109375
0 0.88525390625 0.853515625 0.0263671875 0.03515625
