2 0.3212890625 0.9462890625 0.125 0.107421875
2 0.36767578125 0.84033203125 0.1298828125 0.1279296875
2 0.40380859375 0.73095703125 0.1279296875 0.1318359375
2 0.44482421875 0.640625 0.1005859375 0.1015625
2 0.4951171875 0.52880859375 0.099609375 0.0986328125
2 0.53076171875 0.4345703125 0.1044921875 0.1015625
2 0.57177734375 0.3251953125 0.0966796875 0.1015625
2 0.6826171875 0.9130859375 0.19140625 0.173828125
2 0.8828125 0.9189453125 0.12890625 0.13671875
2 0.72705078125 0.77685546875 0.1591796875 0.1630859375
2 0.853515625 0.51171875 0.189453125 0.193359375
2 0.28662109375 0.279296875 0.1630859375 0.150390625
2 0.05859375 0.072265625 0.115234375 0.142578125
2 0.7216796875 0.06689453125 0.27734375 0.1318359375
2 0.96875 0.046875 0.0625 0.091796875
2 0.888671875 0.080078125 0.22265625 0.158203125
