2 0.6591796875 0.7568359375 0.146484375 0.158203125
2 0.62255859375 0.6796875 0.1865234375 0.197265625
2 0.931640625 0.87109375 0.13671875 0.1640625
2 0.85498046875 0.78759765625 0.2236328125 0.2197265625
2 0.76123046875 0.8046875 0.1083984375 0.115234375
2 0.51708984375 0.431640625 0.1845703125 0.185546875
2 0.63525390625 0.412109375 0.1494140625 0.169921875
2 0.51220703125 0.68994140625 0.1826171875 0.1943359375
2 0.05029296875 0.42919921875 0.0986328125 0.1787109375
2 0.09033203125 0.5087890625 0.1787109375 0.197265625
2 0.34326171875 0.6357421875 0.1298828125 0.140625
2 0.2373046875 0.58154296875 0.130859375 0.1337890625
2 0.19921875 0.51806640625 0.19140625 0.2001953125
2 0.43115234375 0.6142578125 0.2294921875 0.236328125
