2 0.1318359375 0.78076171875 0.138671875 0.1591796875
2 0.078125 0.6865234375 0.146484375 0.169921875
14 0.36279296875 0.8046875 0.0712890625 0.076171875
2 0.51220703125 0.9208984375 0.1650390625 0.158203125
2 0.640625 0.93505859375 0.12890625 0.1298828125
2 0.76171875 0.95458984375 0.123046875 0.0908203125
2 0.69091796875 0.97265625 0.1162109375 0.0546875
2 0.5732421875 0.34521484375 0.1875 0.1962890625
2 0.0517578125 0.2685546875 0.1015625 0.111328125
2 0.7265625 0.4609375 0.12890625 0.134765625
2 0.67138671875 0.0908203125 0.2001953125 0.1796875
2 0.81201171875 0.42333984375 0.1845703125 0.1904296875
2 0.89208984375 0.5087890625 0.1845703125 0.197265625
2 0.9541015625 0.50927734375 0.091796875 0.1826171875
