2 0.90576171875 0.982421875 0.0419921875 0.03515625
2 0.91796875 0.69189453125 0.060546875 0.0576171875
2 0.978515625 0.71923828125 0.041015625 0.0439453125
2 0.96875 0.8681640625 0.04296875 0.041015625
2 0.98486328125 0.83056640625 0.0302734375 0.0419921875
2 0.83154296875 0.86279296875 0.0166015625 0.0185546875
2 0.84423828125 0.84521484375 0.0185546875 0.0205078125
2 0.87109375 0.794921875 0.021484375 0.021484375
2 0.89111328125 0.77099609375 0.0322265625 0.0322265625
2 0.8994140625 0.7421875 0.017578125 0.01953125
