2 0.55859375 0.01806640625 0.0390625 0.0361328125
2 0.5263671875 0.14404296875 0.0390625 0.0341796875
2 0.47705078125 0.330078125 0.0361328125 0.033203125
2 0.47998046875 0.36474609375 0.0341796875 0.0361328125
2 0.45947265625 0.3935546875 0.0380859375 0.033203125
2 0.4423828125 0.4560546875 0.037109375 0.03515625
2 0.44775390625 0.49072265625 0.0263671875 0.0283203125
2 0.4541015625 0.525390625 0.017578125 0.017578125
2 0.4326171875 0.552734375 0.02734375 0.029296875
2 0.72900390625 0.0234375 0.0712890625 0.044921875
2 0.6650390625 0.26171875 0.068359375 0.0625
2 0.4150390625 0.62890625 0.02734375 0.029296875
2 0.37744140625 0.73095703125 0.0380859375 0.0341796875
2 0.5380859375 0.740234375 0.0703125 0.0625
2 0.52099609375 0.80322265625 0.0771484375 0.0673828125
2 0.50634765625 0.86572265625 0.0732421875 0.0634765625
2 0.3544921875 0.82275390625 0.064453125 0.0615234375
2 0.341796875 0.8779296875 0.03515625 0.033203125
