2 0.92138671875 0.18310546875 0.0146484375 0.0166015625
2 0.904296875 0.18212890625 0.015625 0.0126953125
2 0.88623046875 0.181640625 0.0166015625 0.015625
2 0.92236328125 0.224609375 0.0185546875 0.015625
2 0.7470703125 0.3662109375 0.017578125 0.017578125
2 0.7177734375 0.44384765625 0.025390625 0.0224609375
2 0.6318359375 0.5390625 0.021484375 0.01953125
2 0.689453125 0.56298828125 0.021484375 0.0205078125
2 0.66455078125 0.5595703125 0.0185546875 0.01953125
2 0.58984375 0.8173828125 0.021484375 0.01953125
2 0.5732421875 0.8486328125 0.017578125 0.017578125
2 0.53076171875 0.87451171875 0.0185546875 0.0205078125
2 0.52099609375 0.9462890625 0.0361328125 0.037109375
2 0.560546875 0.97607421875 0.01953125 0.0185546875
2 0.5498046875 0.99169921875 0.017578125 0.0166015625
2 0.50732421875 0.97900390625 0.0185546875 0.0205078125
2 0.56591796875 0.96044921875 0.0146484375 0.0166015625
2 0.49951171875 0.9931640625 0.0185546875 0.013671875
