2 0.51416015625 0.05810546875 0.0419921875 0.0439453125
2 0.18310546875 0.60595703125 0.0322265625 0.0322265625
2 0.20361328125 0.56689453125 0.0341796875 0.0322265625
2 0.35009765625 0.6328125 0.0400390625 0.04296875
2 0.1982421875 0.7587890625 0.0390625 0.037109375
2 0.1865234375 0.78466796875 0.033203125 0.0322265625
2 0.16943359375 0.80859375 0.0361328125 0.033203125
2 0.15576171875 0.83203125 0.0400390625 0.0390625
2 0.1416015625 0.85791015625 0.0390625 0.0380859375
2 0.115234375 0.90869140625 0.0390625 0.0380859375
2 0.1025390625 0.93212890625 0.0390625 0.0361328125
2 0.0888671875 0.9697265625 0.0390625 0.037109375
2 0.27685546875 0.4765625 0.0576171875 0.060546875
2 0.23828125 0.45458984375 0.041015625 0.0419921875
2 0.1630859375 0.41455078125 0.04296875 0.0419921875
2 0.39111328125 0.42138671875 0.0400390625 0.0419921875
2 0.29443359375 0.36669921875 0.0439453125 0.0478515625
2 0.21728515625 0.32275390625 0.0419921875 0.0419921875
2 0.39892578125 0.26708984375 0.0693359375 0.0732421875
2 0.34765625 0.23779296875 0.068359375 0.0712890625
2 0.294921875 0.20751953125 0.0703125 0.0712890625
2 0.447265625 0.18212890625 0.068359375 0.0732421875
2 0.39599609375 0.15185546875 0.0712890625 0.0771484375
2 0.34521484375 0.12060546875 0.0576171875 0.0615234375
2 0.076171875 0.54931640625 0.037109375 0.0380859375
2 0.15625 0.5908203125 0.03125 0.033203125
2 0.09423828125 0.66552734375 0.0458984375 0.0419921875
2 0.58544921875 0.20751953125 0.0439453125 0.0458984375
2 0.4609375 0.03271484375 0.04296875 0.0458984375
2 0.40673828125 0.01220703125 0.0400390625 0.0224609375
2 0.99560546875 0.8681640625 0.0087890625 0.013671875
