2 0.2568359375 0.46826171875 0.0390625 0.0458984375
2 0.48193359375 0.34619140625 0.0419921875 0.0380859375
2 0.4921875 0.44970703125 0.025390625 0.0302734375
2 0.38818359375 0.642578125 0.0380859375 0.0390625
2 0.361328125 0.673828125 0.0546875 0.05078125
2 0.69921875 0.40087890625 0.021484375 0.0263671875
2 0.6318359375 0.51171875 0.033203125 0.03125
2 0.25 0.87451171875 0.041015625 0.0439453125
2 0.18994140625 0.97705078125 0.0380859375 0.0419921875
2 0.20947265625 0.9423828125 0.0400390625 0.04296875
