2 0.97314453125 0.0107421875 0.0341796875 0.01953125
2 0.96044921875 0.02734375 0.0400390625 0.0390625
2 0.9462890625 0.05322265625 0.0390625 0.0380859375
2 0.919921875 0.10400390625 0.0390625 0.0380859375
2 0.9072265625 0.12744140625 0.0390625 0.0361328125
2 0.8935546875 0.1650390625 0.0390625 0.037109375
2 0.66748046875 0.56591796875 0.0400390625 0.0380859375
2 0.3447265625 0.5986328125 0.05078125 0.048828125
2 0.373046875 0.62060546875 0.05859375 0.0576171875
2 0.4267578125 0.71630859375 0.072265625 0.0732421875
2 0.5517578125 0.7705078125 0.076171875 0.07421875
2 0.6083984375 0.71240234375 0.017578125 0.0185546875
2 0.58447265625 0.7119140625 0.0751953125 0.072265625
2 0.61767578125 0.65283203125 0.0751953125 0.0712890625
2 0.60302734375 0.68408203125 0.0400390625 0.0380859375
2 0.6298828125 0.62158203125 0.044921875 0.0400390625
2 0.6572265625 0.59912109375 0.056640625 0.0556640625
2 0.6689453125 0.5439453125 0.033203125 0.033203125
2 0.7958984375 0.03662109375 0.041015625 0.0400390625
2 0.69140625 0.5390625 0.052734375 0.05078125
2 0.70703125 0.478515625 0.03515625 0.03125
2 0.70849609375 0.50439453125 0.0576171875 0.0517578125
2 0.728515625 0.4677734375 0.05859375 0.0546875
2 0.75390625 0.4189453125 0.0625 0.056640625
2 0.6455078125 0.30810546875 0.041015625 0.0419921875
2 0.6796875 0.24365234375 0.04296875 0.0419921875
2 0.69921875 0.21142578125 0.044921875 0.0419921875
2 0.77880859375 0.07080078125 0.0419921875 0.0419921875
2 0.404296875 0.599609375 0.02734375 0.03125
