2 0.99560546875 0.41650390625 0.0087890625 0.0126953125
2 0.9970703125 0.40234375 0.005859375 0.015625
2 0.99169921875 0.4306640625 0.0166015625 0.017578125
2 0.98583984375 0.4453125 0.0205078125 0.01953125
2 0.77392578125 0.97998046875 0.0244140625 0.0244140625
2 0.77392578125 0.95556640625 0.0263671875 0.0263671875
2 0.76171875 0.97216796875 0.021484375 0.0205078125
2 0.89794921875 0.65673828125 0.0244140625 0.0244140625
2 0.90576171875 0.638671875 0.0224609375 0.025390625
2 0.939453125 0.55517578125 0.015625 0.0166015625
2 0.9892578125 0.55419921875 0.017578125 0.0166015625
2 0.33154296875 0.52490234375 0.0205078125 0.0185546875
2 0.5087890625 0.30029296875 0.01953125 0.0185546875
2 0.4267578125 0.3125 0.01171875 0.01171875
2 0.44091796875 0.31787109375 0.0205078125 0.0205078125
2 0.4140625 0.34423828125 0.013671875 0.0126953125
2 0.42919921875 0.3505859375 0.0146484375 0.013671875
2 0.4150390625 0.376953125 0.015625 0.017578125
2 0.40234375 0.36962890625 0.013671875 0.0146484375
2 0.43701171875 0.4296875 0.0146484375 0.015625
2 0.3505859375 0.5322265625 0.01953125 0.01953125
2 0.34033203125 0.52783203125 0.0185546875 0.0185546875
2 0.32275390625 0.51953125 0.0185546875 0.01953125
2 0.5205078125 0.2626953125 0.017578125 0.01953125
2 0.314453125 0.51953125 0.017578125 0.017578125
2 0.31005859375 0.685546875 0.0185546875 0.01953125
2 0.29345703125 0.677734375 0.0185546875 0.01953125
2 0.265625 0.6875 0.01953125 0.01953125
2 0.27099609375 0.70068359375 0.0166015625 0.0166015625
2 0.25634765625 0.70654296875 0.0185546875 0.0185546875
2 0.2705078125 0.71044921875 0.017578125 0.0205078125
2 0.28271484375 0.7197265625 0.0185546875 0.01953125
2 0.43408203125 0.28173828125 0.0146484375 0.0146484375
2 0.515625 0.2783203125 0.01953125 0.021484375
2 0.4755859375 0.24609375 0.01953125 0.01953125
2 0.482421875 0.23095703125 0.01953125 0.0205078125
2 0.58984375 0.0126953125 0.021484375 0.01953125
2 0.5732421875 0.0439453125 0.017578125 0.017578125
2 0.53076171875 0.06982421875 0.0185546875 0.0205078125
2 0.52099609375 0.1416015625 0.0361328125 0.037109375
2 0.560546875 0.17138671875 0.01953125 0.0185546875
2 0.54931640625 0.1884765625 0.0185546875 0.01953125
2 0.50732421875 0.17431640625 0.0185546875 0.0205078125
2 0.56591796875 0.15576171875 0.0146484375 0.0166015625
2 0.49951171875 0.1923828125 0.0185546875 0.021484375
2 0.49072265625 0.20947265625 0.0205078125 0.0205078125
