2 0.1396484375 0.98388671875 0.080078125 0.0322265625
2 0.5546875 0.97216796875 0.1171875 0.0556640625
2 0.7783203125 0.98828125 0.08984375 0.0234375
2 0.185546875 0.66015625 0.08984375 0.095703125
2 0.0537109375 0.44140625 0.0859375 0.09375
2 0.06103515625 0.505859375 0.0888671875 0.09375
2 0.1796875 0.4560546875 0.09765625 0.087890625
2 0.060546875 0.60107421875 0.099609375 0.0986328125
2 0.2802734375 0.58056640625 0.1171875 0.1181640625
2 0.0947265625 0.69873046875 0.109375 0.1142578125
2 0.1240234375 0.77392578125 0.095703125 0.0810546875
2 0.0380859375 0.81689453125 0.07421875 0.0869140625
1 0.8955078125 0.98193359375 0.06640625 0.0361328125
1 0.88623046875 0.95458984375 0.0654296875 0.0419921875
1 0.87548828125 0.92822265625 0.0634765625 0.0380859375
1 0.9677734375 0.9287109375 0.064453125 0.0390625
1 0.96435546875 0.9013671875 0.0712890625 0.044921875
1 0.93603515625 0.8564453125 0.0576171875 0.0390625
