2 0.09228515625 0.783203125 0.1240234375 0.111328125
2 0.029296875 0.3818359375 0.056640625 0.08203125
2 0.095703125 0.35009765625 0.1015625 0.0947265625
2 0.18603515625 0.32275390625 0.1025390625 0.0849609375
2 0.048828125 0.5869140625 0.09765625 0.08984375
2 0.130859375 0.56298828125 0.09765625 0.0908203125
2 0.21630859375 0.53662109375 0.0947265625 0.0830078125
2 0.19189453125 0.75927734375 0.1025390625 0.0791015625
2 0.2998046875 0.71923828125 0.123046875 0.1005859375
2 0.15234375 0.08154296875 0.09375 0.0751953125
