2 0.93798828125 0.84033203125 0.1123046875 0.1083984375
2 0.86376953125 0.75146484375 0.1455078125 0.1513671875
2 0.7783203125 0.6767578125 0.11328125 0.115234375
2 0.70361328125 0.58740234375 0.1552734375 0.1552734375
2 0.61279296875 0.49072265625 0.1513671875 0.1611328125
2 0.95556640625 0.03271484375 0.0888671875 0.0634765625
2 0.8818359375 0.06689453125 0.091796875 0.0810546875
2 0.9189453125 0.23828125 0.1015625 0.103515625
2 0.8564453125 0.3134765625 0.111328125 0.107421875
2 0.78955078125 0.3828125 0.1025390625 0.09765625
2 0.69091796875 0.36865234375 0.0927734375 0.0732421875
