2 0.9521484375 0.8115234375 0.095703125 0.115234375
2 0.8818359375 0.87158203125 0.091796875 0.0810546875
2 0.97998046875 0.95947265625 0.0400390625 0.0810546875
2 0.91064453125 0.1416015625 0.1787109375 0.220703125
2 0.841796875 0.03466796875 0.083984375 0.0673828125
2 0.77001953125 0.53955078125 0.1044921875 0.1025390625
2 0.69384765625 0.47216796875 0.0986328125 0.0966796875
2 0.63623046875 0.39794921875 0.1064453125 0.1025390625
2 0.52099609375 0.3349609375 0.1630859375 0.162109375
2 0.5166015625 0.49462890625 0.107421875 0.1123046875
2 0.27734375 0.490234375 0.13671875 0.142578125
2 0.3876953125 0.232421875 0.138671875 0.13671875
2 0.29541015625 0.13525390625 0.1416015625 0.1416015625
2 0.1884765625 0.0400390625 0.12109375 0.078125
