0 0.33984375 0.70654296875 0.029296875 0.0400390625
1 0.01220703125 0.51025390625 0.0224609375 0.0205078125
1 0.10498046875 0.52392578125 0.0478515625 0.0283203125
1 0.15087890625 0.544921875 0.0478515625 0.029296875
1 0.1982421875 0.56640625 0.048828125 0.029296875
1 0.19287109375 0.5771484375 0.0478515625 0.029296875
1 0.1865234375 0.58935546875 0.048828125 0.0302734375
1 0.1455078125 0.55712890625 0.048828125 0.0302734375
1 0.1396484375 0.56884765625 0.046875 0.0283203125
1 0.09912109375 0.53515625 0.0478515625 0.029296875
1 0.05224609375 0.5146484375 0.0478515625 0.029296875
1 0.0927734375 0.54833984375 0.048828125 0.0302734375
1 0.0458984375 0.52685546875 0.048828125 0.0302734375
1 0.015625 0.49658203125 0.029296875 0.0244140625
1 0.01708984375 0.4833984375 0.0322265625 0.025390625
1 0.021484375 0.54931640625 0.041015625 0.0302734375
1 0.06591796875 0.572265625 0.0517578125 0.03125
1 0.02587890625 0.5693359375 0.0478515625 0.029296875
1 0.11865234375 0.595703125 0.0517578125 0.033203125
1 0.169921875 0.619140625 0.05078125 0.03125
1 0.02197265625 0.580078125 0.0419921875 0.029296875
1 0.06640625 0.60107421875 0.046875 0.0302734375
1 0.11376953125 0.62255859375 0.0478515625 0.0302734375
1 0.05615234375 0.5029296875 0.0478515625 0.029296875
1 0.01904296875 0.3486328125 0.0361328125 0.02734375
1 0.06201171875 0.36962890625 0.0478515625 0.0302734375
1 0.07470703125 0.3369140625 0.0478515625 0.029296875
1 0.1279296875 0.36181640625 0.046875 0.0283203125
1 0.17578125 0.38232421875 0.046875 0.0283203125
1 0.2236328125 0.4033203125 0.04296875 0.02734375
1 0.16015625 0.39013671875 0.046875 0.0283203125
1 0.20654296875 0.4111328125 0.0478515625 0.029296875
1 0.2529296875 0.43212890625 0.048828125 0.0302734375
1 0.013671875 0.3740234375 0.025390625 0.0234375
1 0.0478515625 0.39306640625 0.046875 0.0302734375
1 0.0048828125 0.38427734375 0.0078125 0.0126953125
1 0.0390625 0.40234375 0.046875 0.029296875
1 0.08740234375 0.42431640625 0.0478515625 0.0283203125
1 0.1328125 0.4443359375 0.046875 0.029296875
1 0.18505859375 0.466796875 0.0478515625 0.029296875
1 0.2314453125 0.48779296875 0.046875 0.0302734375
1 0.00390625 0.39697265625 0.005859375 0.0126953125
1 0.0322265625 0.41455078125 0.046875 0.0283203125
1 0.078125 0.43505859375 0.046875 0.0302734375
1 0.1298828125 0.4560546875 0.046875 0.02734375
1 0.13720703125 0.47509765625 0.0419921875 0.0263671875
1 0.19921875 0.55224609375 0.046875 0.0283203125
1 0.16162109375 0.64306640625 0.0498046875 0.0302734375
0 0.0419921875 0.544921875 0.03515625 0.025390625
1 0.1279296875 0.6591796875 0.046875 0.029296875
1 0.12646484375 0.67236328125 0.0478515625 0.0283203125
1 0.45166015625 0.76611328125 0.0302734375 0.0478515625
1 0.51611328125 0.798828125 0.0283203125 0.046875
1 0.53564453125 0.806640625 0.0302734375 0.046875
1 0.625 0.8447265625 0.029296875 0.046875
1 0.64599609375 0.853515625 0.0283203125 0.04296875
3 0.80517578125 0.3701171875 0.0908203125 0.083984375
1 0.05029296875 0.65234375 0.0478515625 0.029296875
0 0.01171875 0.53076171875 0.021484375 0.0205078125
1 0.09814453125 0.67333984375 0.0458984375 0.0283203125
1 0.01416015625 0.63427734375 0.0263671875 0.0224609375
1 0.2724609375 0.68408203125 0.02734375 0.0458984375
1 0.03515625 0.61572265625 0.046875 0.0283203125
1 0.08203125 0.63720703125 0.046875 0.0302734375
1 0.0751953125 0.64892578125 0.05078125 0.0302734375
1 0.68994140625 0.8740234375 0.0283203125 0.046875
1 0.603515625 0.83544921875 0.029296875 0.0458984375
1 0.49072265625 0.7919921875 0.0283203125 0.044921875
1 0.39990234375 0.7451171875 0.0302734375 0.044921875
1 0.38525390625 0.73486328125 0.0283203125 0.0478515625
1 0.29833984375 0.6962890625 0.0302734375 0.044921875
1 0.02685546875 0.6259765625 0.0458984375 0.029296875
