0 0.33984375 0.58740234375 0.029296875 0.0400390625
1 0.01220703125 0.39111328125 0.0224609375 0.0205078125
1 0.10498046875 0.40478515625 0.0478515625 0.0283203125
1 0.15087890625 0.42578125 0.0478515625 0.029296875
1 0.1982421875 0.447265625 0.048828125 0.029296875
1 0.19287109375 0.4580078125 0.0478515625 0.029296875
1 0.1865234375 0.47021484375 0.048828125 0.0302734375
1 0.1455078125 0.43798828125 0.048828125 0.0302734375
1 0.1396484375 0.44970703125 0.046875 0.0283203125
1 0.09912109375 0.416015625 0.0478515625 0.029296875
1 0.05224609375 0.3955078125 0.0478515625 0.029296875
1 0.0927734375 0.42919921875 0.048828125 0.0302734375
1 0.0458984375 0.40771484375 0.048828125 0.0302734375
1 0.015625 0.37744140625 0.029296875 0.0244140625
1 0.01708984375 0.3642578125 0.0322265625 0.025390625
1 0.021484375 0.43017578125 0.041015625 0.0302734375
1 0.06591796875 0.453125 0.0517578125 0.03125
1 0.02587890625 0.4501953125 0.0478515625 0.029296875
1 0.11865234375 0.4765625 0.0517578125 0.033203125
1 0.169921875 0.5 0.05078125 0.03125
1 0.02197265625 0.4609375 0.0419921875 0.029296875
1 0.06640625 0.48193359375 0.046875 0.0302734375
1 0.11376953125 0.50341796875 0.0478515625 0.0302734375
1 0.05615234375 0.3837890625 0.0478515625 0.029296875
1 0.01904296875 0.2294921875 0.0361328125 0.02734375
1 0.06201171875 0.25048828125 0.0478515625 0.0302734375
1 0.07470703125 0.2177734375 0.0478515625 0.029296875
1 0.1279296875 0.24267578125 0.046875 0.0283203125
1 0.17578125 0.26318359375 0.046875 0.0283203125
1 0.2236328125 0.2841796875 0.04296875 0.02734375
1 0.16015625 0.27099609375 0.046875 0.0283203125
1 0.20654296875 0.2919921875 0.0478515625 0.029296875
1 0.2529296875 0.31298828125 0.048828125 0.0302734375
1 0.013671875 0.2548828125 0.025390625 0.0234375
1 0.0478515625 0.27392578125 0.046875 0.0302734375
1 0.0048828125 0.26513671875 0.0078125 0.0126953125
1 0.0390625 0.283203125 0.046875 0.029296875
1 0.08740234375 0.30517578125 0.0478515625 0.0283203125
1 0.1328125 0.3251953125 0.046875 0.029296875
1 0.18505859375 0.34765625 0.0478515625 0.029296875
1 0.2314453125 0.36865234375 0.046875 0.0302734375
1 0.00390625 0.27783203125 0.005859375 0.0126953125
1 0.0322265625 0.29541015625 0.046875 0.0283203125
1 0.078125 0.31591796875 0.046875 0.0302734375
1 0.1298828125 0.3369140625 0.046875 0.02734375
1 0.13720703125 0.35595703125 0.0419921875 0.0263671875
1 0.19921875 0.43310546875 0.046875 0.0283203125
1 0.16162109375 0.52392578125 0.0498046875 0.0302734375
0 0.0419921875 0.42578125 0.03515625 0.025390625
1 0.1279296875 0.5400390625 0.046875 0.029296875
1 0.12646484375 0.55322265625 0.0478515625 0.0283203125
1 0.45166015625 0.64697265625 0.0302734375 0.0478515625
1 0.51611328125 0.6796875 0.0283203125 0.046875
1 0.53564453125 0.6875 0.0302734375 0.046875
1 0.625 0.7255859375 0.029296875 0.046875
1 0.64599609375 0.734375 0.0283203125 0.04296875
3 0.80517578125 0.2509765625 0.0908203125 0.083984375
1 0.05029296875 0.533203125 0.0478515625 0.029296875
0 0.01171875 0.41162109375 0.021484375 0.0205078125
1 0.09814453125 0.55419921875 0.0458984375 0.0283203125
1 0.01416015625 0.51513671875 0.0263671875 0.0224609375
1 0.2724609375 0.56494140625 0.02734375 0.0458984375
1 0.03515625 0.49658203125 0.046875 0.0283203125
1 0.08203125 0.51806640625 0.046875 0.0302734375
1 0.0751953125 0.52978515625 0.05078125 0.0302734375
1 0.68994140625 0.7548828125 0.0283203125 0.046875
1 0.603515625 0.71630859375 0.029296875 0.0458984375
1 0.49072265625 0.6728515625 0.0283203125 0.044921875
1 0.39990234375 0.6259765625 0.0302734375 0.044921875
1 0.38525390625 0.61572265625 0.0283203125 0.0478515625
1 0.29833984375 0.5771484375 0.0302734375 0.044921875
1 0.02685546875 0.5068359375 0.0458984375 0.029296875
