3 0.49072265625 0.46337890625 0.0185546875 0.0166015625
4 0.34228515625 0.72119140625 0.0302734375 0.0361328125
3 0.35009765625 0.2724609375 0.0185546875 0.017578125
3 0.3837890625 0.2470703125 0.021484375 0.021484375
3 0.38134765625 0.31494140625 0.0224609375 0.0244140625
3 0.4150390625 0.291015625 0.025390625 0.02734375
3 0.42138671875 0.369140625 0.0224609375 0.025390625
3 0.45556640625 0.34619140625 0.0224609375 0.0224609375
3 0.48583984375 0.38720703125 0.0185546875 0.0205078125
3 0.45166015625 0.4111328125 0.0224609375 0.021484375
3 0.52392578125 0.439453125 0.0185546875 0.017578125
5 0.287109375 0.68798828125 0.05078125 0.0595703125
3 0.64794921875 0.1455078125 0.0341796875 0.03515625
3 0.62451171875 0.1142578125 0.0341796875 0.03515625
3 0.90966796875 0.5439453125 0.0244140625 0.025390625
3 0.93359375 0.57470703125 0.02734375 0.0263671875
