13 0.2958984375 0.0478515625 0.1015625 0.04296875
3 0.0166015625 0.51708984375 0.01953125 0.0185546875
13 0.19091796875 0.1298828125 0.0556640625 0.041015625
13 0.3896484375 0.0078125 0.08203125 0.013671875
3 0.03662109375 0.51123046875 0.0185546875 0.0205078125
3 0.056640625 0.50537109375 0.017578125 0.0205078125
3 0.08203125 0.52099609375 0.01953125 0.0185546875
3 0.0634765625 0.5244140625 0.021484375 0.01953125
3 0.076171875 0.50048828125 0.01953125 0.0185546875
3 0.07080078125 0.47998046875 0.0185546875 0.0185546875
3 0.09326171875 0.47412109375 0.0224609375 0.0185546875
3 0.09912109375 0.494140625 0.0205078125 0.017578125
3 0.1650390625 0.49560546875 0.021484375 0.0185546875
3 0.166015625 0.474609375 0.01953125 0.01953125
3 0.166015625 0.4521484375 0.0234375 0.021484375
3 0.142578125 0.33935546875 0.015625 0.0185546875
