4 0.515625 0.7119140625 0.091796875 0.08203125
4 0.4560546875 0.7685546875 0.11328125 0.1015625
4 0.50439453125 0.2880859375 0.0791015625 0.0546875
4 0.646484375 0.0400390625 0.072265625 0.078125
4 0.41796875 0.5927734375 0.07421875 0.072265625
4 0.37548828125 0.61669921875 0.0751953125 0.0712890625
4 0.0908203125 0.3466796875 0.111328125 0.1015625
4 0.56787109375 0.68603515625 0.0888671875 0.0830078125
4 0.85986328125 0.72216796875 0.1123046875 0.0966796875
4 0.81884765625 0.77587890625 0.1083984375 0.0888671875
4 0.830078125 0.97900390625 0.068359375 0.0419921875
4 0.94140625 0.3564453125 0.099609375 0.05859375
4 0.12109375 0.615234375 0.078125 0.068359375
4 0.8935546875 0.6865234375 0.08984375 0.078125
