2 0.02099609375 0.40234375 0.0400390625 0.087890625
2 0.3212890625 0.025390625 0.0546875 0.048828125
2 0.326171875 0.11865234375 0.064453125 0.0634765625
2 0.10693359375 0.40283203125 0.0908203125 0.1005859375
2 0.17236328125 0.3623046875 0.0634765625 0.06640625
2 0.251953125 0.3095703125 0.099609375 0.1015625
2 0.3359375 0.2568359375 0.115234375 0.119140625
2 0.408203125 0.2109375 0.109375 0.109375
2 0.4853515625 0.1669921875 0.10546875 0.109375
2 0.55908203125 0.12060546875 0.1044921875 0.1123046875
2 0.42529296875 0.4267578125 0.0986328125 0.10546875
2 0.345703125 0.47412109375 0.103515625 0.1103515625
2 0.693359375 0.640625 0.0703125 0.064453125
2 0.5 0.77978515625 0.115234375 0.1103515625
2 0.24658203125 0.009765625 0.0498046875 0.017578125
2 0.2724609375 0.5234375 0.1015625 0.11328125
2 0.96826171875 0.4765625 0.0634765625 0.109375
2 0.908203125 0.322265625 0.107421875 0.109375
2 0.6181640625 0.0732421875 0.064453125 0.068359375
2 0.80615234375 0.2763671875 0.0947265625 0.099609375
2 0.681640625 0.27001953125 0.119140625 0.1259765625
2 0.646484375 0.43359375 0.060546875 0.0625
2 0.642578125 0.5673828125 0.06640625 0.0625
2 0.36962890625 0.724609375 0.0634765625 0.06640625
2 0.3662109375 0.7958984375 0.119140625 0.099609375
2 0.09814453125 0.85595703125 0.0595703125 0.0556640625
2 0.12158203125 0.76708984375 0.0595703125 0.0517578125
2 0.13916015625 0.67333984375 0.0537109375 0.0517578125
2 0.19677734375 0.560546875 0.1005859375 0.10546875
