2 0.02099609375 0.89453125 0.0400390625 0.087890625
2 0.33349609375 0.2998046875 0.0654296875 0.0625
2 0.36474609375 0.48291015625 0.0556640625 0.0595703125
2 0.31982421875 0.509765625 0.0576171875 0.064453125
2 0.326171875 0.61083984375 0.064453125 0.0634765625
2 0.10693359375 0.89501953125 0.0908203125 0.1005859375
2 0.17236328125 0.8544921875 0.0634765625 0.06640625
2 0.251953125 0.8017578125 0.099609375 0.1015625
2 0.3359375 0.7490234375 0.115234375 0.119140625
2 0.408203125 0.703125 0.109375 0.109375
2 0.4853515625 0.6591796875 0.10546875 0.109375
2 0.55908203125 0.61279296875 0.1044921875 0.1123046875
2 0.42529296875 0.9189453125 0.0986328125 0.10546875
2 0.33837890625 0.95556640625 0.0888671875 0.0888671875
2 0.54443359375 0.21435546875 0.1162109375 0.1142578125
2 0.634765625 0.36474609375 0.10546875 0.0986328125
2 0.24169921875 0.48388671875 0.0595703125 0.0537109375
2 0.263671875 0.9794921875 0.083984375 0.041015625
2 0.96826171875 0.95703125 0.0634765625 0.0859375
2 0.908203125 0.814453125 0.107421875 0.109375
2 0.6181640625 0.5654296875 0.064453125 0.068359375
2 0.80615234375 0.7685546875 0.0947265625 0.099609375
2 0.681640625 0.76220703125 0.119140625 0.1259765625
2 0.646484375 0.92578125 0.060546875 0.0625
