5 0.6611328125 0.13818359375 0.01953125 0.0224609375
5 0.7509765625 0.19921875 0.015625 0.046875
5 0.58642578125 0.0966796875 0.0224609375 0.025390625
5 0.537109375 0.06396484375 0.021484375 0.0224609375
5 0.48828125 0.0419921875 0.017578125 0.021484375
5 0.4248046875 0.03515625 0.017578125 0.017578125
5 0.36083984375 0.03076171875 0.0166015625 0.0205078125
5 0.291015625 0.048828125 0.015625 0.01953125
5 0.2216796875 0.0595703125 0.015625 0.01953125
5 0.08447265625 0.0810546875 0.0166015625 0.01953125
