7 0.04443359375 0.88720703125 0.0810546875 0.0673828125
6 0.05859375 0.88671875 0.115234375 0.09375
13 0.65234375 0.88037109375 0.029296875 0.0419921875
13 0.1044921875 0.80908203125 0.01953125 0.0302734375
3 0.7861328125 0.9990234375 0.03125 0.001953125
13 0.44580078125 0.017578125 0.0185546875 0.029296875
13 0.72802734375 0.1025390625 0.0263671875 0.01171875
13 0.5478515625 0.3720703125 0.021484375 0.029296875
13 0.79150390625 0.63232421875 0.0146484375 0.0322265625
13 0.3701171875 0.73193359375 0.017578125 0.0322265625
