7 0.84912109375 0.08251953125 0.0810546875 0.0673828125
6 0.84521484375 0.083984375 0.1513671875 0.09765625
13 0.91015625 0.01025390625 0.017578125 0.0185546875
13 0.72119140625 0.05615234375 0.0224609375 0.0341796875
13 0.01513671875 0.23193359375 0.0263671875 0.0380859375
13 0.56787109375 0.1015625 0.0322265625 0.04296875
13 0.546875 0.6103515625 0.01953125 0.013671875
13 0.4892578125 0.07470703125 0.015625 0.0126953125
13 0.044921875 0.9453125 0.021484375 0.01171875
13 0.115234375 0.2041015625 0.017578125 0.03125
13 0.47216796875 0.4072265625 0.0419921875 0.056640625
