13 0.65087890625 0.39697265625 0.1708984375 0.2939453125
13 0.15869140625 0.01611328125 0.0244140625 0.0166015625
13 0.2646484375 0.40087890625 0.021484375 0.0146484375
4 0.8369140625 0.38330078125 0.048828125 0.0126953125
4 0.92626953125 0.0732421875 0.0283203125 0.01953125
4 0.9189453125 0.01416015625 0.05078125 0.0146484375
4 0.9189453125 0.00634765625 0.05859375 0.0107421875
4 0.92724609375 0.09765625 0.0361328125 0.013671875
4 0.93017578125 0.08935546875 0.0263671875 0.0107421875
4 0.93115234375 0.08447265625 0.0205078125 0.0087890625
4 0.927734375 0.07958984375 0.0234375 0.0126953125
4 0.93017578125 0.2021484375 0.0537109375 0.0234375
13 0.98828125 0.4775390625 0.0234375 0.015625
