4 0.0556640625 0.7412109375 0.103515625 0.08984375
4 0.2333984375 0.3828125 0.037109375 0.060546875
4 0.35888671875 0.08740234375 0.1005859375 0.1181640625
4 0.375 0.111328125 0.04296875 0.046875
4 0.36669921875 0.10400390625 0.0458984375 0.0537109375
4 0.130859375 0.8740234375 0.033203125 0.029296875
13 0.853515625 0.4248046875 0.013671875 0.015625
4 0.1337890625 0.8603515625 0.033203125 0.029296875
4 0.9921875 0.69140625 0.015625 0.0234375
4 0.98779296875 0.7021484375 0.0244140625 0.033203125
4 0.9833984375 0.71337890625 0.033203125 0.0419921875
4 0.8466796875 0.56884765625 0.046875 0.0380859375
4 0.84033203125 0.57666015625 0.0498046875 0.0400390625
4 0.83544921875 0.5859375 0.0458984375 0.037109375
4 0.94970703125 0.62109375 0.0498046875 0.044921875
4 0.93896484375 0.62841796875 0.0556640625 0.0517578125
4 0.931640625 0.63671875 0.04296875 0.0390625
4 0.923828125 0.64501953125 0.05078125 0.0458984375
4 0.875 0.6064453125 0.025390625 0.017578125
4 0.87255859375 0.6123046875 0.0263671875 0.01953125
13 0.23095703125 0.50439453125 0.3369140625 0.3681640625
13 0.208984375 0.52880859375 0.333984375 0.3603515625
