13 0.60498046875 0.99072265625 0.0107421875 0.0185546875
4 0.52392578125 0.43310546875 0.0400390625 0.0576171875
4 0.31396484375 0.306640625 0.0576171875 0.015625
4 0.30810546875 0.294921875 0.0458984375 0.01171875
4 0.31787109375 0.2822265625 0.0634765625 0.017578125
4 0.673828125 0.48388671875 0.0703125 0.0302734375
4 0.64599609375 0.75146484375 0.0224609375 0.0576171875
4 0.65966796875 0.76220703125 0.0224609375 0.0556640625
4 0.6806640625 0.8330078125 0.02734375 0.0546875
13 0.57470703125 0.0283203125 0.0166015625 0.013671875
