4 0.76513671875 0.5166015625 0.0244140625 0.052734375
4 0.7939453125 0.61865234375 0.0234375 0.0439453125
4 0.84521484375 0.8740234375 0.0263671875 0.048828125
4 0.828125 0.81396484375 0.02734375 0.0498046875
4 0.82861328125 0.7548828125 0.0263671875 0.0546875
4 0.81884765625 0.75537109375 0.0224609375 0.0439453125
4 0.81005859375 0.7529296875 0.0166015625 0.03515625
4 0.77685546875 0.56005859375 0.0224609375 0.0439453125
13 0.6494140625 0.1240234375 0.041015625 0.017578125
13 0.12939453125 0.53466796875 0.0126953125 0.0166015625
13 0.2919921875 0.0537109375 0.009765625 0.01171875
