4 0.6171875 0.59716796875 0.046875 0.0361328125
4 0.61962890625 0.607421875 0.0458984375 0.03515625
13 0.15966796875 0.3505859375 0.0263671875 0.0234375
4 0.33203125 0.376953125 0.0390625 0.037109375
4 0.30126953125 0.40869140625 0.0400390625 0.0361328125
4 0.29833984375 0.49267578125 0.0537109375 0.0576171875
4 0.33447265625 0.51806640625 0.0341796875 0.0361328125
4 0.3623046875 0.5517578125 0.03515625 0.0390625
4 0.26611328125 0.43505859375 0.0283203125 0.0439453125
4 0.2724609375 0.43896484375 0.025390625 0.0419921875
4 0.60888671875 0.5908203125 0.0498046875 0.037109375
4 0.5986328125 0.5849609375 0.052734375 0.04296875
13 0.75732421875 0.65966796875 0.3818359375 0.3662109375
4 0.97216796875 0.56494140625 0.0556640625 0.0595703125
4 0.49267578125 0.919921875 0.0361328125 0.04296875
4 0.4140625 0.87060546875 0.052734375 0.0615234375
