13 0.94970703125 0.7890625 0.0146484375 0.009765625
13 0.9287109375 0.66796875 0.015625 0.0078125
13 0.91162109375 0.57568359375 0.0126953125 0.0087890625
13 0.9052734375 0.412109375 0.015625 0.0078125
13 0.91796875 0.36865234375 0.0078125 0.0166015625
13 0.83349609375 0.04931640625 0.0146484375 0.0107421875
13 0.16259765625 0.5341796875 0.0126953125 0.0078125
13 0.1083984375 0.59521484375 0.015625 0.0224609375
13 0.15478515625 0.43017578125 0.0166015625 0.0146484375
13 0.13720703125 0.2236328125 0.0126953125 0.009765625
13 0.1220703125 0.048828125 0.01171875 0.0078125
13 0.2333984375 0.5595703125 0.0078125 0.013671875
13 0.5654296875 0.46630859375 0.009765625 0.0126953125
