13 0.69970703125 0.2734375 0.0205078125 0.01171875
13 0.705078125 0.12890625 0.015625 0.013671875
4 0.51904296875 0.84228515625 0.0244140625 0.0205078125
13 0.06396484375 0.4140625 0.0908203125 0.076171875
13 0.67919921875 0.55419921875 0.0322265625 0.0283203125
13 0.68408203125 0.5791015625 0.0322265625 0.02734375
13 0.2236328125 0.63818359375 0.029296875 0.0400390625
4 0.1826171875 0.2744140625 0.033203125 0.05078125
4 0.19921875 0.33251953125 0.041015625 0.0244140625
4 0.06884765625 0.509765625 0.0341796875 0.03515625
4 0.06201171875 0.513671875 0.0341796875 0.037109375
4 0.05859375 0.5244140625 0.037109375 0.037109375
4 0.177734375 0.587890625 0.04296875 0.029296875
4 0.17431640625 0.59619140625 0.0439453125 0.0302734375
4 0.18017578125 0.609375 0.0419921875 0.02734375
4 0.14794921875 0.55615234375 0.0419921875 0.0361328125
4 0.140625 0.5625 0.041015625 0.03515625
4 0.13330078125 0.5673828125 0.0400390625 0.03515625
4 0.10693359375 0.5224609375 0.0400390625 0.03515625
4 0.10302734375 0.5322265625 0.0400390625 0.03515625
4 0.099609375 0.54052734375 0.0390625 0.0341796875
4 0.091796875 0.5458984375 0.037109375 0.033203125
