13 0.0859375 0.12158203125 0.0078125 0.0166015625
13 0.20458984375 0.708984375 0.0048828125 0.017578125
13 0.65478515625 0.5341796875 0.0126953125 0.0078125
13 0.46826171875 0.03271484375 0.0146484375 0.0205078125
4 0.107421875 0.50048828125 0.017578125 0.0517578125
4 0.1474609375 0.67431640625 0.01953125 0.0400390625
4 0.07666015625 0.1708984375 0.0224609375 0.052734375
4 0.06640625 0.17041015625 0.021484375 0.0478515625
13 0.6005859375 0.59521484375 0.015625 0.0224609375
13 0.64697265625 0.43017578125 0.0166015625 0.0146484375
13 0.62939453125 0.2236328125 0.0126953125 0.009765625
13 0.6142578125 0.048828125 0.01171875 0.0078125
13 0.7255859375 0.5595703125 0.0078125 0.013671875
