13 0.1904296875 0.72705078125 0.01953125 0.0185546875
13 0.40869140625 0.56103515625 0.0146484375 0.0146484375
13 0.0830078125 0.8173828125 0.03125 0.03515625
13 0.1171875 0.7734375 0.072265625 0.0546875
13 0.6416015625 0.787109375 0.013671875 0.017578125
13 0.89306640625 0.83203125 0.0322265625 0.025390625
13 0.37548828125 0.35986328125 0.0146484375 0.0087890625
13 0.31787109375 0.5126953125 0.0166015625 0.017578125
13 0.70556640625 0.35498046875 0.0146484375 0.0146484375
13 0.52685546875 0.02392578125 0.0322265625 0.0224609375
13 0.40185546875 0.0673828125 0.0185546875 0.01171875
