4 0.95263671875 0.09912109375 0.0947265625 0.0947265625
4 0.9775390625 0.2255859375 0.033203125 0.041015625
4 0.96728515625 0.224609375 0.0361328125 0.044921875
4 0.77587890625 0.25244140625 0.0302734375 0.0361328125
4 0.765625 0.25341796875 0.0234375 0.0244140625
4 0.73583984375 0.29833984375 0.0380859375 0.0400390625
4 0.73095703125 0.28955078125 0.0380859375 0.0400390625
4 0.76318359375 0.244140625 0.0400390625 0.041015625
4 0.724609375 0.28515625 0.0390625 0.04296875
13 0.16650390625 0.71533203125 0.0673828125 0.1181640625
13 0.21630859375 0.693359375 0.1083984375 0.130859375
