13 0.31494140625 0.25048828125 0.0830078125 0.0283203125
13 0.369140625 0.1953125 0.041015625 0.013671875
13 0.25634765625 0.29638671875 0.0263671875 0.0283203125
13 0.68798828125 0.43701171875 0.0498046875 0.0400390625
13 0.51025390625 0.5888671875 0.0380859375 0.0390625
13 0.47412109375 0.80224609375 0.0380859375 0.0400390625
13 0.46533203125 0.08544921875 0.0263671875 0.0322265625
13 0.1474609375 0.400390625 0.03515625 0.0546875
13 0.1103515625 0.34619140625 0.025390625 0.0146484375
13 0.53564453125 0.05712890625 0.0087890625 0.0322265625
13 0.72607421875 0.05712890625 0.0224609375 0.0224609375
13 0.33544921875 0.2265625 0.1025390625 0.029296875
13 0.1298828125 0.9560546875 0.017578125 0.01953125
13 0.802734375 0.18896484375 0.076171875 0.0283203125
13 0.81982421875 0.21435546875 0.0693359375 0.0283203125
13 0.49072265625 0.97705078125 0.0126953125 0.0068359375
