4 0.44677734375 0.75537109375 0.0517578125 0.0458984375
4 0.64013671875 0.560546875 0.0556640625 0.0625
4 0.65673828125 0.544921875 0.0517578125 0.05859375
4 0.67626953125 0.53759765625 0.0458984375 0.0576171875
4 0.69287109375 0.52490234375 0.0517578125 0.0615234375
4 0.70947265625 0.51025390625 0.0556640625 0.0673828125
4 0.73095703125 0.50537109375 0.0419921875 0.0517578125
4 0.74462890625 0.4833984375 0.0615234375 0.068359375
4 0.7666015625 0.47705078125 0.046875 0.0537109375
4 0.7802734375 0.45751953125 0.05859375 0.0654296875
4 0.79833984375 0.44482421875 0.0537109375 0.0634765625
4 0.8173828125 0.4326171875 0.0546875 0.064453125
4 0.8359375 0.42138671875 0.0546875 0.0615234375
4 0.8515625 0.40625 0.05859375 0.06640625
4 0.87109375 0.39208984375 0.060546875 0.0712890625
4 0.8876953125 0.37060546875 0.05859375 0.0693359375
4 0.912109375 0.36376953125 0.056640625 0.0654296875
4 0.92578125 0.33935546875 0.06640625 0.0771484375
4 0.97412109375 0.39990234375 0.0517578125 0.0498046875
4 0.939453125 0.42724609375 0.044921875 0.0537109375
4 0.923828125 0.43896484375 0.046875 0.0556640625
4 0.9072265625 0.453125 0.052734375 0.05859375
4 0.6240234375 0.5791015625 0.048828125 0.05859375
4 0.58447265625 0.60009765625 0.0576171875 0.0634765625
4 0.88916015625 0.46484375 0.0478515625 0.056640625
4 0.87060546875 0.4755859375 0.0478515625 0.05859375
4 0.8544921875 0.4912109375 0.04296875 0.05078125
4 0.84033203125 0.64892578125 0.0498046875 0.0537109375
4 0.859375 0.6357421875 0.052734375 0.052734375
4 0.873046875 0.62255859375 0.05078125 0.0517578125
4 0.90966796875 0.59619140625 0.0537109375 0.0537109375
4 0.92822265625 0.5859375 0.0498046875 0.056640625
4 0.94580078125 0.57275390625 0.0458984375 0.0537109375
4 0.9619140625 0.560546875 0.044921875 0.056640625
4 0.9765625 0.548828125 0.044921875 0.05859375
4 0.98974609375 0.5283203125 0.0205078125 0.041015625
4 0.80615234375 0.67529296875 0.0498046875 0.0556640625
4 0.98876953125 0.603515625 0.0224609375 0.0390625
4 0.98046875 0.61865234375 0.0390625 0.0478515625
4 0.96630859375 0.6337890625 0.0400390625 0.052734375
4 0.947265625 0.64794921875 0.046875 0.0556640625
4 0.82275390625 0.66455078125 0.0517578125 0.0576171875
4 0.78515625 0.68310546875 0.060546875 0.0673828125
4 0.83837890625 0.5068359375 0.0517578125 0.0625
4 0.6533203125 0.62890625 0.0390625 0.046875
4 0.8193359375 0.515625 0.052734375 0.05859375
4 0.8017578125 0.52685546875 0.05078125 0.0556640625
4 0.7802734375 0.54248046875 0.044921875 0.0556640625
4 0.76220703125 0.552734375 0.0419921875 0.0546875
4 0.74853515625 0.5693359375 0.0458984375 0.060546875
4 0.7294921875 0.5830078125 0.048828125 0.0546875
4 0.70947265625 0.5966796875 0.0517578125 0.05859375
4 0.69091796875 0.6083984375 0.0517578125 0.060546875
4 0.67236328125 0.62109375 0.0517578125 0.0546875
4 0.6171875 0.6728515625 0.06640625 0.052734375
4 0.77099609375 0.69873046875 0.0537109375 0.0576171875
4 0.595703125 0.6591796875 0.095703125 0.0703125
5 0.7490234375 0.5107421875 0.501953125 0.408203125
4 0.6455078125 0.7841796875 0.0625 0.0703125
4 0.6630859375 0.77490234375 0.056640625 0.0615234375
4 0.6826171875 0.76611328125 0.05078125 0.0556640625
4 0.69970703125 0.748046875 0.0595703125 0.064453125
4 0.71923828125 0.73681640625 0.0556640625 0.0576171875
4 0.74072265625 0.72802734375 0.0478515625 0.0498046875
4 0.75634765625 0.712890625 0.0498046875 0.05078125
4 0.90966796875 0.66845703125 0.0302734375 0.0400390625
4 0.22021484375 0.03759765625 0.0439453125 0.0458984375
4 0.08642578125 0.1142578125 0.0380859375 0.029296875
4 0.060546875 0.0947265625 0.02734375 0.025390625
4 0.0546875 0.08740234375 0.02734375 0.0302734375
4 0.04052734375 0.06884765625 0.0244140625 0.0302734375
4 0.0283203125 0.05615234375 0.021484375 0.0283203125
4 0.2822265625 0.345703125 0.080078125 0.076171875
4 0.3369140625 0.30126953125 0.0703125 0.0751953125
4 0.35888671875 0.28125 0.0556640625 0.0546875
4 0.390625 0.23828125 0.076171875 0.07421875
4 0.40380859375 0.21044921875 0.0849609375 0.0849609375
4 0.42529296875 0.19091796875 0.0791015625 0.0771484375
4 0.44677734375 0.181640625 0.0732421875 0.06640625
4 0.47265625 0.1611328125 0.068359375 0.0703125
4 0.490234375 0.1513671875 0.060546875 0.056640625
4 0.5009765625 0.11474609375 0.083984375 0.0849609375
4 0.53955078125 0.07763671875 0.0791015625 0.0771484375
4 0.56103515625 0.060546875 0.0751953125 0.08203125
4 0.59130859375 0.04638671875 0.0537109375 0.0517578125
4 0.59716796875 0.0302734375 0.0869140625 0.05859375
4 0.6259765625 0.02001953125 0.060546875 0.0380859375
4 0.65185546875 0.01220703125 0.0419921875 0.0224609375
4 0.89892578125 0.166015625 0.0771484375 0.076171875
4 0.91015625 0.13427734375 0.08984375 0.0869140625
4 0.93994140625 0.1220703125 0.0791015625 0.080078125
4 0.95068359375 0.0869140625 0.0888671875 0.099609375
4 0.96630859375 0.056640625 0.0673828125 0.10546875
5 0.7568359375 0.2744140625 0.486328125 0.48046875
4 0.57373046875 0.6181640625 0.0419921875 0.048828125
4 0.86181640625 0.20361328125 0.0751953125 0.0732421875
4 0.8720703125 0.1767578125 0.0859375 0.087890625
4 0.83203125 0.21484375 0.076171875 0.07421875
4 0.58544921875 0.4384765625 0.0634765625 0.060546875
4 0.5517578125 0.46875 0.0625 0.05859375
4 0.568359375 0.45166015625 0.0625 0.0576171875
4 0.6005859375 0.4228515625 0.064453125 0.0625
4 0.8056640625 0.2333984375 0.08203125 0.078125
4 0.6171875 0.408203125 0.068359375 0.064453125
4 0.63330078125 0.392578125 0.0693359375 0.068359375
4 0.64794921875 0.369140625 0.0693359375 0.068359375
4 0.66943359375 0.35498046875 0.0751953125 0.0751953125
4 0.6962890625 0.34814453125 0.060546875 0.0595703125
4 0.7021484375 0.3212890625 0.07421875 0.07421875
4 0.72119140625 0.30322265625 0.0693359375 0.0712890625
4 0.7607421875 0.2705078125 0.076171875 0.0703125
4 0.78564453125 0.2568359375 0.0751953125 0.072265625
4 0.9326171875 0.6611328125 0.046875 0.05859375
4 0.8984375 0.6865234375 0.052734375 0.056640625
4 0.86328125 0.708984375 0.044921875 0.05078125
4 0.98046875 0.77099609375 0.0390625 0.0595703125
4 0.9912109375 0.75537109375 0.017578125 0.0302734375
4 0.97412109375 0.78515625 0.0517578125 0.064453125
4 0.96240234375 0.80322265625 0.0498046875 0.0537109375
4 0.9423828125 0.8125 0.056640625 0.0625
5 0.80712890625 0.6845703125 0.3857421875 0.36328125
4 0.8447265625 0.72265625 0.044921875 0.05078125
4 0.82958984375 0.736328125 0.0478515625 0.0546875
4 0.81201171875 0.74853515625 0.0458984375 0.0595703125
4 0.79052734375 0.76318359375 0.0458984375 0.0537109375
4 0.7744140625 0.771484375 0.04296875 0.048828125
4 0.7587890625 0.787109375 0.0546875 0.05859375
4 0.72607421875 0.8125 0.0478515625 0.05859375
4 0.708984375 0.822265625 0.044921875 0.05078125
4 0.70849609375 0.84130859375 0.0244140625 0.0205078125
4 0.923828125 0.82470703125 0.05859375 0.0634765625
4 0.7939453125 0.94091796875 0.05078125 0.0556640625
4 0.80908203125 0.919921875 0.0615234375 0.0703125
4 0.8232421875 0.9033203125 0.048828125 0.056640625
4 0.8408203125 0.89306640625 0.060546875 0.0712890625
4 0.86328125 0.88037109375 0.05859375 0.0576171875
4 0.87939453125 0.8642578125 0.0654296875 0.0625
4 0.89208984375 0.85107421875 0.0498046875 0.0498046875
4 0.90869140625 0.8388671875 0.0595703125 0.0625
4 0.99169921875 0.982421875 0.0166015625 0.029296875
4 0.98095703125 0.98486328125 0.0380859375 0.0302734375
4 0.87255859375 0.95361328125 0.0380859375 0.0478515625
4 0.9892578125 0.837890625 0.021484375 0.03515625
4 0.98291015625 0.8564453125 0.0341796875 0.048828125
4 0.97412109375 0.865234375 0.0400390625 0.04296875
4 0.9638671875 0.87841796875 0.046875 0.0517578125
4 0.9521484375 0.890625 0.044921875 0.05078125
4 0.9365234375 0.90234375 0.044921875 0.046875
4 0.91064453125 0.92041015625 0.0439453125 0.0458984375
4 0.89892578125 0.93212890625 0.0439453125 0.0498046875
4 0.88671875 0.9423828125 0.04296875 0.046875
4 0.85791015625 0.9638671875 0.0380859375 0.046875
4 0.9658203125 0.98974609375 0.029296875 0.0205078125
4 0.84619140625 0.97509765625 0.0419921875 0.0498046875
4 0.830078125 0.98046875 0.0390625 0.0390625
5 0.8779296875 0.86376953125 0.244140625 0.2724609375
