8 0.9140625 0.85107421875 0.109375 0.1259765625
9 0.671875 0.50439453125 0.078125 0.0576171875
9 0.84716796875 0.6318359375 0.1513671875 0.12890625
4 0.86474609375 0.00439453125 0.0166015625 0.0068359375
4 0.80859375 0.05859375 0.037109375 0.025390625
4 0.8056640625 0.08349609375 0.0390625 0.0283203125
4 0.86669921875 0.10498046875 0.0283203125 0.0263671875
4 0.89599609375 0.1044921875 0.0419921875 0.03125
4 0.9208984375 0.09716796875 0.04296875 0.0400390625
4 0.95654296875 0.0986328125 0.0439453125 0.033203125
4 0.97998046875 0.09375 0.0341796875 0.03515625
