4 0.6513671875 0.013671875 0.041015625 0.025390625
4 0.6279296875 0.02001953125 0.033203125 0.0341796875
4 0.98974609375 0.0625 0.0205078125 0.025390625
4 0.6337890625 0.4169921875 0.048828125 0.044921875
4 0.38671875 0.46875 0.03515625 0.03515625
4 0.42626953125 0.51025390625 0.0380859375 0.0380859375
4 0.435546875 0.52197265625 0.0390625 0.0380859375
4 0.4462890625 0.53076171875 0.0390625 0.0361328125
4 0.4560546875 0.54296875 0.041015625 0.037109375
4 0.46533203125 0.5546875 0.0458984375 0.041015625
4 0.48583984375 0.57421875 0.0400390625 0.037109375
4 0.49560546875 0.58349609375 0.0380859375 0.0361328125
4 0.505859375 0.5927734375 0.041015625 0.037109375
5 0.42138671875 0.470703125 0.2919921875 0.291015625
4 0.2939453125 0.490234375 0.033203125 0.029296875
4 0.30126953125 0.49951171875 0.0341796875 0.0322265625
4 0.3115234375 0.509765625 0.03515625 0.033203125
4 0.31884765625 0.5205078125 0.0302734375 0.029296875
4 0.326171875 0.52978515625 0.03125 0.0283203125
4 0.341796875 0.54833984375 0.033203125 0.0322265625
4 0.353515625 0.5546875 0.037109375 0.03515625
4 0.36181640625 0.56396484375 0.0380859375 0.0322265625
4 0.37109375 0.572265625 0.0390625 0.03515625
4 0.39208984375 0.58837890625 0.0380859375 0.0380859375
4 0.39892578125 0.60107421875 0.0400390625 0.0341796875
4 0.37744140625 0.458984375 0.0361328125 0.0390625
4 0.35693359375 0.4384765625 0.0361328125 0.033203125
4 0.3408203125 0.4169921875 0.033203125 0.03125
5 0.541015625 0.365234375 0.3046875 0.318359375
4 0.603515625 0.49365234375 0.076171875 0.0732421875
4 0.57177734375 0.44140625 0.0595703125 0.0546875
4 0.5625 0.423828125 0.052734375 0.046875
4 0.53564453125 0.3984375 0.0517578125 0.052734375
4 0.5224609375 0.38330078125 0.056640625 0.0556640625
4 0.48583984375 0.345703125 0.0537109375 0.05859375
4 0.47021484375 0.33251953125 0.0556640625 0.0595703125
4 0.44775390625 0.30517578125 0.0556640625 0.0556640625
4 0.43310546875 0.28759765625 0.0576171875 0.0458984375
4 0.5419921875 0.55859375 0.044921875 0.041015625
4 0.3173828125 0.39990234375 0.037109375 0.0400390625
4 0.4931640625 0.5087890625 0.044921875 0.044921875
4 0.458984375 0.47216796875 0.044921875 0.0419921875
4 0.4453125 0.4599609375 0.041015625 0.037109375
4 0.43505859375 0.44775390625 0.0380859375 0.0380859375
4 0.4111328125 0.42578125 0.044921875 0.04296875
4 0.40087890625 0.41455078125 0.0419921875 0.0439453125
4 0.37890625 0.3876953125 0.046875 0.044921875
4 0.3544921875 0.36279296875 0.0390625 0.0380859375
4 0.3125 0.3720703125 0.0703125 0.06640625
4 0.4189453125 0.62060546875 0.037109375 0.0341796875
4 0.42822265625 0.630859375 0.0380859375 0.033203125
4 0.44775390625 0.64892578125 0.0322265625 0.0361328125
9 0.0107421875 0.92041015625 0.01953125 0.0322265625
9 0.220703125 0.98828125 0.03125 0.0234375
9 0.05224609375 0.87060546875 0.0478515625 0.0576171875
9 0.1123046875 0.8095703125 0.041015625 0.041015625
9 0.32421875 0.8056640625 0.0390625 0.037109375
11 0.22607421875 0.8515625 0.0478515625 0.041015625
4 0.390625 0.66015625 0.04296875 0.046875
4 0.263671875 0.5224609375 0.03515625 0.033203125
4 0.380859375 0.65185546875 0.0390625 0.0439453125
4 0.36865234375 0.6376953125 0.0419921875 0.044921875
4 0.3583984375 0.6298828125 0.04296875 0.04296875
4 0.34765625 0.6171875 0.04296875 0.041015625
4 0.3359375 0.60546875 0.046875 0.04296875
4 0.3271484375 0.59326171875 0.041015625 0.0419921875
4 0.3017578125 0.57080078125 0.044921875 0.0458984375
4 0.29052734375 0.5576171875 0.0458984375 0.044921875
4 0.28076171875 0.54296875 0.0419921875 0.04296875
5 0.33740234375 0.57568359375 0.2626953125 0.2705078125
4 0.1552734375 0.5810546875 0.02734375 0.025390625
4 0.1796875 0.57861328125 0.03125 0.0361328125
4 0.193359375 0.58984375 0.037109375 0.037109375
4 0.201171875 0.60302734375 0.03125 0.0322265625
4 0.26416015625 0.65966796875 0.0322265625 0.0341796875
4 0.29150390625 0.681640625 0.0361328125 0.0390625
4 0.30810546875 0.69970703125 0.0341796875 0.0361328125
4 0.65771484375 0.4560546875 0.0283203125 0.029296875
4 0.61328125 0.3955078125 0.04296875 0.044921875
4 0.60205078125 0.38330078125 0.0419921875 0.0478515625
4 0.013671875 0.0703125 0.025390625 0.04296875
4 0.01416015625 0.1796875 0.0263671875 0.046875
4 0.05517578125 0.02099609375 0.0458984375 0.0400390625
9 0.28466796875 0.009765625 0.0537109375 0.017578125
9 0.20654296875 0.06982421875 0.0537109375 0.0556640625
9 0.1630859375 0.1201171875 0.056640625 0.048828125
4 0.46435546875 0.2548828125 0.0244140625 0.025390625
4 0.6240234375 0.2333984375 0.048828125 0.046875
4 0.6005859375 0.22802734375 0.068359375 0.0634765625
4 0.58740234375 0.21044921875 0.0634765625 0.0595703125
4 0.57666015625 0.19189453125 0.0595703125 0.0498046875
4 0.564453125 0.17578125 0.048828125 0.046875
4 0.5498046875 0.16064453125 0.041015625 0.0478515625
4 0.53271484375 0.1484375 0.0576171875 0.0546875
5 0.65283203125 0.22607421875 0.2939453125 0.2998046875
4 0.4248046875 0.2578125 0.068359375 0.05859375
4 0.47802734375 0.25634765625 0.0380859375 0.0380859375
4 0.6455078125 0.2626953125 0.046875 0.046875
4 0.49072265625 0.26806640625 0.0400390625 0.0400390625
4 0.501953125 0.27880859375 0.0390625 0.0361328125
4 0.5126953125 0.291015625 0.044921875 0.041015625
4 0.52734375 0.3125 0.03515625 0.03515625
4 0.5341796875 0.32373046875 0.029296875 0.0302734375
4 0.54296875 0.333984375 0.03125 0.03125
4 0.5673828125 0.349609375 0.037109375 0.0390625
4 0.5810546875 0.35986328125 0.0390625 0.0419921875
4 0.5908203125 0.3720703125 0.046875 0.046875
4 0.6318359375 0.25048828125 0.056640625 0.0498046875
4 0.6591796875 0.2783203125 0.0546875 0.05078125
9 0.04833984375 0.2265625 0.0458984375 0.04296875
4 0.62109375 0.15380859375 0.044921875 0.0458984375
9 0.11669921875 0.20068359375 0.0419921875 0.0439453125
4 0.05078125 0.123046875 0.0546875 0.05078125
4 0.1015625 0.0791015625 0.03515625 0.03515625
4 0.6787109375 0.08251953125 0.037109375 0.0361328125
4 0.71484375 0.125 0.03125 0.033203125
5 0.75537109375 0.15380859375 0.1943359375 0.1884765625
4 0.58056640625 0.107421875 0.0537109375 0.052734375
4 0.59521484375 0.125 0.0478515625 0.048828125
4 0.603515625 0.142578125 0.041015625 0.0390625
4 0.658203125 0.19140625 0.044921875 0.04296875
4 0.6708984375 0.29345703125 0.052734375 0.0517578125
4 0.66943359375 0.205078125 0.0478515625 0.04296875
4 0.68310546875 0.22412109375 0.0380859375 0.0380859375
4 0.72265625 0.255859375 0.046875 0.046875
4 0.73583984375 0.26953125 0.0498046875 0.052734375
4 0.74169921875 0.2880859375 0.0380859375 0.037109375
4 0.72314453125 0.34619140625 0.0537109375 0.0556640625
4 0.70849609375 0.3330078125 0.0517578125 0.052734375
4 0.69775390625 0.31689453125 0.0478515625 0.0537109375
4 0.685546875 0.3037109375 0.044921875 0.048828125
9 0.2353515625 0.72509765625 0.033203125 0.0361328125
9 0.7890625 0.80126953125 0.037109375 0.0400390625
9 0.88134765625 0.69921875 0.0263671875 0.0390625
9 0.9609375 0.7197265625 0.0546875 0.056640625
9 0.990234375 0.79638671875 0.01953125 0.0400390625
4 0.94384765625 0.744140625 0.0302734375 0.029296875
4 0.87451171875 0.74951171875 0.0458984375 0.0478515625
4 0.86181640625 0.7685546875 0.0537109375 0.056640625
4 0.826171875 0.830078125 0.048828125 0.05078125
9 0.7529296875 0.8505859375 0.046875 0.046875
4 0.98583984375 0.95703125 0.0283203125 0.0390625
4 0.955078125 0.91748046875 0.0625 0.0712890625
9 0.8447265625 0.97021484375 0.04296875 0.0400390625
4 0.775390625 0.87890625 0.03515625 0.041015625
9 0.6865234375 0.890625 0.03515625 0.037109375
9 0.6435546875 0.93603515625 0.041015625 0.0419921875
9 0.61767578125 0.97314453125 0.0400390625 0.0380859375
