4 0.50830078125 0.58056640625 0.0283203125 0.0263671875
4 0.45361328125 0.62890625 0.0634765625 0.06640625
4 0.3974609375 0.58642578125 0.029296875 0.0322265625
4 0.34521484375 0.6396484375 0.0478515625 0.046875
4 0.2919921875 0.6748046875 0.046875 0.041015625
4 0.2451171875 0.72265625 0.048828125 0.0546875
4 0.2275390625 0.72705078125 0.033203125 0.0322265625
4 0.22021484375 0.7412109375 0.0400390625 0.041015625
4 0.18408203125 0.76806640625 0.0302734375 0.0322265625
4 0.2080078125 0.74658203125 0.025390625 0.0283203125
4 0.173828125 0.7744140625 0.03125 0.033203125
4 0.1591796875 0.7978515625 0.03125 0.03515625
4 0.14404296875 0.8037109375 0.0263671875 0.029296875
4 0.12939453125 0.8310546875 0.0400390625 0.044921875
4 0.10595703125 0.84912109375 0.0478515625 0.0478515625
4 0.1015625 0.8603515625 0.029296875 0.03125
4 0.08154296875 0.88525390625 0.0478515625 0.0419921875
4 0.134765625 0.97802734375 0.046875 0.0439453125
4 0.15380859375 0.95751953125 0.0458984375 0.0478515625
4 0.1806640625 0.94189453125 0.02734375 0.0263671875
4 0.19580078125 0.91943359375 0.0439453125 0.0458984375
9 0.5390625 0.6416015625 0.03515625 0.0390625
9 0.583984375 0.580078125 0.04296875 0.04296875
4 0.55078125 0.529296875 0.052734375 0.052734375
4 0.7197265625 0.2578125 0.064453125 0.05859375
4 0.65869140625 0.32666015625 0.0498046875 0.0458984375
4 0.46142578125 0.51806640625 0.0283203125 0.0302734375
4 0.65380859375 0.43505859375 0.0771484375 0.0791015625
9 0.79931640625 0.4111328125 0.0732421875 0.037109375
9 0.90087890625 0.439453125 0.0595703125 0.05859375
9 0.673828125 0.5283203125 0.03515625 0.037109375
11 0.8427734375 0.51318359375 0.02734375 0.0263671875
4 0.599609375 0.48046875 0.05078125 0.05078125
4 0.55419921875 0.43115234375 0.0576171875 0.0634765625
4 0.5185546875 0.46240234375 0.025390625 0.0263671875
4 0.49658203125 0.48486328125 0.0361328125 0.0341796875
4 0.21337890625 0.8974609375 0.0458984375 0.044921875
4 0.22998046875 0.8935546875 0.0302734375 0.03125
4 0.24951171875 0.85400390625 0.0537109375 0.0498046875
4 0.28173828125 0.83740234375 0.0263671875 0.0283203125
9 0.5244140625 0.6865234375 0.041015625 0.041015625
4 0.70458984375 0.97607421875 0.0634765625 0.0478515625
9 0.63720703125 0.9462890625 0.0576171875 0.05859375
9 0.712890625 0.8779296875 0.06640625 0.06640625
4 0.78955078125 0.8935546875 0.0830078125 0.080078125
4 0.80712890625 0.98046875 0.0498046875 0.0390625
4 0.7470703125 0.94580078125 0.025390625 0.0263671875
4 0.85986328125 0.8232421875 0.0458984375 0.044921875
9 0.865234375 0.73486328125 0.0390625 0.0419921875
4 0.9833984375 0.6875 0.033203125 0.044921875
8 0.88525390625 0.63671875 0.0927734375 0.083984375
8 0.9248046875 0.59814453125 0.08984375 0.0869140625
8 0.9580078125 0.56103515625 0.083984375 0.0849609375
4 0.6337890625 0.34765625 0.02734375 0.02734375
9 0.9677734375 0.9248046875 0.056640625 0.048828125
4 0.3486328125 0.78564453125 0.0390625 0.0361328125
9 0.55419921875 0.74072265625 0.0595703125 0.0595703125
9 0.9208984375 0.99169921875 0.0390625 0.0166015625
4 0.85546875 0.927734375 0.0546875 0.05078125
4 0.90625 0.8837890625 0.03515625 0.03515625
9 0.41796875 0.4775390625 0.03125 0.03125
9 0.3154296875 0.5751953125 0.04296875 0.041015625
9 0.36376953125 0.53271484375 0.0498046875 0.0537109375
9 0.4560546875 0.4365234375 0.0546875 0.0546875
9 0.43359375 0.74072265625 0.03515625 0.0380859375
9 0.41552734375 0.806640625 0.0361328125 0.037109375
9 0.36328125 0.85546875 0.044921875 0.037109375
4 0.9921875 0.2333984375 0.015625 0.03125
5 0.9404296875 0.2294921875 0.119140625 0.181640625
4 0.98828125 0.0068359375 0.0234375 0.01171875
4 0.96826171875 0.01318359375 0.0380859375 0.0244140625
4 0.94580078125 0.02001953125 0.0498046875 0.0380859375
4 0.72900390625 0.01904296875 0.0419921875 0.0361328125
4 0.7099609375 0.02197265625 0.04296875 0.0419921875
4 0.70849609375 0.03662109375 0.0244140625 0.0205078125
9 0.498046875 0.37744140625 0.052734375 0.0537109375
4 0.92431640625 0.0263671875 0.0576171875 0.05078125
9 0.6103515625 0.28271484375 0.04296875 0.0458984375
4 0.7939453125 0.13623046875 0.05078125 0.0556640625
4 0.80908203125 0.115234375 0.0615234375 0.0703125
4 0.8232421875 0.0986328125 0.048828125 0.056640625
4 0.8408203125 0.08837890625 0.060546875 0.0712890625
4 0.86328125 0.07568359375 0.05859375 0.0576171875
4 0.87939453125 0.0595703125 0.0654296875 0.0625
4 0.89208984375 0.04638671875 0.0498046875 0.0498046875
4 0.90869140625 0.0341796875 0.0595703125 0.0625
4 0.99169921875 0.177734375 0.0166015625 0.029296875
4 0.98095703125 0.1865234375 0.0380859375 0.04296875
4 0.87255859375 0.14892578125 0.0380859375 0.0478515625
4 0.9892578125 0.033203125 0.021484375 0.03515625
4 0.98291015625 0.0517578125 0.0341796875 0.048828125
4 0.97412109375 0.060546875 0.0400390625 0.04296875
4 0.9638671875 0.07373046875 0.046875 0.0517578125
4 0.9521484375 0.0859375 0.044921875 0.05078125
4 0.9365234375 0.09765625 0.044921875 0.046875
4 0.91064453125 0.11572265625 0.0439453125 0.0458984375
4 0.89892578125 0.12744140625 0.0439453125 0.0498046875
4 0.88671875 0.1376953125 0.04296875 0.046875
4 0.85791015625 0.1591796875 0.0380859375 0.046875
4 0.97265625 0.19775390625 0.04296875 0.0458984375
4 0.84619140625 0.17138671875 0.0419921875 0.0517578125
4 0.83154296875 0.18212890625 0.0419921875 0.0517578125
5 0.8779296875 0.10546875 0.244140625 0.208984375
4 0.919921875 0.21875 0.072265625 0.064453125
4 0.9404296875 0.23388671875 0.056640625 0.0498046875
4 0.9482421875 0.251953125 0.06640625 0.05859375
4 0.9599609375 0.27294921875 0.0625 0.0537109375
4 0.97607421875 0.2880859375 0.0478515625 0.0546875
