4 0.05126953125 0.25244140625 0.1005859375 0.1416015625
4 0.0283203125 0.4072265625 0.0546875 0.1171875
4 0.0166015625 0.78076171875 0.03125 0.0693359375
4 0.03759765625 0.23779296875 0.0732421875 0.1513671875
4 0.05224609375 0.09619140625 0.0595703125 0.0810546875
4 0.07275390625 0.1103515625 0.0712890625 0.09375
4 0.234375 0.32861328125 0.130859375 0.1669921875
4 0.33251953125 0.16552734375 0.1005859375 0.1376953125
4 0.30322265625 0.14599609375 0.1005859375 0.1279296875
4 0.08251953125 0.1357421875 0.0458984375 0.060546875
