9 0.0537109375 0.62109375 0.029296875 0.029296875
9 0.01904296875 0.458984375 0.0302734375 0.029296875
9 0.06640625 0.46630859375 0.03515625 0.0283203125
9 0.0830078125 0.4208984375 0.021484375 0.033203125
9 0.228515625 0.46142578125 0.0390625 0.0283203125
9 0.1533203125 0.47998046875 0.052734375 0.0263671875
9 0.23046875 0.490234375 0.0390625 0.0234375
9 0.82763671875 0.76416015625 0.0439453125 0.0244140625
9 0.79833984375 0.92529296875 0.0361328125 0.0380859375
9 0.8876953125 0.9052734375 0.05078125 0.0390625
9 0.92431640625 0.888671875 0.0498046875 0.046875
9 0.99560546875 0.72119140625 0.0087890625 0.0263671875
9 0.9267578125 0.70654296875 0.02734375 0.0322265625
9 0.814453125 0.580078125 0.02734375 0.033203125
9 0.84375 0.013671875 0.0390625 0.025390625
9 0.80615234375 0.06103515625 0.0380859375 0.0380859375
4 0.77734375 0.02490234375 0.025390625 0.0263671875
9 0.87646484375 0.26171875 0.0419921875 0.02734375
9 0.97802734375 0.27001953125 0.0322265625 0.0419921875
9 0.28662109375 0.47314453125 0.0341796875 0.0439453125
4 0.55029296875 0.03759765625 0.0322265625 0.0478515625
4 0.56494140625 0.04833984375 0.0205078125 0.0341796875
4 0.57861328125 0.04833984375 0.0205078125 0.0380859375
4 0.61181640625 0.0546875 0.0166015625 0.03515625
4 0.634765625 0.03564453125 0.046875 0.0244140625
4 0.67578125 0.046875 0.02734375 0.013671875
4 0.68017578125 0.0654296875 0.0458984375 0.01953125
4 0.7138671875 0.0703125 0.01953125 0.037109375
4 0.72802734375 0.0751953125 0.0166015625 0.03125
4 0.74365234375 0.06787109375 0.0244140625 0.0537109375
4 0.75732421875 0.06982421875 0.0126953125 0.0263671875
4 0.703125 0.07568359375 0.013671875 0.0224609375
4 0.50390625 0.00439453125 0.025390625 0.0068359375
4 0.5087890625 0.01318359375 0.037109375 0.0185546875
9 0.47998046875 0.87109375 0.0302734375 0.041015625
9 0.31787109375 0.4794921875 0.0380859375 0.02734375
9 0.375 0.46630859375 0.037109375 0.0302734375
9 0.3447265625 0.50244140625 0.044921875 0.0341796875
9 0.3798828125 0.49609375 0.03515625 0.03125
9 0.1572265625 0.67578125 0.03125 0.033203125
9 0.1572265625 0.62109375 0.033203125 0.0390625
9 0.25244140625 0.83056640625 0.0478515625 0.0302734375
9 0.109375 0.9677734375 0.04296875 0.041015625
9 0.3740234375 0.9716796875 0.033203125 0.025390625
9 0.71337890625 0.9384765625 0.0361328125 0.04296875
9 0.51171875 0.439453125 0.046875 0.03515625
11 0.7646484375 0.7939453125 0.0234375 0.025390625
9 0.65380859375 0.759765625 0.0654296875 0.033203125
9 0.51513671875 0.61865234375 0.0322265625 0.0322265625
9 0.734375 0.56982421875 0.0390625 0.0263671875
9 0.734375 0.6044921875 0.03125 0.029296875
9 0.7626953125 0.61181640625 0.025390625 0.0302734375
9 0.77197265625 0.5830078125 0.0361328125 0.0234375
8 0.630859375 0.62939453125 0.08203125 0.0478515625
9 0.5654296875 0.49560546875 0.064453125 0.0576171875
