5 0.158203125 0.123046875 0.1796875 0.244140625
4 0.08447265625 0.28076171875 0.0615234375 0.0791015625
4 0.11279296875 0.263671875 0.0615234375 0.076171875
4 0.021484375 0.2177734375 0.041015625 0.083984375
4 0.06201171875 0.1591796875 0.0927734375 0.115234375
4 0.18115234375 0.11962890625 0.0400390625 0.0498046875
5 0.09228515625 0.2236328125 0.1826171875 0.134765625
4 0.12939453125 0.1318359375 0.0712890625 0.09375
4 0.06103515625 0.298828125 0.0634765625 0.072265625
4 0.005859375 0.01171875 0.009765625 0.021484375
