9 0.01220703125 0.62060546875 0.0224609375 0.0615234375
4 0.93359375 0.05029296875 0.03125 0.0615234375
4 0.8779296875 0.05029296875 0.021484375 0.0419921875
4 0.85888671875 0.0478515625 0.0224609375 0.041015625
4 0.822265625 0.03662109375 0.01953125 0.0380859375
4 0.77978515625 0.03271484375 0.0205078125 0.0419921875
4 0.7685546875 0.02783203125 0.0234375 0.0400390625
4 0.75048828125 0.0263671875 0.0283203125 0.037109375
4 0.736328125 0.0244140625 0.0234375 0.03515625
4 0.18896484375 0.24755859375 0.0302734375 0.0478515625
4 0.33349609375 0.11572265625 0.0361328125 0.0556640625
4 0.2939453125 0.10302734375 0.02734375 0.0498046875
4 0.2587890625 0.09228515625 0.03515625 0.0537109375
4 0.23828125 0.087890625 0.033203125 0.052734375
4 0.2177734375 0.0849609375 0.03515625 0.05859375
4 0.19873046875 0.0791015625 0.0322265625 0.056640625
4 0.18017578125 0.0703125 0.0380859375 0.056640625
5 0.32958984375 0.087890625 0.3115234375 0.173828125
4 0.13818359375 0.181640625 0.0205078125 0.0390625
4 0.154296875 0.18212890625 0.02734375 0.0478515625
4 0.16845703125 0.1904296875 0.0302734375 0.04296875
4 0.18603515625 0.19140625 0.0283203125 0.044921875
4 0.203125 0.19677734375 0.03125 0.0478515625
4 0.2177734375 0.2021484375 0.029296875 0.046875
4 0.23388671875 0.205078125 0.0302734375 0.05078125
4 0.24951171875 0.2119140625 0.0283203125 0.04296875
4 0.2666015625 0.21533203125 0.02734375 0.0458984375
4 0.28173828125 0.22216796875 0.0224609375 0.0400390625
4 0.29931640625 0.2265625 0.0283203125 0.04296875
4 0.31689453125 0.2265625 0.0302734375 0.048828125
4 0.34912109375 0.23681640625 0.0322265625 0.0478515625
4 0.12744140625 0.22412109375 0.0224609375 0.0361328125
4 0.14013671875 0.232421875 0.0244140625 0.04296875
4 0.15771484375 0.234375 0.0244140625 0.037109375
4 0.31396484375 0.11181640625 0.0341796875 0.0615234375
4 0.3515625 0.11962890625 0.033203125 0.0517578125
4 0.3681640625 0.1279296875 0.03515625 0.056640625
4 0.19677734375 0.02099609375 0.0302734375 0.0400390625
4 0.21826171875 0.02294921875 0.0341796875 0.0439453125
4 0.23583984375 0.02685546875 0.0341796875 0.0517578125
4 0.25732421875 0.02880859375 0.0380859375 0.0556640625
4 0.2744140625 0.03271484375 0.033203125 0.0576171875
4 0.31298828125 0.04150390625 0.0400390625 0.0673828125
4 0.35205078125 0.052734375 0.0361328125 0.068359375
4 0.37109375 0.064453125 0.03515625 0.0546875
4 0.41943359375 0.07177734375 0.0380859375 0.0693359375
4 0.44140625 0.08203125 0.03515625 0.064453125
4 0.41015625 0.14013671875 0.02734375 0.0498046875
4 0.390625 0.13525390625 0.03515625 0.0537109375
4 0.17333984375 0.2392578125 0.0263671875 0.04296875
4 0.20751953125 0.2490234375 0.0263671875 0.044921875
4 0.87451171875 0.2900390625 0.0537109375 0.03515625
4 0.82568359375 0.25 0.0537109375 0.03125
4 0.83056640625 0.23388671875 0.0517578125 0.0302734375
4 0.83642578125 0.21728515625 0.0517578125 0.0322265625
4 0.841796875 0.1953125 0.052734375 0.033203125
4 0.84716796875 0.1748046875 0.0498046875 0.033203125
4 0.8564453125 0.15966796875 0.04296875 0.0302734375
4 0.90380859375 0.18212890625 0.0517578125 0.0322265625
4 0.900390625 0.2060546875 0.05859375 0.0390625
4 0.8935546875 0.22998046875 0.05859375 0.0380859375
4 0.88525390625 0.2451171875 0.0498046875 0.029296875
4 0.87890625 0.267578125 0.048828125 0.03125
4 0.86669921875 0.30908203125 0.0498046875 0.0361328125
4 0.22314453125 0.25341796875 0.0263671875 0.0419921875
4 0.8623046875 0.3310546875 0.056640625 0.037109375
4 0.85693359375 0.3486328125 0.0498046875 0.033203125
4 0.849609375 0.369140625 0.05078125 0.033203125
4 0.845703125 0.390625 0.052734375 0.033203125
4 0.8408203125 0.4111328125 0.056640625 0.033203125
4 0.8359375 0.43017578125 0.052734375 0.0302734375
4 0.833984375 0.4501953125 0.056640625 0.033203125
4 0.82666015625 0.470703125 0.0576171875 0.0390625
4 0.81884765625 0.48974609375 0.0537109375 0.0302734375
4 0.81640625 0.5107421875 0.060546875 0.037109375
5 0.830078125 0.33984375 0.21875 0.40234375
4 0.8193359375 0.2685546875 0.0546875 0.03515625
4 0.81640625 0.2861328125 0.048828125 0.029296875
4 0.81103515625 0.3037109375 0.0517578125 0.03125
4 0.80517578125 0.3232421875 0.0517578125 0.03125
4 0.720703125 0.2509765625 0.04296875 0.029296875
4 0.71533203125 0.2646484375 0.0400390625 0.03125
4 0.7119140625 0.28125 0.044921875 0.033203125
4 0.705078125 0.29541015625 0.04296875 0.0283203125
4 0.69873046875 0.31005859375 0.0361328125 0.0224609375
4 0.69873046875 0.3271484375 0.0458984375 0.029296875
4 0.69091796875 0.34375 0.0380859375 0.02734375
4 0.68798828125 0.35986328125 0.0458984375 0.0302734375
4 0.6826171875 0.37353515625 0.041015625 0.0302734375
4 0.67529296875 0.40380859375 0.0419921875 0.0302734375
4 0.66943359375 0.419921875 0.0439453125 0.029296875
4 0.666015625 0.43701171875 0.046875 0.0283203125
4 0.66162109375 0.45263671875 0.0419921875 0.0302734375
5 0.6826171875 0.29150390625 0.2109375 0.3994140625
4 0.76171875 0.49462890625 0.044921875 0.0263671875
4 0.763671875 0.47900390625 0.05078125 0.0283203125
4 0.77197265625 0.4609375 0.0458984375 0.02734375
4 0.77197265625 0.4443359375 0.0537109375 0.02734375
4 0.7783203125 0.42626953125 0.05078125 0.0322265625
4 0.7822265625 0.40771484375 0.048828125 0.0302734375
4 0.79150390625 0.3740234375 0.0537109375 0.03125
4 0.79638671875 0.3564453125 0.0478515625 0.029296875
4 0.802734375 0.34130859375 0.04296875 0.0302734375
4 0.89599609375 0.529296875 0.0302734375 0.025390625
4 0.8046875 0.615234375 0.046875 0.046875
4 0.78662109375 0.6533203125 0.0517578125 0.04296875
4 0.94580078125 0.5146484375 0.0615234375 0.03515625
4 0.953125 0.49658203125 0.064453125 0.0380859375
4 0.958984375 0.4765625 0.0625 0.033203125
4 0.962890625 0.45703125 0.068359375 0.037109375
4 0.97265625 0.439453125 0.0546875 0.03515625
4 0.97412109375 0.41650390625 0.0517578125 0.0341796875
4 0.98046875 0.396484375 0.0390625 0.02734375
4 0.97802734375 0.376953125 0.0439453125 0.03125
4 0.98583984375 0.33203125 0.0283203125 0.02734375
4 0.9892578125 0.31103515625 0.021484375 0.0263671875
4 0.9931640625 0.2900390625 0.013671875 0.021484375
4 0.86474609375 0.70849609375 0.0166015625 0.0322265625
4 0.80859375 0.775390625 0.037109375 0.025390625
4 0.8056640625 0.80029296875 0.0390625 0.0283203125
4 0.86669921875 0.82177734375 0.0283203125 0.0263671875
4 0.89599609375 0.8212890625 0.0419921875 0.03125
4 0.9208984375 0.81396484375 0.04296875 0.0400390625
4 0.95654296875 0.8154296875 0.0439453125 0.033203125
4 0.97998046875 0.810546875 0.0341796875 0.03515625
4 0.94482421875 0.6962890625 0.0205078125 0.044921875
4 0.91796875 0.63232421875 0.021484375 0.0244140625
4 0.9921875 0.61328125 0.013671875 0.02734375
4 0.72607421875 0.23486328125 0.0380859375 0.0263671875
4 0.73583984375 0.20166015625 0.0400390625 0.0244140625
4 0.74267578125 0.18701171875 0.0478515625 0.0283203125
4 0.21337890625 0.3876953125 0.0205078125 0.03125
4 0.18310546875 0.38134765625 0.0224609375 0.0380859375
4 0.1689453125 0.37646484375 0.02734375 0.0380859375
4 0.140625 0.36962890625 0.025390625 0.0361328125
4 0.125 0.365234375 0.021484375 0.03515625
4 0.09814453125 0.35693359375 0.0205078125 0.0341796875
5 0.20849609375 0.36181640625 0.2490234375 0.1513671875
4 0.07177734375 0.42919921875 0.0205078125 0.0322265625
4 0.08544921875 0.43212890625 0.0244140625 0.0380859375
4 0.1015625 0.4365234375 0.029296875 0.037109375
4 0.130859375 0.44580078125 0.0234375 0.0302734375
4 0.14697265625 0.4482421875 0.0263671875 0.037109375
4 0.16064453125 0.453125 0.0263671875 0.03515625
4 0.17431640625 0.45703125 0.0224609375 0.033203125
4 0.205078125 0.4658203125 0.021484375 0.03125
4 0.193359375 0.46875 0.013671875 0.021484375
4 0.22021484375 0.46875 0.0224609375 0.03515625
4 0.2333984375 0.4736328125 0.0234375 0.03125
4 0.25 0.474609375 0.025390625 0.0390625
4 0.263671875 0.47998046875 0.02734375 0.0400390625
4 0.26953125 0.52197265625 0.01953125 0.0283203125
4 0.22509765625 0.5146484375 0.0224609375 0.041015625
4 0.21044921875 0.50830078125 0.0244140625 0.0361328125
4 0.1953125 0.50146484375 0.01953125 0.0302734375
4 0.19873046875 0.38671875 0.0244140625 0.033203125
4 0.22900390625 0.3916015625 0.0224609375 0.03125
4 0.16455078125 0.49658203125 0.0244140625 0.0361328125
4 0.24365234375 0.39599609375 0.0224609375 0.0341796875
4 0.23876953125 0.2568359375 0.0244140625 0.0390625
4 0.25732421875 0.26171875 0.0244140625 0.03515625
4 0.2880859375 0.27197265625 0.025390625 0.0400390625
4 0.30517578125 0.275390625 0.0244140625 0.0390625
4 0.322265625 0.27880859375 0.02734375 0.0419921875
4 0.3369140625 0.28271484375 0.02734375 0.0419921875
5 0.24365234375 0.23583984375 0.2666015625 0.1552734375
4 0.11083984375 0.31201171875 0.0283203125 0.0439453125
4 0.126953125 0.31640625 0.025390625 0.041015625
4 0.1435546875 0.32177734375 0.03125 0.0439453125
4 0.16064453125 0.3271484375 0.0283203125 0.041015625
4 0.193359375 0.337890625 0.02734375 0.0390625
4 0.2099609375 0.3388671875 0.029296875 0.044921875
4 0.2265625 0.34423828125 0.029296875 0.0439453125
4 0.24365234375 0.34912109375 0.0322265625 0.0458984375
4 0.2587890625 0.35595703125 0.02734375 0.0380859375
4 0.27734375 0.35693359375 0.029296875 0.0478515625
4 0.29638671875 0.3623046875 0.0302734375 0.046875
4 0.31005859375 0.365234375 0.0322265625 0.046875
4 0.30224609375 0.412109375 0.0205078125 0.037109375
4 0.287109375 0.41064453125 0.025390625 0.0380859375
4 0.271484375 0.40576171875 0.0234375 0.0361328125
4 0.25830078125 0.39990234375 0.0244140625 0.0341796875
4 0.1787109375 0.50048828125 0.015625 0.0322265625
4 0.1484375 0.49267578125 0.025390625 0.0361328125
4 0.74658203125 0.16943359375 0.0419921875 0.0283203125
4 0.60986328125 0.45361328125 0.0458984375 0.0302734375
4 0.62109375 0.42041015625 0.0390625 0.0263671875
4 0.62646484375 0.40478515625 0.0419921875 0.0302734375
4 0.62841796875 0.3876953125 0.0458984375 0.029296875
4 0.63134765625 0.37353515625 0.0439453125 0.0263671875
4 0.63623046875 0.35498046875 0.0478515625 0.0322265625
4 0.64453125 0.337890625 0.04296875 0.01953125
4 0.6484375 0.3232421875 0.04296875 0.025390625
4 0.65185546875 0.306640625 0.0458984375 0.02734375
4 0.65966796875 0.29150390625 0.0400390625 0.0263671875
4 0.66357421875 0.271484375 0.0419921875 0.0234375
4 0.66845703125 0.25732421875 0.0419921875 0.0244140625
4 0.67333984375 0.2421875 0.0439453125 0.02734375
4 0.67822265625 0.22314453125 0.0458984375 0.0302734375
4 0.68359375 0.20751953125 0.044921875 0.0302734375
4 0.6884765625 0.19091796875 0.044921875 0.0322265625
4 0.6943359375 0.17333984375 0.04296875 0.0263671875
4 0.69921875 0.15869140625 0.041015625 0.0244140625
4 0.703125 0.13916015625 0.044921875 0.0244140625
4 0.708984375 0.1240234375 0.044921875 0.02734375
4 0.71435546875 0.1083984375 0.0419921875 0.0234375
4 0.76123046875 0.12060546875 0.0439453125 0.0263671875
4 0.755859375 0.1357421875 0.044921875 0.029296875
4 0.75341796875 0.15380859375 0.0478515625 0.0283203125
4 0.615234375 0.44091796875 0.041015625 0.0244140625
5 0.55419921875 0.26171875 0.1787109375 0.375
4 0.13330078125 0.48828125 0.0263671875 0.037109375
4 0.5244140625 0.4306640625 0.04296875 0.02734375
4 0.0771484375 0.4697265625 0.017578125 0.029296875
4 0.0634765625 0.46826171875 0.0234375 0.0361328125
5 0.177734375 0.4833984375 0.259765625 0.14453125
4 0.572265625 0.08837890625 0.046875 0.0263671875
4 0.564453125 0.1044921875 0.056640625 0.033203125
4 0.6201171875 0.09765625 0.041015625 0.0234375
4 0.61572265625 0.1123046875 0.0400390625 0.025390625
4 0.61279296875 0.12744140625 0.0419921875 0.0244140625
4 0.6064453125 0.1416015625 0.0390625 0.025390625
4 0.60302734375 0.1572265625 0.0400390625 0.025390625
4 0.59716796875 0.171875 0.0361328125 0.021484375
4 0.58349609375 0.212890625 0.0341796875 0.021484375
4 0.5791015625 0.2275390625 0.03515625 0.025390625
4 0.5703125 0.2578125 0.033203125 0.021484375
4 0.56640625 0.27294921875 0.03515625 0.0205078125
4 0.56396484375 0.287109375 0.0380859375 0.0234375
4 0.55859375 0.3017578125 0.03515625 0.021484375
4 0.54541015625 0.34326171875 0.0361328125 0.0244140625
4 0.5400390625 0.3583984375 0.03515625 0.025390625
4 0.5380859375 0.3740234375 0.037109375 0.0234375
4 0.5322265625 0.38720703125 0.037109375 0.0263671875
4 0.5302734375 0.40234375 0.0390625 0.025390625
4 0.52783203125 0.41748046875 0.0380859375 0.0244140625
