4 0.72509765625 0.74658203125 0.0322265625 0.0361328125
4 0.8017578125 0.62255859375 0.029296875 0.0322265625
4 0.8134765625 0.61474609375 0.033203125 0.0400390625
4 0.8232421875 0.6064453125 0.033203125 0.0390625
4 0.83349609375 0.599609375 0.0302734375 0.03515625
4 0.85107421875 0.58154296875 0.0322265625 0.0361328125
4 0.91748046875 0.6201171875 0.0771484375 0.0859375
4 0.88525390625 0.60693359375 0.0302734375 0.0361328125
4 0.87744140625 0.6142578125 0.0322265625 0.03515625
4 0.86572265625 0.623046875 0.0263671875 0.03515625
4 0.8564453125 0.630859375 0.02734375 0.03515625
4 0.84716796875 0.6396484375 0.0283203125 0.03515625
4 0.8388671875 0.64892578125 0.029296875 0.0380859375
4 0.82861328125 0.65673828125 0.0322265625 0.0419921875
4 0.81982421875 0.6640625 0.0322265625 0.037109375
4 0.80810546875 0.671875 0.0302734375 0.033203125
4 0.80078125 0.6806640625 0.03125 0.03515625
4 0.79052734375 0.68896484375 0.0302734375 0.0341796875
4 0.78125 0.6953125 0.03125 0.03515625
4 0.77294921875 0.705078125 0.0341796875 0.033203125
4 0.75341796875 0.72119140625 0.0341796875 0.0341796875
4 0.7431640625 0.728515625 0.03515625 0.03515625
4 0.79345703125 0.6298828125 0.0341796875 0.037109375
4 0.7861328125 0.6396484375 0.033203125 0.033203125
4 0.775390625 0.64697265625 0.03125 0.0361328125
4 0.60107421875 0.79638671875 0.0380859375 0.0400390625
4 0.662109375 0.6259765625 0.03125 0.03515625
4 0.6552734375 0.6376953125 0.037109375 0.04296875
4 0.64111328125 0.6435546875 0.0322265625 0.037109375
4 0.6337890625 0.65673828125 0.037109375 0.0419921875
4 0.62158203125 0.6640625 0.0361328125 0.0390625
4 0.60888671875 0.6708984375 0.0302734375 0.033203125
4 0.60205078125 0.68310546875 0.0380859375 0.0419921875
4 0.58837890625 0.6904296875 0.0302734375 0.03515625
5 0.66162109375 0.59326171875 0.3583984375 0.3447265625
4 0.61376953125 0.78662109375 0.0341796875 0.0341796875
4 0.71826171875 0.6962890625 0.0263671875 0.029296875
4 0.62451171875 0.7763671875 0.0302734375 0.03515625
4 0.63623046875 0.76953125 0.0322265625 0.03125
4 0.64599609375 0.76171875 0.0302734375 0.03125
4 0.6533203125 0.751953125 0.037109375 0.037109375
4 0.6640625 0.7431640625 0.03125 0.033203125
4 0.67431640625 0.7373046875 0.0322265625 0.033203125
4 0.69140625 0.71923828125 0.033203125 0.0361328125
4 0.7021484375 0.712890625 0.03125 0.033203125
4 0.7109375 0.703125 0.03125 0.033203125
4 0.7353515625 0.736328125 0.033203125 0.03515625
4 0.66796875 0.7919921875 0.03125 0.033203125
4 0.6513671875 0.8125 0.041015625 0.037109375
4 0.6279296875 0.82470703125 0.033203125 0.0341796875
5 0.748046875 0.6982421875 0.337890625 0.3046875
4 0.88623046875 0.779296875 0.0361328125 0.017578125
4 0.92431640625 0.74169921875 0.0224609375 0.0380859375
4 0.98974609375 0.8671875 0.0205078125 0.025390625
11 0.94287109375 0.46142578125 0.0400390625 0.0361328125
9 0.01611328125 0.41064453125 0.0302734375 0.0361328125
9 0.09619140625 0.439453125 0.0595703125 0.05859375
11 0.0380859375 0.51318359375 0.02734375 0.0263671875
4 0.677734375 0.61865234375 0.037109375 0.0419921875
4 0.6875 0.61083984375 0.0390625 0.0419921875
4 0.69775390625 0.60205078125 0.0380859375 0.0419921875
4 0.7080078125 0.5927734375 0.03515625 0.0390625
4 0.56103515625 0.48095703125 0.0322265625 0.0361328125
4 0.5693359375 0.47021484375 0.037109375 0.0419921875
4 0.58056640625 0.46142578125 0.0361328125 0.0400390625
4 0.6015625 0.44189453125 0.037109375 0.0419921875
4 0.6123046875 0.4375 0.03125 0.03515625
4 0.6220703125 0.4287109375 0.03125 0.0390625
4 0.6318359375 0.41455078125 0.0390625 0.0498046875
4 0.66455078125 0.38818359375 0.0400390625 0.0419921875
4 0.67578125 0.3779296875 0.037109375 0.041015625
4 0.68603515625 0.3720703125 0.0341796875 0.03515625
4 0.69873046875 0.36083984375 0.0400390625 0.0439453125
4 0.71142578125 0.35205078125 0.0341796875 0.0400390625
4 0.72021484375 0.34228515625 0.0361328125 0.0400390625
4 0.73095703125 0.333984375 0.0380859375 0.041015625
4 0.76220703125 0.369140625 0.0380859375 0.041015625
4 0.74951171875 0.376953125 0.0341796875 0.03515625
4 0.7529296875 0.4013671875 0.037109375 0.04296875
4 0.7275390625 0.39453125 0.03125 0.037109375
4 0.70751953125 0.41259765625 0.0341796875 0.0361328125
4 0.68505859375 0.43017578125 0.0341796875 0.0322265625
4 0.67529296875 0.44140625 0.0341796875 0.037109375
4 0.5458984375 0.48876953125 0.0390625 0.0419921875
4 0.5380859375 0.501953125 0.03125 0.033203125
4 0.5234375 0.5068359375 0.041015625 0.04296875
4 0.42822265625 0.47607421875 0.0380859375 0.0458984375
4 0.54833984375 0.36865234375 0.0361328125 0.0439453125
4 0.5341796875 0.3779296875 0.029296875 0.037109375
4 0.525390625 0.38916015625 0.0390625 0.0439453125
4 0.501953125 0.40478515625 0.029296875 0.0361328125
4 0.494140625 0.41845703125 0.03515625 0.0439453125
4 0.48388671875 0.42919921875 0.0380859375 0.0458984375
4 0.4716796875 0.43798828125 0.0390625 0.0439453125
4 0.45849609375 0.4443359375 0.0341796875 0.037109375
4 0.4384765625 0.4638671875 0.03515625 0.0390625
4 0.41552734375 0.48388671875 0.0341796875 0.0419921875
4 0.517578125 0.52099609375 0.03125 0.0322265625
5 0.50146484375 0.3798828125 0.4052734375 0.365234375
4 0.42822265625 0.57958984375 0.0595703125 0.0576171875
4 0.44287109375 0.5927734375 0.0517578125 0.05078125
4 0.4580078125 0.61181640625 0.05859375 0.0537109375
4 0.4716796875 0.62890625 0.0625 0.056640625
4 0.4677734375 0.55126953125 0.046875 0.0498046875
4 0.4833984375 0.546875 0.03515625 0.037109375
4 0.4912109375 0.53466796875 0.041015625 0.0439453125
4 0.5029296875 0.52587890625 0.0390625 0.0400390625
4 0.66162109375 0.447265625 0.0322265625 0.03515625
4 0.6533203125 0.4619140625 0.041015625 0.04296875
4 0.64013671875 0.46875 0.0361328125 0.03515625
4 0.7666015625 0.48291015625 0.03515625 0.0380859375
4 0.65625 0.57275390625 0.037109375 0.0439453125
4 0.677734375 0.5556640625 0.037109375 0.041015625
4 0.69140625 0.548828125 0.03125 0.033203125
4 0.70263671875 0.53857421875 0.0322265625 0.0341796875
4 0.71142578125 0.52734375 0.0400390625 0.044921875
4 0.72216796875 0.5185546875 0.0380859375 0.041015625
4 0.73291015625 0.5068359375 0.0400390625 0.04296875
4 0.74462890625 0.4990234375 0.0361328125 0.0390625
4 0.75439453125 0.48828125 0.0380859375 0.04296875
4 0.7783203125 0.47119140625 0.03515625 0.0419921875
4 0.63525390625 0.5927734375 0.0341796875 0.0390625
4 0.791015625 0.46484375 0.029296875 0.03515625
4 0.79833984375 0.453125 0.0341796875 0.041015625
4 0.80517578125 0.50390625 0.0302734375 0.033203125
4 0.798828125 0.515625 0.0390625 0.041015625
4 0.7841796875 0.5224609375 0.03125 0.03515625
4 0.76220703125 0.54296875 0.0341796875 0.0390625
4 0.75048828125 0.55224609375 0.0322265625 0.0361328125
4 0.7421875 0.564453125 0.037109375 0.041015625
4 0.73193359375 0.57568359375 0.0419921875 0.0439453125
4 0.64501953125 0.58447265625 0.0341796875 0.0400390625
4 0.62548828125 0.60205078125 0.0361328125 0.0419921875
4 0.6328125 0.47900390625 0.0390625 0.0400390625
4 0.5234375 0.5732421875 0.037109375 0.04296875
4 0.6181640625 0.48681640625 0.041015625 0.0419921875
4 0.60986328125 0.5 0.0400390625 0.04296875
4 0.59716796875 0.5068359375 0.0341796875 0.0390625
4 0.58740234375 0.51513671875 0.0341796875 0.0400390625
4 0.57568359375 0.5244140625 0.0361328125 0.04296875
4 0.5654296875 0.53466796875 0.033203125 0.0419921875
4 0.55517578125 0.54296875 0.0361328125 0.041015625
4 0.54541015625 0.55322265625 0.0380859375 0.0419921875
4 0.53076171875 0.5595703125 0.0302734375 0.03125
4 0.49755859375 0.58935546875 0.0361328125 0.0400390625
4 0.61474609375 0.6103515625 0.0361328125 0.044921875
5 0.591796875 0.482421875 0.39453125 0.35546875
4 0.53271484375 0.697265625 0.0615234375 0.05859375
4 0.54638671875 0.712890625 0.0634765625 0.056640625
4 0.56298828125 0.732421875 0.0595703125 0.05859375
4 0.55859375 0.65576171875 0.037109375 0.0439453125
4 0.5703125 0.6474609375 0.0390625 0.044921875
4 0.580078125 0.6376953125 0.03515625 0.041015625
4 0.5927734375 0.62939453125 0.037109375 0.0419921875
4 0.603515625 0.61962890625 0.037109375 0.0419921875
4 0.013671875 0.875 0.025390625 0.04296875
4 0.01416015625 0.98046875 0.0263671875 0.0390625
4 0.05517578125 0.8232421875 0.0458984375 0.044921875
9 0.060546875 0.73486328125 0.0390625 0.0419921875
4 0.19384765625 0.6796875 0.0634765625 0.060546875
8 0.08056640625 0.63671875 0.0927734375 0.083984375
8 0.1201171875 0.59814453125 0.08984375 0.0869140625
8 0.1552734375 0.56103515625 0.087890625 0.0849609375
9 0.28466796875 0.80712890625 0.0537109375 0.0322265625
9 0.20654296875 0.87451171875 0.0537109375 0.0556640625
9 0.1630859375 0.9248046875 0.056640625 0.048828125
4 0.58056640625 0.98583984375 0.0517578125 0.0283203125
4 0.564453125 0.978515625 0.048828125 0.04296875
4 0.5498046875 0.96533203125 0.041015625 0.0478515625
4 0.53271484375 0.953125 0.0576171875 0.0546875
5 0.6044921875 0.9404296875 0.197265625 0.119140625
4 0.62109375 0.95849609375 0.044921875 0.0458984375
9 0.1162109375 0.99169921875 0.0390625 0.0166015625
4 0.05078125 0.927734375 0.0546875 0.05078125
4 0.1015625 0.8837890625 0.03515625 0.03515625
4 0.6787109375 0.88720703125 0.037109375 0.0361328125
4 0.71484375 0.9296875 0.03125 0.033203125
5 0.74365234375 0.93212890625 0.1708984375 0.1357421875
4 0.58056640625 0.912109375 0.0537109375 0.052734375
4 0.59521484375 0.9296875 0.0478515625 0.048828125
4 0.603515625 0.947265625 0.041015625 0.0390625
4 0.6611328125 0.9873046875 0.0390625 0.025390625
4 0.55712890625 0.35791015625 0.0283203125 0.0341796875
4 0.5703125 0.3515625 0.03515625 0.04296875
4 0.58837890625 0.33349609375 0.0380859375 0.0419921875
4 0.6025390625 0.32373046875 0.037109375 0.0478515625
4 0.42578125 0.05908203125 0.048828125 0.0517578125
4 0.4052734375 0.22119140625 0.052734375 0.0498046875
4 0.419921875 0.2080078125 0.05078125 0.0546875
4 0.43408203125 0.197265625 0.0498046875 0.0546875
4 0.4501953125 0.181640625 0.052734375 0.056640625
4 0.46826171875 0.16650390625 0.0517578125 0.0517578125
4 0.48486328125 0.1533203125 0.0556640625 0.0546875
4 0.49951171875 0.14013671875 0.0537109375 0.0576171875
4 0.53076171875 0.111328125 0.0478515625 0.056640625
4 0.5498046875 0.09716796875 0.048828125 0.0576171875
4 0.58984375 0.14208984375 0.04296875 0.0537109375
4 0.578125 0.15185546875 0.041015625 0.0478515625
4 0.56640625 0.16455078125 0.046875 0.0537109375
4 0.55322265625 0.17431640625 0.0439453125 0.0498046875
4 0.5390625 0.1826171875 0.0390625 0.046875
4 0.52490234375 0.189453125 0.0322265625 0.041015625
4 0.51708984375 0.205078125 0.0439453125 0.052734375
4 0.50390625 0.21484375 0.04296875 0.048828125
4 0.4892578125 0.22412109375 0.037109375 0.0478515625
4 0.478515625 0.23291015625 0.0390625 0.0478515625
4 0.4677734375 0.24658203125 0.044921875 0.0517578125
4 0.45458984375 0.255859375 0.0400390625 0.048828125
4 0.38720703125 0.23876953125 0.0537109375 0.0556640625
4 0.35498046875 0.26513671875 0.0478515625 0.0556640625
4 0.337890625 0.27880859375 0.05078125 0.0537109375
4 0.2626953125 0.1923828125 0.04296875 0.05078125
4 0.39013671875 0.08935546875 0.0439453125 0.0458984375
4 0.36328125 0.107421875 0.04296875 0.046875
4 0.35009765625 0.11962890625 0.0419921875 0.0498046875
4 0.33740234375 0.13037109375 0.0439453125 0.0517578125
4 0.3271484375 0.14208984375 0.044921875 0.0537109375
4 0.31396484375 0.15185546875 0.0439453125 0.0517578125
4 0.30078125 0.16064453125 0.041015625 0.0517578125
4 0.28857421875 0.171875 0.0400390625 0.048828125
4 0.275390625 0.18310546875 0.04296875 0.0537109375
4 0.25048828125 0.20166015625 0.0439453125 0.0478515625
4 0.322265625 0.2958984375 0.048828125 0.052734375
4 0.21142578125 0.2333984375 0.0380859375 0.046875
4 0.20361328125 0.24658203125 0.0478515625 0.0576171875
5 0.2939453125 0.16064453125 0.435546875 0.3193359375
4 0.228515625 0.3759765625 0.04296875 0.041015625
4 0.240234375 0.36083984375 0.0546875 0.0537109375
4 0.25732421875 0.34765625 0.0517578125 0.052734375
4 0.27197265625 0.33203125 0.0556640625 0.056640625
4 0.2880859375 0.31884765625 0.052734375 0.0556640625
4 0.3046875 0.30859375 0.048828125 0.052734375
4 0.44091796875 0.2666015625 0.0419921875 0.046875
4 0.43212890625 0.27734375 0.0361328125 0.044921875
4 0.4140625 0.2841796875 0.033203125 0.037109375
4 0.60546875 0.25830078125 0.0390625 0.0458984375
4 0.5205078125 0.33544921875 0.03515625 0.0400390625
4 0.52978515625 0.32421875 0.0380859375 0.04296875
4 0.5439453125 0.3193359375 0.02734375 0.029296875
4 0.55224609375 0.3076171875 0.0361328125 0.037109375
4 0.56396484375 0.29638671875 0.0400390625 0.0400390625
4 0.57763671875 0.2919921875 0.0263671875 0.029296875
4 0.5810546875 0.27783203125 0.03515625 0.0419921875
4 0.59619140625 0.283203125 0.0146484375 0.017578125
4 0.59375 0.26806640625 0.037109375 0.0400390625
4 0.61474609375 0.25 0.0380859375 0.04296875
4 0.49658203125 0.35302734375 0.0400390625 0.0458984375
4 0.62548828125 0.24169921875 0.0380859375 0.0439453125
4 0.63720703125 0.2333984375 0.0361328125 0.04296875
4 0.6474609375 0.22314453125 0.03515625 0.0419921875
4 0.66552734375 0.27099609375 0.0380859375 0.0419921875
4 0.65576171875 0.27880859375 0.0361328125 0.0419921875
4 0.64453125 0.287109375 0.03515625 0.041015625
4 0.634765625 0.29638671875 0.037109375 0.0419921875
4 0.62548828125 0.30517578125 0.0361328125 0.0439453125
4 0.61474609375 0.31494140625 0.0341796875 0.0458984375
4 0.5087890625 0.3447265625 0.03515625 0.041015625
4 0.4873046875 0.3623046875 0.03515625 0.0390625
4 0.39111328125 0.30908203125 0.0419921875 0.0498046875
5 0.40673828125 0.25439453125 0.4248046875 0.3818359375
4 0.37939453125 0.32080078125 0.0439453125 0.0498046875
4 0.36572265625 0.3310546875 0.0419921875 0.05078125
4 0.35205078125 0.33984375 0.0380859375 0.04296875
4 0.3369140625 0.3466796875 0.02734375 0.033203125
4 0.3271484375 0.36376953125 0.041015625 0.0498046875
4 0.3134765625 0.375 0.046875 0.048828125
4 0.29052734375 0.39794921875 0.0458984375 0.0478515625
4 0.27685546875 0.4111328125 0.0458984375 0.05078125
4 0.26025390625 0.41650390625 0.0380859375 0.0419921875
4 0.3369140625 0.47314453125 0.072265625 0.0654296875
4 0.47314453125 0.37060546875 0.0380859375 0.0419921875
4 0.353515625 0.49072265625 0.0703125 0.0634765625
4 0.38330078125 0.52685546875 0.0673828125 0.0634765625
4 0.3896484375 0.44677734375 0.0390625 0.0419921875
4 0.4130859375 0.42626953125 0.0390625 0.0419921875
4 0.42578125 0.41845703125 0.033203125 0.0361328125
4 0.43505859375 0.408203125 0.0361328125 0.0390625
4 0.447265625 0.40185546875 0.03125 0.0322265625
4 0.455078125 0.3876953125 0.041015625 0.041015625
4 0.4677734375 0.3818359375 0.03125 0.033203125
4 0.40087890625 0.080078125 0.0478515625 0.048828125
4 0.4404296875 0.04833984375 0.046875 0.0517578125
4 0.4521484375 0.03466796875 0.044921875 0.0478515625
4 0.16357421875 0.01318359375 0.0380859375 0.0244140625
4 0.14111328125 0.02001953125 0.0498046875 0.0380859375
4 0.11962890625 0.0263671875 0.0576171875 0.05078125
4 0.01806640625 0.12109375 0.0341796875 0.05859375
4 0.02197265625 0.0986328125 0.0419921875 0.056640625
4 0.0361328125 0.08837890625 0.060546875 0.0712890625
4 0.05859375 0.07568359375 0.05859375 0.0576171875
4 0.07470703125 0.0595703125 0.0654296875 0.0625
4 0.08740234375 0.04638671875 0.0498046875 0.0498046875
4 0.10400390625 0.0341796875 0.0595703125 0.0625
4 0.27001953125 0.00830078125 0.0263671875 0.0146484375
4 0.25048828125 0.01171875 0.0302734375 0.021484375
4 0.234375 0.01708984375 0.0390625 0.0322265625
4 0.341796875 0.0556640625 0.04296875 0.046875
4 0.2177734375 0.1552734375 0.04296875 0.052734375
4 0.22998046875 0.1455078125 0.0419921875 0.05078125
4 0.2421875 0.1357421875 0.046875 0.05078125
4 0.255859375 0.126953125 0.04296875 0.048828125
4 0.2705078125 0.1181640625 0.0390625 0.044921875
4 0.29052734375 0.0966796875 0.0439453125 0.046875
4 0.302734375 0.08544921875 0.046875 0.0517578125
4 0.31591796875 0.07666015625 0.0458984375 0.0498046875
4 0.32958984375 0.068359375 0.0361328125 0.041015625
4 0.35302734375 0.0439453125 0.0439453125 0.05078125
4 0.19482421875 0.181640625 0.0322265625 0.037109375
4 0.36474609375 0.03125 0.0498046875 0.0546875
4 0.3935546875 0.01904296875 0.037109375 0.0361328125
4 0.40380859375 0.01513671875 0.0419921875 0.0283203125
4 0.42333984375 0.00927734375 0.0322265625 0.0166015625
4 0.49658203125 0.01416015625 0.0341796875 0.0263671875
4 0.48095703125 0.01953125 0.0439453125 0.037109375
4 0.46728515625 0.02587890625 0.0439453125 0.0478515625
4 0.203125 0.1650390625 0.044921875 0.052734375
4 0.17919921875 0.1884765625 0.0439453125 0.046875
4 0.20849609375 0.02880859375 0.0400390625 0.0439453125
4 0.06787109375 0.14892578125 0.0380859375 0.0478515625
4 0.19677734375 0.0400390625 0.0458984375 0.048828125
4 0.18408203125 0.05224609375 0.0458984375 0.0498046875
4 0.16943359375 0.060546875 0.0400390625 0.04296875
4 0.1591796875 0.07373046875 0.046875 0.0517578125
4 0.1474609375 0.0859375 0.044921875 0.05078125
4 0.1318359375 0.09765625 0.044921875 0.046875
4 0.10595703125 0.11572265625 0.0439453125 0.0458984375
4 0.09423828125 0.12744140625 0.0439453125 0.0498046875
4 0.08203125 0.1376953125 0.04296875 0.046875
4 0.05322265625 0.1591796875 0.0380859375 0.046875
4 0.16796875 0.19775390625 0.04296875 0.0458984375
4 0.04150390625 0.17138671875 0.0419921875 0.0517578125
4 0.02685546875 0.18212890625 0.0419921875 0.0517578125
5 0.1416015625 0.095703125 0.28125 0.189453125
4 0.115234375 0.21875 0.072265625 0.064453125
4 0.1357421875 0.23388671875 0.056640625 0.0498046875
4 0.1435546875 0.251953125 0.06640625 0.05859375
4 0.1552734375 0.27294921875 0.0625 0.0537109375
4 0.1767578125 0.28759765625 0.05859375 0.0556640625
