4 0.0322265625 0.5576171875 0.05078125 0.033203125
4 0.0234375 0.5693359375 0.044921875 0.037109375
4 0.01806640625 0.58544921875 0.0341796875 0.0263671875
4 0.01220703125 0.59228515625 0.0224609375 0.0263671875
4 0.009765625 0.64794921875 0.017578125 0.0263671875
4 0.8447265625 0.56005859375 0.046875 0.0595703125
4 0.1025390625 0.4990234375 0.0546875 0.046875
4 0.1142578125 0.4892578125 0.048828125 0.04296875
4 0.134765625 0.478515625 0.060546875 0.04296875
4 0.15380859375 0.44384765625 0.0517578125 0.0439453125
4 0.14501953125 0.671875 0.0439453125 0.052734375
4 0.16845703125 0.65478515625 0.0439453125 0.0439453125
4 0.19482421875 0.61669921875 0.0283203125 0.0283203125
4 0.26513671875 0.5546875 0.0400390625 0.03515625
4 0.25732421875 0.57177734375 0.0400390625 0.0380859375
4 0.01123046875 0.45947265625 0.0205078125 0.0361328125
4 0.017578125 0.46728515625 0.025390625 0.0322265625
4 0.03076171875 0.470703125 0.0263671875 0.033203125
4 0.0390625 0.47607421875 0.025390625 0.0322265625
4 0.0498046875 0.4794921875 0.021484375 0.03125
4 0.2314453125 0.5849609375 0.037109375 0.04296875
4 0.27001953125 0.5380859375 0.0400390625 0.041015625
4 0.3486328125 0.47412109375 0.03515625 0.0400390625
4 0.6962890625 0.7041015625 0.052734375 0.029296875
4 0.6806640625 0.72802734375 0.041015625 0.0244140625
4 0.669921875 0.73974609375 0.046875 0.0302734375
4 0.65087890625 0.7666015625 0.0517578125 0.0390625
4 0.64208984375 0.7880859375 0.0458984375 0.02734375
4 0.63330078125 0.798828125 0.0419921875 0.01953125
4 0.6201171875 0.81201171875 0.0390625 0.0341796875
4 0.61376953125 0.8232421875 0.0439453125 0.025390625
4 0.60888671875 0.8369140625 0.0517578125 0.037109375
9 0.498046875 0.76025390625 0.13671875 0.0986328125
4 0.5966796875 0.8544921875 0.0390625 0.0390625
4 0.583984375 0.865234375 0.033203125 0.03125
4 0.58154296875 0.8779296875 0.0498046875 0.037109375
4 0.57080078125 0.89111328125 0.0439453125 0.0322265625
4 0.56591796875 0.904296875 0.0458984375 0.033203125
4 0.55859375 0.9150390625 0.046875 0.03125
4 0.5517578125 0.9287109375 0.046875 0.03125
4 0.5400390625 0.93701171875 0.044921875 0.0224609375
4 0.53662109375 0.95166015625 0.0478515625 0.0283203125
4 0.5244140625 0.9658203125 0.037109375 0.0390625
4 0.52001953125 0.97998046875 0.0380859375 0.0341796875
4 0.5087890625 0.986328125 0.03515625 0.02734375
4 0.50390625 0.9912109375 0.04296875 0.017578125
4 0.68212890625 0.712890625 0.0458984375 0.029296875
4 0.70166015625 0.67626953125 0.0537109375 0.0322265625
4 0.3349609375 0.4814453125 0.037109375 0.041015625
4 0.69677734375 0.64453125 0.0556640625 0.048828125
4 0.32275390625 0.49365234375 0.0361328125 0.0400390625
4 0.3076171875 0.5078125 0.03125 0.0390625
4 0.2958984375 0.51708984375 0.033203125 0.0380859375
4 0.30078125 0.33544921875 0.0390625 0.0517578125
4 0.271484375 0.31298828125 0.044921875 0.0517578125
4 0.4287109375 0.484375 0.029296875 0.037109375
4 0.44189453125 0.49072265625 0.0322265625 0.0380859375
4 0.455078125 0.49755859375 0.03125 0.0361328125
4 0.47900390625 0.51220703125 0.0341796875 0.0478515625
4 0.4931640625 0.52001953125 0.03515625 0.0458984375
4 0.50830078125 0.525390625 0.0341796875 0.044921875
4 0.52392578125 0.529296875 0.0419921875 0.056640625
4 0.53759765625 0.5380859375 0.0419921875 0.0546875
4 0.55322265625 0.54736328125 0.0439453125 0.0556640625
4 0.5654296875 0.5712890625 0.03125 0.04296875
4 0.58251953125 0.56982421875 0.0400390625 0.0556640625
4 0.5927734375 0.578125 0.03515625 0.04296875
4 0.61181640625 0.58251953125 0.0400390625 0.0576171875
4 0.62353515625 0.5947265625 0.0419921875 0.0546875
4 0.62744140625 0.6103515625 0.0458984375 0.044921875
4 0.6494140625 0.62353515625 0.044921875 0.0595703125
4 0.66650390625 0.6298828125 0.0283203125 0.048828125
4 0.68310546875 0.62939453125 0.0322265625 0.0517578125
4 0.0126953125 0.32861328125 0.0234375 0.0380859375
4 0.02294921875 0.33740234375 0.0439453125 0.0517578125
4 0.03515625 0.34765625 0.03515625 0.04296875
4 0.0498046875 0.35986328125 0.04296875 0.0576171875
4 0.06640625 0.36083984375 0.0390625 0.0478515625
4 0.0791015625 0.373046875 0.044921875 0.0546875
4 0.09521484375 0.37890625 0.0263671875 0.033203125
4 0.1064453125 0.388671875 0.041015625 0.05078125
4 0.1259765625 0.404296875 0.04296875 0.052734375
4 0.86669921875 0.5693359375 0.0478515625 0.052734375
4 0.818359375 0.54052734375 0.05078125 0.0634765625
5 0.89453125 0.943359375 0.2109375 0.11328125
4 0.7451171875 0.8095703125 0.03515625 0.029296875
4 0.72509765625 0.84423828125 0.0341796875 0.0302734375
4 0.7158203125 0.85546875 0.033203125 0.025390625
4 0.6923828125 0.89208984375 0.033203125 0.0263671875
4 0.68701171875 0.90283203125 0.0302734375 0.0205078125
4 0.68017578125 0.916015625 0.0283203125 0.01953125
4 0.64306640625 0.97216796875 0.0380859375 0.0322265625
4 0.63525390625 0.98388671875 0.0400390625 0.0322265625
4 0.9873046875 0.63818359375 0.025390625 0.0419921875
4 0.73681640625 0.82080078125 0.0322265625 0.0283203125
4 0.751953125 0.7998046875 0.037109375 0.0390625
4 0.75830078125 0.78662109375 0.0361328125 0.0302734375
4 0.7998046875 0.53125 0.052734375 0.056640625
4 0.7822265625 0.51904296875 0.048828125 0.0654296875
4 0.732421875 0.494140625 0.041015625 0.052734375
4 0.71533203125 0.4892578125 0.0419921875 0.0546875
4 0.6875 0.47509765625 0.03515625 0.0537109375
4 0.66259765625 0.47265625 0.0439453125 0.0546875
4 0.65087890625 0.4619140625 0.0380859375 0.052734375
4 0.6220703125 0.45654296875 0.037109375 0.0458984375
4 0.60302734375 0.44970703125 0.0322265625 0.0400390625
4 0.54248046875 0.42919921875 0.0244140625 0.0361328125
4 0.55224609375 0.43994140625 0.0341796875 0.0380859375
4 0.57080078125 0.44287109375 0.0322265625 0.0400390625
4 0.849609375 0.62890625 0.037109375 0.0234375
4 0.8369140625 0.6474609375 0.037109375 0.0234375
4 0.826171875 0.65869140625 0.04296875 0.0380859375
4 0.82080078125 0.67529296875 0.0380859375 0.0322265625
4 0.81396484375 0.68994140625 0.0419921875 0.0302734375
4 0.8076171875 0.70458984375 0.029296875 0.0302734375
4 0.79638671875 0.7138671875 0.0439453125 0.037109375
4 0.79150390625 0.73291015625 0.0380859375 0.0283203125
4 0.78466796875 0.7451171875 0.0341796875 0.03125
4 0.7724609375 0.755859375 0.041015625 0.0390625
4 0.76708984375 0.7724609375 0.0341796875 0.041015625
4 0.9521484375 0.84033203125 0.041015625 0.0498046875
4 0.923828125 0.8232421875 0.037109375 0.046875
4 0.8994140625 0.806640625 0.037109375 0.048828125
5 0.9375 0.81640625 0.125 0.158203125
4 0.97900390625 0.98779296875 0.0302734375 0.0244140625
4 0.9453125 0.97802734375 0.037109375 0.0439453125
4 0.931640625 0.97119140625 0.037109375 0.0498046875
4 0.91455078125 0.962890625 0.0322265625 0.04296875
4 0.900390625 0.9560546875 0.03125 0.041015625
4 0.890625 0.9482421875 0.033203125 0.044921875
4 0.87548828125 0.93505859375 0.0400390625 0.0517578125
4 0.86181640625 0.9326171875 0.0283203125 0.04296875
4 0.84765625 0.92431640625 0.03515625 0.0478515625
4 0.81103515625 0.9609375 0.0380859375 0.044921875
4 0.82568359375 0.970703125 0.0380859375 0.046875
4 0.83984375 0.9736328125 0.033203125 0.037109375
4 0.8515625 0.9814453125 0.03125 0.037109375
4 0.8662109375 0.9853515625 0.029296875 0.029296875
4 0.880859375 0.98876953125 0.021484375 0.0224609375
4 0.89697265625 0.99267578125 0.0244140625 0.0146484375
4 0.93701171875 0.8310546875 0.0380859375 0.048828125
4 0.97802734375 0.8603515625 0.0439453125 0.05859375
4 0.98974609375 0.69287109375 0.0205078125 0.0400390625
4 0.9833984375 0.68505859375 0.03125 0.0361328125
4 0.970703125 0.677734375 0.03125 0.04296875
5 0.9716796875 0.66357421875 0.056640625 0.1181640625
4 0.91845703125 0.76416015625 0.0341796875 0.0400390625
4 0.93212890625 0.77001953125 0.0322265625 0.0419921875
4 0.9462890625 0.7763671875 0.033203125 0.04296875
4 0.9599609375 0.7841796875 0.03125 0.041015625
4 0.97509765625 0.79052734375 0.0400390625 0.0458984375
4 0.98291015625 0.8017578125 0.0341796875 0.044921875
4 0.9912109375 0.810546875 0.017578125 0.037109375
