4 0.8544921875 0.25244140625 0.103515625 0.1416015625
4 0.78466796875 0.2177734375 0.1240234375 0.162109375
4 0.74853515625 0.20263671875 0.1064453125 0.1435546875
4 0.79833984375 0.42724609375 0.1240234375 0.1572265625
4 0.76025390625 0.41552734375 0.1298828125 0.1552734375
4 0.7373046875 0.39111328125 0.107421875 0.1435546875
4 0.75927734375 0.31640625 0.0400390625 0.0546875
4 0.6982421875 0.37158203125 0.12890625 0.1728515625
4 0.66650390625 0.34716796875 0.1025390625 0.1494140625
4 0.6552734375 0.5302734375 0.083984375 0.119140625
4 0.6220703125 0.5244140625 0.083984375 0.115234375
4 0.78662109375 0.806640625 0.1005859375 0.12109375
4 0.75830078125 0.787109375 0.1083984375 0.125
4 0.74560546875 0.75244140625 0.0849609375 0.1064453125
4 0.71484375 0.9267578125 0.12109375 0.146484375
4 0.58837890625 0.51513671875 0.1357421875 0.1845703125
4 0.59521484375 0.69482421875 0.0830078125 0.1123046875
4 0.5693359375 0.6728515625 0.099609375 0.13671875
4 0.53564453125 0.66259765625 0.1044921875 0.1396484375
4 0.8203125 0.23779296875 0.1171875 0.1513671875
4 0.85693359375 0.09619140625 0.0595703125 0.0810546875
4 0.87744140625 0.1103515625 0.0712890625 0.09375
4 0.88720703125 0.1357421875 0.0458984375 0.060546875
4 0.50244140625 0.6474609375 0.0908203125 0.126953125
4 0.52880859375 0.896484375 0.0830078125 0.125
4 0.49365234375 0.87158203125 0.1318359375 0.1787109375
4 0.4541015625 0.8515625 0.119140625 0.1640625
4 0.23681640625 0.4208984375 0.0888671875 0.1171875
4 0.35009765625 0.30615234375 0.0693359375 0.0966796875
4 0.32958984375 0.29248046875 0.0810546875 0.1103515625
4 0.30810546875 0.2841796875 0.0869140625 0.111328125
4 0.28564453125 0.26953125 0.0927734375 0.1171875
4 0.38525390625 0.212890625 0.0673828125 0.099609375
4 0.27294921875 0.25634765625 0.0400390625 0.0498046875
4 0.1484375 0.17919921875 0.10546875 0.1474609375
4 0.11328125 0.16259765625 0.103515625 0.1416015625
4 0.01708984375 0.34130859375 0.0322265625 0.0595703125
4 0.04052734375 0.27392578125 0.0751953125 0.1025390625
4 0.27685546875 0.4228515625 0.0986328125 0.12890625
4 0.21435546875 0.5517578125 0.0888671875 0.115234375
4 0.14111328125 0.68505859375 0.0927734375 0.1240234375
4 0.42041015625 0.82421875 0.1591796875 0.22265625
4 0.115234375 0.6640625 0.087890625 0.11328125
4 0.32666015625 0.97998046875 0.0654296875 0.0400390625
