4 0.18310546875 0.650390625 0.0322265625 0.046875
4 0.029296875 0.5498046875 0.05078125 0.025390625
4 0.03955078125 0.498046875 0.0634765625 0.03515625
4 0.0537109375 0.48388671875 0.041015625 0.0263671875
4 0.0966796875 0.478515625 0.0703125 0.0390625
4 0.15966796875 0.515625 0.0439453125 0.015625
4 0.15625 0.5283203125 0.044921875 0.0234375
4 0.150390625 0.5390625 0.046875 0.029296875
4 0.1455078125 0.5595703125 0.044921875 0.021484375
4 0.14453125 0.57763671875 0.029296875 0.0244140625
4 0.1455078125 0.63330078125 0.03125 0.0478515625
4 0.1669921875 0.6416015625 0.03125 0.0546875
4 0.1982421875 0.654296875 0.02734375 0.046875
4 0.212890625 0.67041015625 0.037109375 0.0537109375
4 0.23828125 0.67138671875 0.033203125 0.0458984375
4 0.26123046875 0.67333984375 0.0380859375 0.0498046875
4 0.2841796875 0.68359375 0.044921875 0.0625
4 0.3115234375 0.6904296875 0.03515625 0.048828125
4 0.32763671875 0.70166015625 0.0400390625 0.0615234375
4 0.3505859375 0.70703125 0.044921875 0.0625
4 0.3671875 0.7099609375 0.025390625 0.0390625
4 0.380859375 0.71875 0.025390625 0.048828125
4 0.396484375 0.7314453125 0.033203125 0.048828125
4 0.42724609375 0.66943359375 0.0537109375 0.0400390625
4 0.03564453125 0.56640625 0.0439453125 0.0234375
4 0.0244140625 0.587890625 0.046875 0.025390625
4 0.02734375 0.603515625 0.044921875 0.0234375
4 0.0244140625 0.62060546875 0.046875 0.0263671875
4 0.005859375 0.7958984375 0.009765625 0.021484375
4 0.005859375 0.77783203125 0.009765625 0.0185546875
4 0.00537109375 0.76611328125 0.0087890625 0.0185546875
4 0.00732421875 0.75146484375 0.0126953125 0.0205078125
4 0.00830078125 0.7353515625 0.0146484375 0.017578125
4 0.01123046875 0.72412109375 0.0205078125 0.0244140625
4 0.013671875 0.70751953125 0.025390625 0.0283203125
4 0.0146484375 0.6923828125 0.02734375 0.021484375
4 0.015625 0.669921875 0.029296875 0.017578125
4 0.0185546875 0.65576171875 0.03515625 0.0244140625
4 0.02001953125 0.64111328125 0.0380859375 0.0283203125
4 0.4404296875 0.65087890625 0.0546875 0.0400390625
4 0.44921875 0.6318359375 0.06640625 0.048828125
4 0.45703125 0.60986328125 0.0703125 0.0556640625
4 0.427734375 0.32177734375 0.044921875 0.0302734375
4 0.43603515625 0.29296875 0.0517578125 0.029296875
4 0.43896484375 0.27734375 0.0478515625 0.0234375
4 0.4453125 0.2607421875 0.044921875 0.02734375
4 0.3017578125 0.54541015625 0.052734375 0.0322265625
4 0.30029296875 0.5234375 0.0654296875 0.03515625
4 0.30126953125 0.505859375 0.0751953125 0.03515625
4 0.3046875 0.47802734375 0.083984375 0.0498046875
4 0.30908203125 0.4541015625 0.0908203125 0.060546875
4 0.326171875 0.43115234375 0.076171875 0.0458984375
4 0.33349609375 0.40966796875 0.0712890625 0.0400390625
4 0.35888671875 0.3583984375 0.0537109375 0.03515625
4 0.36572265625 0.34130859375 0.0498046875 0.0283203125
4 0.36767578125 0.32275390625 0.0537109375 0.0283203125
4 0.3720703125 0.3046875 0.052734375 0.021484375
4 0.38427734375 0.296875 0.0400390625 0.025390625
4 0.38720703125 0.2744140625 0.0478515625 0.029296875
4 0.18115234375 0.36376953125 0.0400390625 0.0283203125
4 0.18701171875 0.3515625 0.0380859375 0.029296875
4 0.1943359375 0.337890625 0.04296875 0.03125
4 0.20947265625 0.3017578125 0.0439453125 0.03515625
4 0.27197265625 0.26220703125 0.0361328125 0.0205078125
4 0.4296875 0.306640625 0.044921875 0.02734375
4 0.42431640625 0.33935546875 0.0537109375 0.0380859375
4 0.4716796875 0.58984375 0.076171875 0.041015625
4 0.41748046875 0.35986328125 0.0498046875 0.0341796875
4 0.4765625 0.56787109375 0.072265625 0.0419921875
4 0.49267578125 0.55322265625 0.0537109375 0.0302734375
4 0.490234375 0.529296875 0.0859375 0.04296875
4 0.50048828125 0.51318359375 0.0634765625 0.0341796875
4 0.5107421875 0.4951171875 0.05859375 0.033203125
4 0.49658203125 0.46484375 0.0185546875 0.033203125
4 0.52490234375 0.44677734375 0.0576171875 0.0322265625
4 0.53466796875 0.38671875 0.0517578125 0.02734375
4 0.54736328125 0.3603515625 0.0498046875 0.03515625
4 0.525390625 0.408203125 0.048828125 0.025390625
4 0.3525390625 0.5673828125 0.044921875 0.025390625
4 0.3544921875 0.55029296875 0.0390625 0.0263671875
4 0.36083984375 0.53759765625 0.0439453125 0.0263671875
4 0.3623046875 0.52197265625 0.0390625 0.0205078125
4 0.36865234375 0.5107421875 0.0439453125 0.025390625
4 0.3701171875 0.4912109375 0.03515625 0.0234375
4 0.3779296875 0.47998046875 0.0390625 0.0283203125
4 0.3818359375 0.46337890625 0.04296875 0.0244140625
4 0.38671875 0.44873046875 0.044921875 0.0283203125
4 0.392578125 0.43017578125 0.044921875 0.0302734375
4 0.3984375 0.41259765625 0.044921875 0.0302734375
4 0.40478515625 0.3955078125 0.0439453125 0.033203125
4 0.4111328125 0.3779296875 0.046875 0.037109375
4 0.87890625 0.06689453125 0.044921875 0.0244140625
4 0.87060546875 0.08349609375 0.0341796875 0.0224609375
4 0.86474609375 0.0947265625 0.0322265625 0.017578125
4 0.86279296875 0.10986328125 0.0341796875 0.0224609375
4 0.85888671875 0.1220703125 0.0283203125 0.017578125
4 0.94775390625 0.1748046875 0.0400390625 0.029296875
4 0.9501953125 0.140625 0.052734375 0.03515625
4 0.9599609375 0.12841796875 0.03515625 0.0244140625
4 0.85546875 0.13232421875 0.025390625 0.0224609375
4 0.853515625 0.14404296875 0.02734375 0.0185546875
4 0.8505859375 0.15576171875 0.029296875 0.0185546875
4 0.84716796875 0.1669921875 0.0322265625 0.0234375
4 0.84375 0.17919921875 0.03125 0.0205078125
4 0.94091796875 0.20751953125 0.0380859375 0.0263671875
4 0.9365234375 0.22216796875 0.037109375 0.0263671875
4 0.84326171875 0.18994140625 0.0302734375 0.0185546875
4 0.83740234375 0.201171875 0.0283203125 0.01953125
