4 0.11083984375 0.3876953125 0.0263671875 0.033203125
4 0.0986328125 0.38525390625 0.02734375 0.0341796875
4 0.0888671875 0.37841796875 0.02734375 0.0341796875
4 0.0771484375 0.37939453125 0.03125 0.0361328125
4 0.12841796875 0.421875 0.0361328125 0.02734375
4 0.12451171875 0.4345703125 0.0400390625 0.033203125
4 0.1201171875 0.45947265625 0.03515625 0.0224609375
4 0.1162109375 0.47021484375 0.029296875 0.0263671875
4 0.107421875 0.48046875 0.037109375 0.03125
4 0.10498046875 0.4912109375 0.0341796875 0.025390625
4 0.06494140625 0.42724609375 0.0361328125 0.0205078125
4 0.06396484375 0.43701171875 0.0302734375 0.0166015625
4 0.05712890625 0.4462890625 0.0380859375 0.021484375
4 0.056640625 0.45849609375 0.0390625 0.0244140625
4 0.0517578125 0.4716796875 0.037109375 0.025390625
4 0.0458984375 0.48193359375 0.037109375 0.0283203125
4 0.04052734375 0.49609375 0.0361328125 0.021484375
4 0.03271484375 0.5087890625 0.0380859375 0.03125
4 0.0234375 0.5224609375 0.037109375 0.025390625
4 0.015625 0.53173828125 0.03125 0.0283203125
4 0.01416015625 0.54248046875 0.0263671875 0.0224609375
4 0.0107421875 0.55322265625 0.01953125 0.0224609375
4 0.00927734375 0.56640625 0.0166015625 0.01953125
4 0.00732421875 0.5771484375 0.0126953125 0.013671875
4 0.005859375 0.58837890625 0.009765625 0.0146484375
4 0.01220703125 0.94970703125 0.0224609375 0.0263671875
4 0.0244140625 0.99072265625 0.029296875 0.0185546875
4 0.04833984375 0.9931640625 0.0263671875 0.013671875
4 0.01611328125 0.93603515625 0.0302734375 0.0302734375
4 0.02001953125 0.92236328125 0.0380859375 0.0302734375
4 0.0244140625 0.91015625 0.041015625 0.033203125
4 0.02978515625 0.8955078125 0.0380859375 0.029296875
4 0.033203125 0.6279296875 0.02734375 0.017578125
4 0.02197265625 0.6435546875 0.0361328125 0.0234375
4 0.01123046875 0.6796875 0.0205078125 0.01953125
4 0.24658203125 0.51806640625 0.0361328125 0.0322265625
4 0.23876953125 0.53173828125 0.0361328125 0.0302734375
4 0.201171875 0.59814453125 0.03515625 0.0283203125
4 0.1845703125 0.62353515625 0.037109375 0.0322265625
4 0.171875 0.64990234375 0.033203125 0.0283203125
4 0.1640625 0.662109375 0.0390625 0.03125
4 0.1591796875 0.6767578125 0.046875 0.03515625
4 0.14990234375 0.68603515625 0.0400390625 0.0244140625
4 0.1435546875 0.70263671875 0.033203125 0.0322265625
4 0.1298828125 0.72998046875 0.041015625 0.0322265625
4 0.1181640625 0.73828125 0.03515625 0.0234375
4 0.11279296875 0.7529296875 0.0380859375 0.03125
4 0.1044921875 0.76513671875 0.0390625 0.0322265625
4 0.0966796875 0.779296875 0.0390625 0.033203125
4 0.0908203125 0.78955078125 0.03515625 0.0224609375
4 0.06689453125 0.83154296875 0.0361328125 0.0283203125
4 0.05419921875 0.8583984375 0.0380859375 0.029296875
4 0.03955078125 0.88330078125 0.0419921875 0.0322265625
4 0.21435546875 0.9970703125 0.0146484375 0.005859375
4 0.201171875 0.9931640625 0.01953125 0.013671875
4 0.17919921875 0.98876953125 0.0224609375 0.0224609375
4 0.16650390625 0.98388671875 0.0185546875 0.0322265625
4 0.1455078125 0.97607421875 0.025390625 0.0302734375
4 0.1357421875 0.97216796875 0.025390625 0.0341796875
4 0.10107421875 0.927734375 0.0263671875 0.046875
4 0.12890625 0.9189453125 0.033203125 0.044921875
4 0.03564453125 0.61572265625 0.0322265625 0.0283203125
4 0.0439453125 0.6083984375 0.033203125 0.02734375
4 0.0478515625 0.59814453125 0.02734375 0.0205078125
4 0.05126953125 0.5859375 0.0361328125 0.02734375
4 0.10107421875 0.5029296875 0.0302734375 0.01953125
4 0.0947265625 0.51416015625 0.033203125 0.0224609375
4 0.08984375 0.521484375 0.03515625 0.0234375
4 0.08251953125 0.533203125 0.0302734375 0.025390625
4 0.07275390625 0.54052734375 0.0283203125 0.0244140625
4 0.06640625 0.5537109375 0.0390625 0.025390625
4 0.0615234375 0.56689453125 0.03125 0.0205078125
4 0.05615234375 0.57666015625 0.0380859375 0.0244140625
4 0.15869140625 0.93603515625 0.0322265625 0.0439453125
4 0.1435546875 0.927734375 0.03125 0.041015625
4 0.17529296875 0.94140625 0.0322265625 0.041015625
4 0.18896484375 0.95263671875 0.0283203125 0.0341796875
4 0.71142578125 0.87060546875 0.0439453125 0.0634765625
4 0.47607421875 0.75634765625 0.0439453125 0.0615234375
4 0.49853515625 0.76318359375 0.0537109375 0.0673828125
4 0.51513671875 0.77978515625 0.0380859375 0.0556640625
4 0.53857421875 0.7822265625 0.0517578125 0.0703125
4 0.5546875 0.79296875 0.05078125 0.06640625
4 0.57666015625 0.80419921875 0.0458984375 0.0634765625
4 0.59375 0.81591796875 0.04296875 0.0615234375
4 0.6103515625 0.8232421875 0.048828125 0.060546875
4 0.626953125 0.8388671875 0.0390625 0.0546875
4 0.65234375 0.8408203125 0.044921875 0.064453125
4 0.67041015625 0.85302734375 0.0419921875 0.0576171875
4 0.6865234375 0.677734375 0.037109375 0.06640625
4 0.65869140625 0.66796875 0.0458984375 0.076171875
4 0.63427734375 0.67138671875 0.0478515625 0.0791015625
4 0.60546875 0.669921875 0.04296875 0.0625
4 0.58203125 0.67138671875 0.041015625 0.0595703125
4 0.54931640625 0.66259765625 0.0361328125 0.0595703125
4 0.525390625 0.650390625 0.05078125 0.064453125
4 0.5048828125 0.634765625 0.041015625 0.0546875
4 0.484375 0.630859375 0.056640625 0.0703125
4 0.46484375 0.6171875 0.046875 0.064453125
4 0.44482421875 0.60595703125 0.0517578125 0.0634765625
4 0.42138671875 0.5986328125 0.0458984375 0.072265625
4 0.4541015625 0.75 0.041015625 0.052734375
4 0.4384765625 0.7373046875 0.0390625 0.0546875
4 0.41552734375 0.72998046875 0.0380859375 0.0537109375
4 0.3984375 0.7158203125 0.048828125 0.05859375
4 0.478515625 0.8232421875 0.033203125 0.044921875
4 0.4638671875 0.81494140625 0.033203125 0.0458984375
4 0.447265625 0.80810546875 0.03515625 0.0439453125
4 0.4306640625 0.7998046875 0.033203125 0.044921875
4 0.41845703125 0.79296875 0.0341796875 0.04296875
4 0.40380859375 0.7861328125 0.0341796875 0.044921875
4 0.38818359375 0.77685546875 0.0361328125 0.0478515625
4 0.37060546875 0.76611328125 0.0302734375 0.0361328125
4 0.35498046875 0.76025390625 0.0302734375 0.0400390625
4 0.33984375 0.75341796875 0.037109375 0.0478515625
4 0.32373046875 0.74658203125 0.0361328125 0.0478515625
4 0.31201171875 0.73486328125 0.0302734375 0.0458984375
4 0.298828125 0.72998046875 0.03125 0.0419921875
4 0.28662109375 0.7265625 0.0341796875 0.048828125
4 0.26904296875 0.71923828125 0.0361328125 0.0498046875
4 0.2548828125 0.7109375 0.033203125 0.046875
4 0.24267578125 0.6796875 0.0400390625 0.060546875
4 0.27490234375 0.66259765625 0.0361328125 0.0478515625
4 0.29052734375 0.671875 0.0341796875 0.04296875
4 0.310546875 0.67822265625 0.03515625 0.0537109375
4 0.32421875 0.6884765625 0.029296875 0.04296875
4 0.34375 0.693359375 0.041015625 0.052734375
4 0.36279296875 0.7021484375 0.0380859375 0.052734375
4 0.3935546875 0.58984375 0.05859375 0.06640625
4 0.375 0.5751953125 0.04296875 0.0625
4 0.3544921875 0.5673828125 0.048828125 0.0703125
4 0.98291015625 0.875 0.0341796875 0.056640625
4 0.94287109375 0.9833984375 0.0205078125 0.033203125
4 0.95947265625 0.9814453125 0.0263671875 0.037109375
4 0.974609375 0.98681640625 0.02734375 0.0263671875
4 0.990234375 0.98681640625 0.01953125 0.0263671875
4 0.31591796875 0.5498046875 0.0478515625 0.080078125
5 0.48095703125 0.796875 0.5439453125 0.349609375
4 0.84814453125 0.51708984375 0.0341796875 0.0517578125
4 0.86328125 0.53369140625 0.0390625 0.0595703125
4 0.8857421875 0.53955078125 0.037109375 0.0576171875
4 0.93017578125 0.552734375 0.0400390625 0.05078125
4 0.94921875 0.56884765625 0.03515625 0.0478515625
4 0.8046875 0.5869140625 0.04296875 0.029296875
4 0.81298828125 0.603515625 0.0498046875 0.03125
4 0.82080078125 0.6240234375 0.0458984375 0.029296875
4 0.90234375 0.669921875 0.037109375 0.0234375
4 0.9326171875 0.64697265625 0.056640625 0.0419921875
4 0.49267578125 0.82763671875 0.0302734375 0.0361328125
4 0.505859375 0.8349609375 0.03125 0.0390625
4 0.521484375 0.8447265625 0.03515625 0.04296875
5 0.21435546875 0.9423828125 0.2724609375 0.115234375
4 0.56103515625 0.99462890625 0.0224609375 0.0107421875
4 0.541015625 0.98974609375 0.025390625 0.0205078125
4 0.525390625 0.986328125 0.029296875 0.02734375
4 0.509765625 0.98388671875 0.033203125 0.0322265625
4 0.4931640625 0.9814453125 0.029296875 0.037109375
4 0.4775390625 0.97802734375 0.0390625 0.0439453125
4 0.46484375 0.97314453125 0.03125 0.0439453125
4 0.44970703125 0.9697265625 0.0419921875 0.052734375
4 0.4208984375 0.9482421875 0.03125 0.04296875
4 0.40966796875 0.9423828125 0.0322265625 0.04296875
4 0.39404296875 0.939453125 0.0380859375 0.048828125
4 0.37841796875 0.9326171875 0.0380859375 0.052734375
4 0.3408203125 0.90673828125 0.02734375 0.0380859375
4 0.328125 0.9033203125 0.029296875 0.041015625
4 0.31005859375 0.900390625 0.0419921875 0.05078125
4 0.28955078125 0.88916015625 0.0380859375 0.0498046875
4 0.25927734375 0.87060546875 0.0361328125 0.0498046875
4 0.2119140625 0.9658203125 0.025390625 0.03125
4 0.22900390625 0.97021484375 0.0322265625 0.0400390625
4 0.24072265625 0.978515625 0.0302734375 0.037109375
4 0.2587890625 0.98193359375 0.029296875 0.0361328125
4 0.271484375 0.9892578125 0.025390625 0.021484375
4 0.28857421875 0.9892578125 0.0263671875 0.021484375
4 0.31787109375 0.99560546875 0.0185546875 0.0087890625
4 0.27294921875 0.8759765625 0.0283203125 0.041015625
4 0.2451171875 0.8642578125 0.03125 0.046875
4 0.5341796875 0.8515625 0.025390625 0.044921875
4 0.4716796875 0.92578125 0.02734375 0.037109375
4 0.50146484375 0.93408203125 0.0322265625 0.0439453125
4 0.52490234375 0.94775390625 0.0302734375 0.0380859375
4 0.53857421875 0.95166015625 0.0322265625 0.0458984375
4 0.55029296875 0.95751953125 0.0322265625 0.0419921875
4 0.56396484375 0.962890625 0.0322265625 0.041015625
4 0.57470703125 0.97265625 0.0263671875 0.033203125
4 0.58935546875 0.98095703125 0.0224609375 0.0322265625
4 0.6181640625 0.98486328125 0.029296875 0.0302734375
4 0.63232421875 0.9912109375 0.0185546875 0.017578125
4 0.646484375 0.99072265625 0.021484375 0.0185546875
5 0.4091796875 0.8740234375 0.5546875 0.251953125
4 0.6923828125 0.9326171875 0.03515625 0.056640625
4 0.6728515625 0.921875 0.037109375 0.05078125
4 0.66064453125 0.9111328125 0.0341796875 0.046875
4 0.6455078125 0.90283203125 0.029296875 0.0458984375
4 0.61181640625 0.892578125 0.0341796875 0.048828125
4 0.59716796875 0.87841796875 0.0322265625 0.0419921875
4 0.57958984375 0.8720703125 0.0341796875 0.04296875
4 0.5634765625 0.86572265625 0.03515625 0.0458984375
4 0.54931640625 0.8583984375 0.0341796875 0.046875
4 0.4873046875 0.92578125 0.03125 0.04296875
4 0.46435546875 0.916015625 0.0283203125 0.0390625
4 0.23193359375 0.857421875 0.0283203125 0.044921875
4 0.44775390625 0.9111328125 0.0283203125 0.041015625
4 0.2197265625 0.84814453125 0.033203125 0.0439453125
4 0.205078125 0.8427734375 0.03515625 0.046875
4 0.19384765625 0.83642578125 0.0302734375 0.0419921875
4 0.1796875 0.8291015625 0.02734375 0.046875
4 0.17138671875 0.79736328125 0.0458984375 0.0576171875
4 0.20263671875 0.78369140625 0.0341796875 0.0400390625
4 0.21630859375 0.79150390625 0.0302734375 0.0419921875
4 0.23046875 0.79638671875 0.037109375 0.0458984375
4 0.259765625 0.81201171875 0.041015625 0.0498046875
4 0.2734375 0.81884765625 0.03125 0.0419921875
4 0.28759765625 0.8232421875 0.0341796875 0.046875
4 0.30078125 0.83251953125 0.03515625 0.0498046875
4 0.31494140625 0.837890625 0.0361328125 0.048828125
4 0.3271484375 0.84814453125 0.03125 0.0439453125
4 0.34375 0.8564453125 0.03125 0.04296875
4 0.353515625 0.8662109375 0.02734375 0.03515625
4 0.36572265625 0.87109375 0.0302734375 0.037109375
4 0.37841796875 0.87646484375 0.0263671875 0.0361328125
4 0.3916015625 0.8818359375 0.033203125 0.044921875
4 0.40185546875 0.888671875 0.0302734375 0.03515625
4 0.4150390625 0.8955078125 0.02734375 0.03515625
4 0.42578125 0.90087890625 0.025390625 0.0341796875
4 0.4375 0.90478515625 0.033203125 0.0419921875
5 0.96337890625 0.9814453125 0.0732421875 0.037109375
