4 0.017578125 0.55859375 0.033203125 0.041015625
4 0.0068359375 0.56982421875 0.01171875 0.0244140625
4 0.3583984375 0.78857421875 0.052734375 0.0361328125
4 0.56884765625 0.7197265625 0.0888671875 0.06640625
4 0.54345703125 0.79052734375 0.0712890625 0.0498046875
4 0.54052734375 0.8310546875 0.0380859375 0.029296875
4 0.5302734375 0.84765625 0.0390625 0.02734375
4 0.40380859375 0.8515625 0.0810546875 0.052734375
4 0.384765625 0.7412109375 0.04296875 0.03125
4 0.39111328125 0.7236328125 0.0478515625 0.037109375
4 0.39990234375 0.7060546875 0.0498046875 0.0390625
4 0.44677734375 0.728515625 0.0556640625 0.03515625
4 0.4423828125 0.74658203125 0.0546875 0.0419921875
4 0.43408203125 0.76904296875 0.0634765625 0.0400390625
4 0.42529296875 0.78759765625 0.0634765625 0.0458984375
4 0.4130859375 0.80712890625 0.060546875 0.0419921875
4 0.404296875 0.8251953125 0.056640625 0.0390625
4 0.39501953125 0.87109375 0.0771484375 0.056640625
4 0.48046875 0.94287109375 0.052734375 0.0419921875
4 0.38427734375 0.89306640625 0.0791015625 0.0556640625
4 0.37548828125 0.91064453125 0.0791015625 0.0537109375
4 0.3662109375 0.93115234375 0.076171875 0.0478515625
4 0.34521484375 0.9443359375 0.0517578125 0.04296875
4 0.33740234375 0.96728515625 0.0576171875 0.0419921875
5 0.34228515625 0.8427734375 0.2744140625 0.314453125
4 0.466796875 0.970703125 0.052734375 0.037109375
4 0.9189453125 0.826171875 0.04296875 0.03125
4 0.9228515625 0.80224609375 0.046875 0.0302734375
4 0.92822265625 0.7890625 0.0400390625 0.033203125
4 0.935546875 0.77734375 0.0390625 0.03125
4 0.94189453125 0.7666015625 0.0341796875 0.02734375
4 0.95166015625 0.75732421875 0.0361328125 0.0283203125
4 0.95458984375 0.7353515625 0.0478515625 0.017578125
4 0.95849609375 0.72265625 0.0380859375 0.0234375
4 0.96337890625 0.7109375 0.0302734375 0.01953125
4 0.91357421875 0.85693359375 0.0283203125 0.0185546875
4 0.47314453125 0.138671875 0.0244140625 0.03125
4 0.91650390625 0.8447265625 0.0322265625 0.021484375
4 0.900390625 0.8681640625 0.03125 0.01953125
4 0.9443359375 0.99169921875 0.0390625 0.0166015625
4 0.958984375 0.97607421875 0.0390625 0.0322265625
4 0.884765625 0.8720703125 0.0390625 0.033203125
4 0.96142578125 0.95166015625 0.0478515625 0.0380859375
4 0.865234375 0.95458984375 0.041015625 0.0244140625
4 0.87158203125 0.94189453125 0.0341796875 0.0283203125
4 0.87744140625 0.92431640625 0.0439453125 0.0341796875
4 0.88427734375 0.90771484375 0.0380859375 0.0244140625
4 0.88330078125 0.8896484375 0.0419921875 0.02734375
4 0.37158203125 0.7529296875 0.0556640625 0.037109375
4 0.35009765625 0.8076171875 0.0517578125 0.0390625
4 0.34033203125 0.82470703125 0.0517578125 0.0361328125
4 0.2255859375 0.61328125 0.02734375 0.02734375
4 0.23974609375 0.591796875 0.0361328125 0.03125
4 0.326171875 0.54931640625 0.04296875 0.0478515625
4 0.38623046875 0.529296875 0.0634765625 0.07421875
4 0.51220703125 0.60791015625 0.0556640625 0.0654296875
4 0.1630859375 0.91552734375 0.041015625 0.0361328125
4 0.26513671875 0.76171875 0.0400390625 0.033203125
4 0.25732421875 0.7802734375 0.0478515625 0.0390625
4 0.244140625 0.7939453125 0.0390625 0.033203125
4 0.23779296875 0.8125 0.0498046875 0.048828125
4 0.2236328125 0.82373046875 0.041015625 0.0322265625
4 0.20068359375 0.853515625 0.0380859375 0.03125
4 0.197265625 0.86962890625 0.046875 0.0400390625
4 0.1826171875 0.8837890625 0.0390625 0.033203125
4 0.1708984375 0.9013671875 0.041015625 0.03125
4 0.15087890625 0.92822265625 0.0400390625 0.0361328125
4 0.28759765625 0.73095703125 0.0400390625 0.0361328125
5 0.20263671875 0.80322265625 0.2568359375 0.3251953125
4 0.251953125 0.986328125 0.05859375 0.02734375
4 0.2734375 0.98193359375 0.037109375 0.0283203125
4 0.2646484375 0.953125 0.080078125 0.05859375
4 0.2841796875 0.94140625 0.060546875 0.041015625
4 0.28369140625 0.916015625 0.0810546875 0.0546875
4 0.2978515625 0.8955078125 0.072265625 0.044921875
4 0.3095703125 0.876953125 0.06640625 0.046875
4 0.3212890625 0.85546875 0.064453125 0.052734375
4 0.279296875 0.74853515625 0.05078125 0.0380859375
4 0.2998046875 0.716796875 0.044921875 0.037109375
4 0.142578125 0.6748046875 0.033203125 0.03125
4 0.12255859375 0.88720703125 0.0458984375 0.0361328125
4 0.12060546875 0.70458984375 0.0361328125 0.0341796875
4 0.109375 0.71923828125 0.03125 0.0283203125
4 0.10693359375 0.7392578125 0.0517578125 0.04296875
4 0.09423828125 0.751953125 0.0439453125 0.0390625
4 0.0810546875 0.76318359375 0.037109375 0.0322265625
4 0.0673828125 0.79248046875 0.044921875 0.0419921875
4 0.046875 0.8212890625 0.05078125 0.044921875
4 0.03125 0.83056640625 0.03515625 0.0322265625
5 0.08349609375 0.75830078125 0.1650390625 0.2177734375
4 0.13330078125 0.86767578125 0.0478515625 0.0380859375
4 0.24365234375 0.67724609375 0.0751953125 0.0673828125
4 0.14306640625 0.85205078125 0.0498046875 0.0419921875
4 0.15087890625 0.837890625 0.0537109375 0.044921875
4 0.1708984375 0.80908203125 0.0546875 0.0458984375
4 0.18115234375 0.79541015625 0.0498046875 0.0419921875
4 0.19189453125 0.77783203125 0.0537109375 0.0458984375
4 0.21240234375 0.74853515625 0.0498046875 0.0419921875
4 0.22705078125 0.73681640625 0.0361328125 0.0380859375
4 0.2333984375 0.7236328125 0.052734375 0.041015625
4 0.23974609375 0.70263671875 0.0595703125 0.0517578125
