9 0.8505859375 0.3623046875 0.033203125 0.037109375
9 0.65673828125 0.27197265625 0.0419921875 0.0380859375
9 0.71044921875 0.22119140625 0.0439453125 0.0478515625
9 0.77294921875 0.1630859375 0.0361328125 0.0390625
9 0.80419921875 0.12109375 0.0419921875 0.04296875
9 0.85693359375 0.06591796875 0.0478515625 0.0576171875
9 0.91650390625 0.01318359375 0.0400390625 0.0244140625
4 0.06298828125 0.21826171875 0.0302734375 0.0341796875
9 0.69140625 0.515625 0.0390625 0.03515625
4 0.083984375 0.22412109375 0.048828125 0.0498046875
4 0.08447265625 0.24560546875 0.0205078125 0.0263671875
4 0.119140625 0.27099609375 0.0390625 0.0419921875
4 0.169921875 0.248046875 0.05078125 0.046875
4 0.18505859375 0.2353515625 0.0283203125 0.029296875
9 0.79296875 0.41748046875 0.03125 0.0341796875
9 0.64404296875 0.55908203125 0.0380859375 0.0400390625
9 0.58056640625 0.6494140625 0.0419921875 0.03515625
9 0.47900390625 0.70166015625 0.0458984375 0.0322265625
9 0.5166015625 0.80322265625 0.056640625 0.0498046875
4 0.072265625 0.01513671875 0.044921875 0.0283203125
4 0.166015625 0.01953125 0.052734375 0.037109375
9 0.271484375 0.01953125 0.041015625 0.037109375
9 0.4677734375 0.9736328125 0.04296875 0.041015625
9 0.1943359375 0.10791015625 0.0390625 0.0380859375
9 0.48193359375 0.44482421875 0.0361328125 0.0361328125
9 0.50390625 0.4228515625 0.0390625 0.0390625
9 0.33251953125 0.61279296875 0.0283203125 0.0322265625
9 0.265625 0.7119140625 0.048828125 0.03125
9 0.212890625 0.794921875 0.037109375 0.052734375
9 0.18505859375 0.85791015625 0.0341796875 0.0439453125
11 0.3603515625 0.8427734375 0.033203125 0.03125
9 0.28564453125 0.939453125 0.0400390625 0.029296875
9 0.244140625 0.0537109375 0.0625 0.05859375
4 0.83447265625 0.78125 0.0224609375 0.03515625
9 0.90673828125 0.63037109375 0.0419921875 0.0439453125
4 0.89697265625 0.9306640625 0.0322265625 0.05859375
4 0.91015625 0.94873046875 0.02734375 0.0380859375
4 0.9306640625 0.9423828125 0.025390625 0.048828125
4 0.96337890625 0.95751953125 0.0263671875 0.0419921875
9 0.7841796875 0.81494140625 0.041015625 0.0576171875
4 0.8798828125 0.92236328125 0.03125 0.0654296875
4 0.8447265625 0.9150390625 0.033203125 0.060546875
9 0.75048828125 0.91064453125 0.0341796875 0.0439453125
4 0.8095703125 0.9248046875 0.01953125 0.02734375
