4 0.7734375 0.03173828125 0.07421875 0.0615234375
4 0.73681640625 0.02294921875 0.0654296875 0.0439453125
4 0.71142578125 0.13037109375 0.1279296875 0.1630859375
4 0.60693359375 0.33154296875 0.0654296875 0.1240234375
4 0.52880859375 0.091796875 0.0830078125 0.125
4 0.49267578125 0.07861328125 0.1298828125 0.1552734375
4 0.44873046875 0.06494140625 0.1083984375 0.1279296875
4 0.38525390625 0.7373046875 0.1005859375 0.1328125
4 0.4013671875 0.06591796875 0.12109375 0.1298828125
4 0.25634765625 0.9677734375 0.0693359375 0.064453125
4 0.21728515625 0.958984375 0.0869140625 0.08203125
4 0.1787109375 0.95068359375 0.08984375 0.0986328125
4 0.31005859375 0.8779296875 0.1044921875 0.138671875
4 0.2841796875 0.8583984375 0.0859375 0.107421875
4 0.140625 0.52734375 0.109375 0.142578125
4 0.24267578125 0.35205078125 0.1337890625 0.1845703125
4 0.28173828125 0.3671875 0.1044921875 0.138671875
4 0.306640625 0.2177734375 0.10546875 0.125
