4 0.16455078125 0.005859375 0.0205078125 0.009765625
4 0.146484375 0.00732421875 0.021484375 0.0126953125
4 0.12939453125 0.0263671875 0.0400390625 0.044921875
4 0.10595703125 0.04443359375 0.0478515625 0.0478515625
4 0.1015625 0.0556640625 0.029296875 0.03125
4 0.08154296875 0.08056640625 0.0478515625 0.0419921875
4 0.134765625 0.1748046875 0.046875 0.046875
4 0.15380859375 0.15283203125 0.0458984375 0.0478515625
4 0.1806640625 0.13720703125 0.02734375 0.0263671875
4 0.19580078125 0.11474609375 0.0439453125 0.0458984375
4 0.21337890625 0.0927734375 0.0458984375 0.044921875
4 0.22998046875 0.0888671875 0.0302734375 0.03125
4 0.24951171875 0.04931640625 0.0537109375 0.0498046875
4 0.28173828125 0.03271484375 0.0263671875 0.0283203125
9 0.77294921875 0.9677734375 0.0361328125 0.0390625
9 0.80419921875 0.92578125 0.0419921875 0.04296875
9 0.85693359375 0.87060546875 0.0478515625 0.0576171875
9 0.9169921875 0.8095703125 0.041015625 0.041015625
4 0.9599609375 0.5810546875 0.02734375 0.025390625
4 0.984375 0.57861328125 0.03125 0.0361328125
4 0.98974609375 0.59228515625 0.0205078125 0.0322265625
4 0.60595703125 0.2587890625 0.0439453125 0.044921875
4 0.6142578125 0.24609375 0.025390625 0.02734375
4 0.62158203125 0.23095703125 0.0224609375 0.0263671875
4 0.6396484375 0.22607421875 0.044921875 0.0458984375
4 0.65380859375 0.21435546875 0.0556640625 0.0517578125
4 0.70166015625 0.18115234375 0.0693359375 0.0673828125
9 0.63720703125 0.1416015625 0.0576171875 0.05859375
9 0.712890625 0.0732421875 0.06640625 0.06640625
4 0.78955078125 0.0888671875 0.0830078125 0.080078125
4 0.8046875 0.18505859375 0.0546875 0.0576171875
4 0.7470703125 0.14111328125 0.025390625 0.0263671875
4 0.85986328125 0.02099609375 0.0458984375 0.0400390625
9 0.9677734375 0.1201171875 0.056640625 0.048828125
4 0.5859375 0.27783203125 0.041015625 0.0439453125
4 0.57373046875 0.28564453125 0.0380859375 0.0380859375
4 0.56396484375 0.29736328125 0.0400390625 0.0419921875
4 0.4345703125 0.55126953125 0.044921875 0.0439453125
4 0.07470703125 0.81005859375 0.0498046875 0.0478515625
4 0.17431640625 0.71044921875 0.0458984375 0.0478515625
4 0.173828125 0.80859375 0.068359375 0.068359375
4 0.22998046875 0.65576171875 0.0771484375 0.0791015625
4 0.33203125 0.65625 0.056640625 0.05859375
4 0.3837890625 0.60009765625 0.052734375 0.0537109375
4 0.33349609375 0.5537109375 0.0498046875 0.052734375
4 0.5126953125 0.51220703125 0.060546875 0.0595703125
4 0.5498046875 0.302734375 0.029296875 0.029296875
4 0.40234375 0.43994140625 0.03125 0.0322265625
4 0.4169921875 0.43505859375 0.037109375 0.0400390625
4 0.4453125 0.3974609375 0.03125 0.037109375
4 0.47314453125 0.3857421875 0.0322265625 0.03125
4 0.4873046875 0.36376953125 0.033203125 0.0322265625
4 0.5 0.35302734375 0.041015625 0.0380859375
4 0.5029296875 0.33837890625 0.0234375 0.0244140625
4 0.53173828125 0.32470703125 0.0341796875 0.0400390625
4 0.54736328125 0.31787109375 0.0439453125 0.0439453125
9 0.521484375 0.59130859375 0.046875 0.0498046875
9 0.54345703125 0.57421875 0.0380859375 0.041015625
9 0.78173828125 0.29443359375 0.0380859375 0.0400390625
9 0.85302734375 0.2265625 0.0458984375 0.04296875
9 0.92138671875 0.20068359375 0.0419921875 0.0439453125
4 0.85546875 0.123046875 0.0546875 0.05078125
4 0.90625 0.0791015625 0.03515625 0.03515625
9 0.271484375 0.82275390625 0.041015625 0.0400390625
9 0.1943359375 0.91259765625 0.0390625 0.0380859375
9 0.244140625 0.8583984375 0.0625 0.05859375
9 0.42236328125 0.6533203125 0.0537109375 0.044921875
9 0.36865234375 0.7353515625 0.0654296875 0.064453125
9 0.416015625 0.0107421875 0.03515625 0.01953125
9 0.36328125 0.05078125 0.044921875 0.037109375
9 0.333984375 0.44921875 0.08984375 0.08984375
9 0.28662109375 0.51220703125 0.0380859375 0.0380859375
9 0.21826171875 0.564453125 0.0498046875 0.048828125
9 0.16162109375 0.61279296875 0.0498046875 0.0458984375
9 0.11669921875 0.64501953125 0.0595703125 0.0498046875
9 0.08251953125 0.70947265625 0.0673828125 0.0634765625
9 0.6142578125 0.52294921875 0.044921875 0.0478515625
