4 0.02978515625 0.2138671875 0.0322265625 0.017578125
4 0.02587890625 0.193359375 0.0380859375 0.0234375
4 0.02294921875 0.17236328125 0.0400390625 0.0244140625
4 0.017578125 0.15234375 0.029296875 0.015625
4 0.015625 0.12890625 0.029296875 0.017578125
4 0.01513671875 0.11279296875 0.0283203125 0.0166015625
4 0.0166015625 0.0927734375 0.03125 0.017578125
4 0.009765625 0.048828125 0.017578125 0.015625
4 0.30078125 0.65087890625 0.02734375 0.0439453125
4 0.03662109375 0.02880859375 0.0185546875 0.0341796875
4 0.05419921875 0.03369140625 0.0185546875 0.0400390625
4 0.076171875 0.02978515625 0.0234375 0.0498046875
4 0.09521484375 0.0322265625 0.0185546875 0.0390625
4 0.0478515625 0.2509765625 0.01953125 0.037109375
4 0.0634765625 0.2587890625 0.025390625 0.033203125
4 0.07275390625 0.263671875 0.0205078125 0.03125
4 0.087890625 0.27392578125 0.0234375 0.0400390625
4 0.01220703125 0.45458984375 0.0224609375 0.0380859375
4 0.02099609375 0.45849609375 0.0244140625 0.0361328125
4 0.04150390625 0.46630859375 0.0263671875 0.0400390625
4 0.0615234375 0.46923828125 0.025390625 0.0419921875
4 0.07568359375 0.474609375 0.0283203125 0.04296875
4 0.15234375 0.5009765625 0.041015625 0.025390625
4 0.16357421875 0.47998046875 0.0419921875 0.0302734375
4 0.166015625 0.4658203125 0.0390625 0.02734375
4 0.17626953125 0.4375 0.0478515625 0.03125
4 0.18505859375 0.419921875 0.0400390625 0.015625
4 0.1884765625 0.404296875 0.0390625 0.01953125
4 0.19189453125 0.38916015625 0.0419921875 0.0244140625
4 0.19287109375 0.37353515625 0.0400390625 0.0205078125
4 0.19970703125 0.3525390625 0.0419921875 0.015625
4 0.1982421875 0.3349609375 0.044921875 0.02734375
4 0.193359375 0.31640625 0.04296875 0.041015625
4 0.16845703125 0.30615234375 0.0341796875 0.0400390625
4 0.1181640625 0.28369140625 0.021484375 0.0400390625
4 0.1015625 0.28369140625 0.0234375 0.0439453125
4 0.115234375 0.03173828125 0.015625 0.0400390625
4 0.13134765625 0.04052734375 0.0166015625 0.0322265625
4 0.1513671875 0.03857421875 0.015625 0.0380859375
4 0.31787109375 0.23095703125 0.0478515625 0.0224609375
4 0.3115234375 0.263671875 0.05078125 0.017578125
4 0.30908203125 0.28125 0.0478515625 0.02734375
4 0.31298828125 0.29736328125 0.0419921875 0.0205078125
4 0.30419921875 0.31396484375 0.0517578125 0.0263671875
4 0.29931640625 0.3310546875 0.0517578125 0.029296875
4 0.2998046875 0.349609375 0.046875 0.02734375
4 0.29736328125 0.3671875 0.0458984375 0.0234375
4 0.296875 0.384765625 0.04296875 0.0234375
4 0.29248046875 0.40087890625 0.0400390625 0.0185546875
4 0.291015625 0.41845703125 0.052734375 0.0283203125
4 0.28759765625 0.43408203125 0.0498046875 0.0283203125
4 0.28271484375 0.44970703125 0.0517578125 0.0283203125
4 0.279296875 0.46826171875 0.052734375 0.0185546875
4 0.2822265625 0.48193359375 0.044921875 0.0283203125
4 0.2763671875 0.50048828125 0.044921875 0.0185546875
4 0.27392578125 0.5166015625 0.0458984375 0.01953125
4 0.2705078125 0.5341796875 0.044921875 0.021484375
4 0.27001953125 0.55224609375 0.0478515625 0.0283203125
4 0.26806640625 0.5693359375 0.0458984375 0.025390625
4 0.26318359375 0.5869140625 0.0517578125 0.02734375
4 0.26416015625 0.60498046875 0.0478515625 0.0283203125
4 0.24853515625 0.6435546875 0.0380859375 0.068359375
4 0.2685546875 0.63916015625 0.025390625 0.0439453125
4 0.31591796875 0.24853515625 0.0498046875 0.0263671875
4 0.31640625 0.212890625 0.052734375 0.0234375
4 0.1669921875 0.037109375 0.015625 0.03515625
4 0.318359375 0.19580078125 0.052734375 0.0224609375
4 0.20751953125 0.046875 0.0224609375 0.05078125
4 0.22314453125 0.05517578125 0.0185546875 0.0380859375
4 0.2412109375 0.056640625 0.01953125 0.052734375
4 0.267578125 0.0546875 0.029296875 0.048828125
4 0.07275390625 0.134765625 0.0166015625 0.037109375
4 0.09228515625 0.13818359375 0.0166015625 0.0419921875
4 0.11572265625 0.138671875 0.0205078125 0.037109375
4 0.14111328125 0.14599609375 0.0185546875 0.0380859375
4 0.1591796875 0.1494140625 0.0234375 0.0390625
4 0.1748046875 0.150390625 0.021484375 0.037109375
4 0.2138671875 0.15087890625 0.015625 0.0458984375
4 0.23681640625 0.1494140625 0.0244140625 0.046875
4 0.09716796875 0.1884765625 0.0185546875 0.044921875
4 0.111328125 0.19287109375 0.021484375 0.0341796875
4 0.146484375 0.1904296875 0.01953125 0.03515625
4 0.16552734375 0.1962890625 0.0263671875 0.037109375
4 0.18603515625 0.19970703125 0.0166015625 0.0439453125
4 0.208984375 0.1962890625 0.017578125 0.04296875
4 0.23583984375 0.20556640625 0.0205078125 0.0419921875
4 0.3271484375 0.125 0.05859375 0.03125
4 0.32470703125 0.146484375 0.0517578125 0.0234375
4 0.32275390625 0.16259765625 0.0537109375 0.0263671875
4 0.32177734375 0.17578125 0.0537109375 0.02734375
4 0.02783203125 0.56005859375 0.0341796875 0.0458984375
4 0.06103515625 0.5712890625 0.0341796875 0.044921875
4 0.02587890625 0.6123046875 0.0166015625 0.037109375
4 0.0361328125 0.61083984375 0.017578125 0.0224609375
4 0.08203125 0.5693359375 0.03515625 0.052734375
4 0.05859375 0.619140625 0.015625 0.03125
4 0.0703125 0.623046875 0.021484375 0.03125
4 0.10693359375 0.58203125 0.0283203125 0.05078125
4 0.109375 0.63037109375 0.021484375 0.0341796875
4 0.1220703125 0.587890625 0.029296875 0.048828125
4 0.15087890625 0.59033203125 0.0302734375 0.0458984375
4 0.17041015625 0.59130859375 0.0205078125 0.0419921875
4 0.19775390625 0.59814453125 0.0400390625 0.0556640625
4 0.12548828125 0.6318359375 0.0224609375 0.033203125
4 0.14208984375 0.63525390625 0.0244140625 0.0322265625
4 0.171875 0.6494140625 0.0234375 0.03125
4 0.041015625 0.5654296875 0.029296875 0.041015625
4 0.0107421875 0.607421875 0.01953125 0.03125
4 0.009765625 0.70654296875 0.01953125 0.0380859375
4 0.02587890625 0.7060546875 0.0244140625 0.04296875
4 0.04345703125 0.708984375 0.0263671875 0.048828125
4 0.05859375 0.71630859375 0.021484375 0.0380859375
4 0.0751953125 0.716796875 0.02734375 0.044921875
4 0.091796875 0.72216796875 0.03125 0.0400390625
4 0.1201171875 0.728515625 0.021484375 0.046875
4 0.13720703125 0.7314453125 0.0263671875 0.041015625
4 0.15283203125 0.7353515625 0.0283203125 0.05078125
4 0.2822265625 0.6474609375 0.03515625 0.048828125
4 0.31689453125 0.66015625 0.0322265625 0.056640625
4 0.85986328125 0.650390625 0.0322265625 0.046875
4 0.7060546875 0.5498046875 0.05078125 0.025390625
4 0.71630859375 0.498046875 0.0634765625 0.03515625
4 0.73046875 0.48388671875 0.041015625 0.0263671875
4 0.7734375 0.478515625 0.0703125 0.0390625
4 0.83642578125 0.515625 0.0439453125 0.015625
4 0.8330078125 0.5283203125 0.044921875 0.0234375
4 0.8271484375 0.5390625 0.046875 0.029296875
4 0.822265625 0.5595703125 0.044921875 0.021484375
4 0.8212890625 0.57763671875 0.029296875 0.0244140625
4 0.822265625 0.63330078125 0.03125 0.0478515625
4 0.84375 0.6416015625 0.03125 0.0546875
4 0.875 0.654296875 0.02734375 0.046875
4 0.21142578125 0.74267578125 0.0322265625 0.0439453125
4 0.8896484375 0.67041015625 0.037109375 0.0537109375
4 0.9150390625 0.67138671875 0.033203125 0.0458984375
4 0.93798828125 0.67333984375 0.0380859375 0.0498046875
4 0.9609375 0.68359375 0.044921875 0.0625
4 0.9853515625 0.69140625 0.029296875 0.046875
4 0.9921875 0.70947265625 0.015625 0.0458984375
4 0.71240234375 0.56640625 0.0439453125 0.0234375
4 0.7001953125 0.587890625 0.048828125 0.025390625
4 0.7041015625 0.603515625 0.044921875 0.0234375
4 0.69873046875 0.62060546875 0.0517578125 0.0263671875
4 0.62939453125 0.99169921875 0.0322265625 0.0166015625
4 0.626953125 0.97705078125 0.04296875 0.0244140625
4 0.62939453125 0.9599609375 0.0419921875 0.025390625
4 0.63330078125 0.94482421875 0.0419921875 0.0322265625
4 0.638671875 0.93017578125 0.0390625 0.0263671875
4 0.63671875 0.91357421875 0.05078125 0.0263671875
4 0.64892578125 0.84033203125 0.0361328125 0.0224609375
4 0.65771484375 0.828125 0.0400390625 0.0234375
4 0.6611328125 0.8125 0.0390625 0.02734375
4 0.6669921875 0.7939453125 0.041015625 0.025390625
4 0.6650390625 0.77490234375 0.044921875 0.0244140625
4 0.6669921875 0.7646484375 0.0390625 0.021484375
4 0.67041015625 0.7490234375 0.0400390625 0.025390625
4 0.67333984375 0.73388671875 0.0380859375 0.0205078125
4 0.6767578125 0.72216796875 0.04296875 0.0283203125
4 0.6806640625 0.70556640625 0.044921875 0.0322265625
4 0.68505859375 0.6923828125 0.0400390625 0.021484375
4 0.6865234375 0.669921875 0.041015625 0.017578125
4 0.68798828125 0.65478515625 0.0498046875 0.0263671875
4 0.68896484375 0.64013671875 0.0537109375 0.0302734375
4 0.97607421875 0.5439453125 0.0478515625 0.029296875
4 0.97216796875 0.52294921875 0.0556640625 0.0341796875
4 0.97021484375 0.5048828125 0.0595703125 0.033203125
4 0.9697265625 0.4755859375 0.060546875 0.044921875
4 0.97021484375 0.44970703125 0.0595703125 0.0517578125
4 0.982421875 0.4248046875 0.03515625 0.033203125
4 0.9873046875 0.40283203125 0.025390625 0.0263671875
4 0.85791015625 0.36376953125 0.0400390625 0.0283203125
4 0.86376953125 0.3515625 0.0380859375 0.029296875
4 0.87109375 0.337890625 0.04296875 0.03125
4 0.88623046875 0.3017578125 0.0439453125 0.03515625
4 0.94873046875 0.26220703125 0.0361328125 0.0205078125
4 0.59619140625 0.6357421875 0.0400390625 0.06640625
4 0.5791015625 0.70703125 0.041015625 0.076171875
4 0.546875 0.84130859375 0.046875 0.0654296875
4 0.533203125 0.9111328125 0.03125 0.056640625
4 0.51513671875 0.89892578125 0.0244140625 0.0419921875
4 0.57470703125 0.63623046875 0.0224609375 0.0478515625
4 0.603515625 0.52099609375 0.04296875 0.0732421875
4 0.1171875 0.7734375 0.009765625 0.0234375
4 0.12353515625 0.77392578125 0.0146484375 0.0224609375
4 0.13330078125 0.775390625 0.0166015625 0.0234375
4 0.2412109375 0.72802734375 0.0234375 0.0205078125
4 0.2236328125 0.74853515625 0.015625 0.0244140625
4 0.27392578125 0.77099609375 0.0185546875 0.0322265625
4 0.33447265625 0.6572265625 0.0283203125 0.044921875
4 0.3525390625 0.666015625 0.02734375 0.046875
4 0.369140625 0.66796875 0.03125 0.052734375
4 0.384765625 0.6708984375 0.025390625 0.048828125
4 0.40234375 0.6728515625 0.02734375 0.044921875
4 0.41943359375 0.6796875 0.0341796875 0.056640625
4 0.4365234375 0.6787109375 0.025390625 0.041015625
4 0.451171875 0.68994140625 0.03515625 0.0595703125
4 0.47216796875 0.69189453125 0.0283203125 0.0634765625
4 0.2939453125 0.77734375 0.025390625 0.03125
4 0.32177734375 0.77001953125 0.0283203125 0.0478515625
4 0.33935546875 0.7734375 0.0283203125 0.046875
4 0.35546875 0.7783203125 0.02734375 0.046875
4 0.37255859375 0.78564453125 0.0263671875 0.0400390625
4 0.39697265625 0.7822265625 0.0419921875 0.064453125
4 0.423828125 0.7880859375 0.04296875 0.056640625
4 0.451171875 0.8046875 0.03515625 0.04296875
4 0.5244140625 0.998046875 0.02734375 0.00390625
