9 0.9375 0.01220703125 0.0390625 0.0224609375
9 0.8515625 0.974609375 0.03125 0.03515625
9 0.95654296875 0.8544921875 0.0380859375 0.044921875
9 0.9248046875 0.0830078125 0.0625 0.0546875
9 0.88525390625 0.111328125 0.0400390625 0.04296875
9 0.802734375 0.1845703125 0.04296875 0.04296875
9 0.23486328125 0.87841796875 0.0361328125 0.0322265625
9 0.2490234375 0.90478515625 0.0234375 0.0263671875
9 0.2802734375 0.90576171875 0.029296875 0.0283203125
9 0.02294921875 0.94873046875 0.0439453125 0.0244140625
9 0.341796875 0.98974609375 0.037109375 0.0205078125
9 0.3779296875 0.962890625 0.04296875 0.0390625
9 0.37158203125 0.93798828125 0.0478515625 0.0478515625
9 0.41455078125 0.91015625 0.0498046875 0.046875
9 0.43017578125 0.890625 0.0439453125 0.046875
9 0.482421875 0.87451171875 0.037109375 0.0400390625
9 0.49853515625 0.8662109375 0.0419921875 0.046875
9 0.3603515625 0.87255859375 0.04296875 0.0400390625
9 0.3603515625 0.74658203125 0.048828125 0.0341796875
9 0.3837890625 0.490234375 0.029296875 0.041015625
4 0.58984375 0.50830078125 0.03125 0.0185546875
9 0.60009765625 0.42529296875 0.0400390625 0.0380859375
9 0.20263671875 0.900390625 0.0322265625 0.037109375
9 0.1220703125 0.89111328125 0.02734375 0.0322265625
9 0.01220703125 0.76708984375 0.0224609375 0.0283203125
9 0.24365234375 0.0283203125 0.0380859375 0.0390625
4 0.04345703125 0.0185546875 0.0419921875 0.03515625
4 0.0224609375 0.03369140625 0.04296875 0.0537109375
4 0.150390625 0.02392578125 0.03515625 0.0400390625
4 0.1142578125 0.07861328125 0.048828125 0.0517578125
9 0.283203125 0.48388671875 0.04296875 0.0283203125
4 0.15673828125 0.03466796875 0.0537109375 0.0498046875
9 0.17431640625 0.0810546875 0.0302734375 0.033203125
9 0.03955078125 0.19140625 0.0400390625 0.0390625
9 0.0107421875 0.2431640625 0.01953125 0.033203125
9 0.27734375 0.30908203125 0.037109375 0.0380859375
9 0.07177734375 0.4462890625 0.0419921875 0.02734375
9 0.17333984375 0.45458984375 0.0322265625 0.0419921875
9 0.244140625 0.470703125 0.03125 0.037109375
9 0.31884765625 0.3349609375 0.0322265625 0.033203125
9 0.3076171875 0.30126953125 0.0390625 0.0419921875
9 0.65478515625 0.32958984375 0.0439453125 0.0419921875
9 0.40869140625 0.20361328125 0.0400390625 0.0400390625
9 0.47021484375 0.20458984375 0.0380859375 0.0380859375
9 0.4765625 0.15380859375 0.04296875 0.0439453125
9 0.67724609375 0.2080078125 0.0419921875 0.044921875
9 0.58349609375 0.11865234375 0.0458984375 0.0419921875
9 0.5361328125 0.09912109375 0.041015625 0.0439453125
9 0.59521484375 0.03466796875 0.0458984375 0.0458984375
9 0.615234375 0.056640625 0.03125 0.037109375
9 0.63916015625 0.01123046875 0.0380859375 0.0205078125
9 0.66552734375 0.015625 0.0361328125 0.029296875
