4 0.22021484375 0.84228515625 0.0439453125 0.0458984375
4 0.08642578125 0.9189453125 0.0380859375 0.029296875
4 0.060546875 0.8994140625 0.02734375 0.025390625
4 0.0546875 0.89208984375 0.02734375 0.0302734375
4 0.04052734375 0.87353515625 0.0244140625 0.0302734375
4 0.0283203125 0.86083984375 0.021484375 0.0283203125
4 0.3837890625 0.986328125 0.044921875 0.02734375
4 0.41748046875 0.978515625 0.0634765625 0.04296875
4 0.44580078125 0.9765625 0.0712890625 0.046875
4 0.47265625 0.96533203125 0.068359375 0.0693359375
4 0.490234375 0.9560546875 0.060546875 0.056640625
4 0.5009765625 0.91943359375 0.083984375 0.0849609375
4 0.53955078125 0.88232421875 0.0791015625 0.0771484375
4 0.56103515625 0.865234375 0.0751953125 0.08203125
4 0.59130859375 0.85107421875 0.0537109375 0.0517578125
4 0.5966796875 0.82275390625 0.087890625 0.0830078125
4 0.62109375 0.80908203125 0.0703125 0.0693359375
4 0.341796875 0.73779296875 0.0546875 0.0439453125
4 0.23486328125 0.76220703125 0.0419921875 0.0498046875
4 0.158203125 0.78564453125 0.0390625 0.0400390625
4 0.263671875 0.44384765625 0.041015625 0.0478515625
4 0.2578125 0.27099609375 0.03515625 0.0478515625
4 0.47900390625 0.3193359375 0.0595703125 0.0546875
4 0.6025390625 0.3681640625 0.037109375 0.033203125
4 0.4609375 0.44580078125 0.05859375 0.0517578125
4 0.14111328125 0.33251953125 0.0419921875 0.0283203125
4 0.1943359375 0.3916015625 0.041015625 0.048828125
4 0.1171875 0.38720703125 0.04296875 0.0439453125
4 0.0380859375 0.421875 0.044921875 0.046875
4 0.21142578125 0.4765625 0.0439453125 0.044921875
4 0.314453125 0.509765625 0.046875 0.0546875
4 0.11865234375 0.7451171875 0.0400390625 0.033203125
4 0.06201171875 0.5615234375 0.0322265625 0.044921875
4 0.11181640625 0.609375 0.0361328125 0.03515625
4 0.52099609375 0.54736328125 0.0517578125 0.0302734375
4 0.37548828125 0.58251953125 0.0498046875 0.0439453125
4 0.3115234375 0.6015625 0.048828125 0.03125
4 0.23291015625 0.61767578125 0.0380859375 0.0517578125
4 0.27978515625 0.68408203125 0.0380859375 0.0322265625
4 0.197265625 0.69677734375 0.0390625 0.0439453125
4 0.05908203125 0.68896484375 0.0302734375 0.0439453125
4 0.64453125 0.7998046875 0.056640625 0.056640625
4 0.6484375 0.7578125 0.08203125 0.087890625
4 0.67724609375 0.74658203125 0.0712890625 0.0712890625
4 0.89599609375 0.96630859375 0.0712890625 0.0673828125
4 0.91015625 0.93896484375 0.08984375 0.0869140625
4 0.93994140625 0.9267578125 0.0791015625 0.080078125
4 0.95068359375 0.8916015625 0.0888671875 0.099609375
4 0.96630859375 0.861328125 0.0673828125 0.10546875
5 0.8994140625 0.91943359375 0.201171875 0.1611328125
4 0.8486328125 0.98583984375 0.048828125 0.0283203125
4 0.8681640625 0.96875 0.078125 0.0625
4 0.70751953125 0.72802734375 0.0556640625 0.0615234375
4 0.72119140625 0.71630859375 0.0615234375 0.0615234375
4 0.74072265625 0.69482421875 0.0615234375 0.0634765625
4 0.75634765625 0.68310546875 0.0595703125 0.0615234375
4 0.76806640625 0.66162109375 0.0732421875 0.0732421875
4 0.7822265625 0.63818359375 0.064453125 0.0771484375
4 0.81005859375 0.58349609375 0.1005859375 0.1005859375
4 0.84423828125 0.57568359375 0.0712890625 0.0830078125
4 0.1796875 0.1787109375 0.04296875 0.046875
