9 0.5146484375 0.01220703125 0.052734375 0.0224609375
9 0.4677734375 0.1689453125 0.04296875 0.041015625
9 0.20703125 0.0087890625 0.025390625 0.015625
9 0.18505859375 0.05322265625 0.0341796875 0.0439453125
11 0.3603515625 0.0380859375 0.033203125 0.03125
9 0.28564453125 0.134765625 0.0400390625 0.029296875
9 0.36767578125 0.482421875 0.0224609375 0.033203125
9 0.3994140625 0.52490234375 0.05078125 0.0458984375
9 0.26416015625 0.578125 0.0322265625 0.044921875
9 0.294921875 0.61181640625 0.02734375 0.0419921875
9 0.3349609375 0.6259765625 0.041015625 0.05859375
9 0.22998046875 0.5673828125 0.0419921875 0.048828125
9 0.39013671875 0.724609375 0.0478515625 0.05078125
9 0.4599609375 0.955078125 0.033203125 0.03515625
9 0.3525390625 0.9111328125 0.03515625 0.033203125
9 0.71826171875 0.95947265625 0.0380859375 0.0361328125
11 0.53271484375 0.251953125 0.0126953125 0.015625
4 0.89697265625 0.1259765625 0.0322265625 0.05859375
4 0.91015625 0.14404296875 0.02734375 0.0380859375
4 0.9306640625 0.1376953125 0.025390625 0.048828125
4 0.96337890625 0.15283203125 0.0263671875 0.0419921875
9 0.78125 0.02001953125 0.03515625 0.0380859375
4 0.8798828125 0.11767578125 0.03125 0.0654296875
9 0.8583984375 0.8056640625 0.029296875 0.029296875
9 0.7412109375 0.9833984375 0.0390625 0.033203125
9 0.6123046875 0.93212890625 0.033203125 0.0361328125
9 0.77734375 0.8974609375 0.04296875 0.044921875
9 0.53466796875 0.80712890625 0.0458984375 0.0439453125
9 0.5703125 0.80322265625 0.02734375 0.0263671875
9 0.55419921875 0.65625 0.0322265625 0.037109375
4 0.8447265625 0.1103515625 0.033203125 0.060546875
9 0.5771484375 0.6005859375 0.033203125 0.041015625
9 0.642578125 0.56298828125 0.0390625 0.0263671875
9 0.70556640625 0.626953125 0.0263671875 0.03125
9 0.771484375 0.642578125 0.01953125 0.033203125
9 0.82373046875 0.6435546875 0.0302734375 0.029296875
9 0.87109375 0.65087890625 0.03515625 0.0283203125
9 0.8876953125 0.60546875 0.021484375 0.033203125
9 0.75048828125 0.10595703125 0.0341796875 0.0439453125
4 0.8095703125 0.1201171875 0.01953125 0.02734375
9 0.9580078125 0.66455078125 0.052734375 0.0263671875
9 0.9619140625 0.8603515625 0.03125 0.033203125
9 0.9619140625 0.8056640625 0.033203125 0.0390625
