4 0.84326171875 0.03173828125 0.0498046875 0.0615234375
4 0.8134765625 0.02734375 0.056640625 0.052734375
4 0.78369140625 0.02197265625 0.0419921875 0.0419921875
4 0.7529296875 0.0166015625 0.0390625 0.03125
4 0.74267578125 0.05224609375 0.0634765625 0.0537109375
4 0.73779296875 0.06494140625 0.0400390625 0.0400390625
4 0.69921875 0.04443359375 0.05859375 0.0361328125
4 0.71142578125 0.01611328125 0.0634765625 0.0302734375
4 0.88623046875 0.0419921875 0.0576171875 0.08203125
4 0.92431640625 0.0458984375 0.0634765625 0.08984375
4 0.9638671875 0.05517578125 0.072265625 0.1064453125
4 0.9814453125 0.08349609375 0.037109375 0.0732421875
