4 0.98291015625 0.24462890625 0.0341796875 0.0556640625
4 0.9765625 0.28515625 0.046875 0.05859375
4 0.966796875 0.3203125 0.06640625 0.0703125
4 0.962890625 0.3603515625 0.07421875 0.080078125
4 0.951171875 0.3876953125 0.09765625 0.080078125
4 0.931640625 0.41796875 0.125 0.09375
4 0.91455078125 0.44775390625 0.1162109375 0.0888671875
4 0.8994140625 0.4775390625 0.111328125 0.0859375
4 0.88818359375 0.5107421875 0.0986328125 0.072265625
4 0.861328125 0.56689453125 0.078125 0.0615234375
4 0.84716796875 0.59326171875 0.0810546875 0.0634765625
4 0.6142578125 0.587890625 0.052734375 0.068359375
4 0.630859375 0.5966796875 0.046875 0.060546875
4 0.6123046875 0.6357421875 0.056640625 0.03515625
4 0.81787109375 0.611328125 0.1064453125 0.08203125
4 0.80078125 0.6376953125 0.109375 0.087890625
4 0.78271484375 0.6650390625 0.1044921875 0.087890625
4 0.4365234375 0.33154296875 0.048828125 0.0537109375
4 0.6240234375 0.953125 0.080078125 0.0625
4 0.7509765625 0.71337890625 0.107421875 0.0888671875
4 0.74267578125 0.74951171875 0.0888671875 0.0654296875
4 0.7265625 0.77685546875 0.08984375 0.0654296875
4 0.7001953125 0.826171875 0.087890625 0.0625
4 0.6767578125 0.84423828125 0.10546875 0.0771484375
4 0.6630859375 0.8759765625 0.095703125 0.064453125
4 0.6455078125 0.8974609375 0.103515625 0.078125
4 0.6376953125 0.92724609375 0.0859375 0.0673828125
4 0.580078125 0.9833984375 0.080078125 0.033203125
