4 0.7666015625 0.13818359375 0.02734375 0.0322265625
4 0.75830078125 0.14697265625 0.0283203125 0.0263671875
4 0.74951171875 0.158203125 0.0498046875 0.03515625
4 0.74560546875 0.181640625 0.0419921875 0.03515625
4 0.73388671875 0.19287109375 0.0498046875 0.0419921875
4 0.72509765625 0.20556640625 0.0458984375 0.0380859375
4 0.7197265625 0.21923828125 0.05078125 0.0380859375
4 0.7109375 0.23193359375 0.046875 0.0322265625
4 0.69482421875 0.2607421875 0.0361328125 0.01953125
4 0.70556640625 0.27783203125 0.0400390625 0.0263671875
4 0.72705078125 0.2841796875 0.0361328125 0.037109375
4 0.740234375 0.29345703125 0.029296875 0.0361328125
4 0.755859375 0.29736328125 0.03125 0.0380859375
4 0.7646484375 0.30615234375 0.03125 0.0361328125
4 0.78125 0.30810546875 0.03125 0.0400390625
4 0.79150390625 0.318359375 0.0322265625 0.0390625
4 0.8017578125 0.32421875 0.02734375 0.03515625
4 0.81201171875 0.3291015625 0.0283203125 0.03515625
4 0.865234375 0.3603515625 0.03515625 0.044921875
4 0.8916015625 0.375 0.02734375 0.033203125
5 0.2734375 0.0400390625 0.13671875 0.078125
4 0.42626953125 0.0439453125 0.0712890625 0.0546875
4 0.44873046875 0.02880859375 0.0458984375 0.0380859375
4 0.90087890625 0.38671875 0.0224609375 0.025390625
4 0.9248046875 0.3955078125 0.033203125 0.03515625
4 0.935546875 0.40576171875 0.041015625 0.0478515625
7 0.64990234375 0.53857421875 0.2255859375 0.2001953125
4 0.9541015625 0.41162109375 0.0390625 0.0458984375
4 0.94873046875 0.0146484375 0.0419921875 0.02734375
4 0.93359375 0.4453125 0.021484375 0.01953125
4 0.9287109375 0.451171875 0.021484375 0.01953125
4 0.79345703125 0.24267578125 0.0478515625 0.0341796875
4 0.80126953125 0.2294921875 0.0517578125 0.04296875
4 0.806640625 0.21533203125 0.037109375 0.0205078125
4 0.81591796875 0.16943359375 0.0419921875 0.0244140625
4 0.9248046875 0.06396484375 0.041015625 0.0419921875
4 0.9345703125 0.046875 0.03515625 0.03515625
4 0.94580078125 0.025390625 0.0322265625 0.0234375
4 0.96044921875 0.0927734375 0.0283203125 0.013671875
4 0.96630859375 0.0810546875 0.0322265625 0.021484375
4 0.97216796875 0.07080078125 0.0302734375 0.0205078125
9 0.0185546875 0.82763671875 0.03515625 0.0400390625
9 0.2041015625 0.3671875 0.12890625 0.1328125
7 0.373046875 0.50830078125 0.388671875 0.3857421875
4 0.25341796875 0.01611328125 0.0595703125 0.0302734375
