4 0.1103515625 0.22216796875 0.041015625 0.0556640625
4 0.30419921875 0.08740234375 0.0322265625 0.0400390625
4 0.2900390625 0.109375 0.048828125 0.060546875
4 0.26513671875 0.1171875 0.0419921875 0.05078125
4 0.22802734375 0.142578125 0.0458984375 0.0546875
4 0.20849609375 0.162109375 0.0498046875 0.0625
4 0.1904296875 0.17529296875 0.041015625 0.0537109375
4 0.169921875 0.19140625 0.04296875 0.060546875
4 0.150390625 0.2001953125 0.0390625 0.052734375
4 0.13037109375 0.21240234375 0.0498046875 0.0634765625
4 0.09375 0.23486328125 0.041015625 0.0498046875
4 0.22802734375 0.05029296875 0.0576171875 0.0693359375
4 0.0576171875 0.25830078125 0.044921875 0.0517578125
4 0.0380859375 0.26904296875 0.0390625 0.0517578125
4 0.02001953125 0.27978515625 0.0380859375 0.0537109375
4 0.01318359375 0.296875 0.0244140625 0.056640625
5 0.16064453125 0.14892578125 0.3193359375 0.2197265625
4 0.25341796875 0.03759765625 0.0634765625 0.0732421875
4 0.20263671875 0.0693359375 0.0517578125 0.064453125
4 0.18212890625 0.08447265625 0.0634765625 0.0771484375
4 0.056640625 0.1669921875 0.048828125 0.068359375
4 0.08251953125 0.14892578125 0.0537109375 0.0810546875
4 0.1064453125 0.13623046875 0.046875 0.0634765625
4 0.12939453125 0.1181640625 0.0498046875 0.06640625
4 0.15673828125 0.10009765625 0.0556640625 0.0673828125
4 0.20703125 0.4755859375 0.05078125 0.048828125
4 0.333984375 0.4541015625 0.048828125 0.056640625
4 0.171875 0.6396484375 0.05078125 0.06640625
4 0.1884765625 0.625 0.04296875 0.056640625
4 0.21044921875 0.615234375 0.0576171875 0.0703125
4 0.2255859375 0.59716796875 0.048828125 0.0595703125
4 0.234375 0.5556640625 0.056640625 0.078125
4 0.248046875 0.52880859375 0.06640625 0.0732421875
4 0.28271484375 0.51708984375 0.0654296875 0.0888671875
4 0.29638671875 0.4873046875 0.0615234375 0.076171875
4 0.31884765625 0.4716796875 0.0537109375 0.064453125
4 0.35498046875 0.44287109375 0.0517578125 0.0693359375
4 0.0869140625 0.5205078125 0.064453125 0.056640625
4 0.3779296875 0.42919921875 0.052734375 0.0673828125
4 0.396484375 0.4150390625 0.052734375 0.064453125
4 0.42138671875 0.40625 0.0498046875 0.064453125
4 0.14794921875 0.31982421875 0.0498046875 0.0458984375
4 0.13720703125 0.35888671875 0.0498046875 0.0419921875
4 0.146484375 0.38134765625 0.060546875 0.0517578125
4 0.16162109375 0.39794921875 0.0458984375 0.0380859375
4 0.173828125 0.4189453125 0.05078125 0.046875
4 0.18603515625 0.4365234375 0.0498046875 0.046875
4 0.1025390625 0.54443359375 0.05859375 0.0537109375
4 0.07177734375 0.50390625 0.0537109375 0.044921875
4 0.06103515625 0.4853515625 0.0576171875 0.05859375
4 0.00634765625 0.4228515625 0.0107421875 0.0234375
4 0.02294921875 0.43310546875 0.0439453125 0.0439453125
4 0.03125 0.44970703125 0.05078125 0.0458984375
4 0.1982421875 0.45556640625 0.048828125 0.0458984375
4 0.193359375 0.3203125 0.052734375 0.046875
4 0.59130859375 0.115234375 0.0615234375 0.06640625
4 0.56787109375 0.13427734375 0.0556640625 0.0732421875
4 0.61474609375 0.10498046875 0.0634765625 0.0791015625
4 0.20361328125 0.33984375 0.0576171875 0.048828125
5 0.9365234375 0.0966796875 0.126953125 0.19140625
4 0.88916015625 0.28076171875 0.0615234375 0.0791015625
4 0.91748046875 0.263671875 0.0615234375 0.076171875
4 0.6806640625 0.28857421875 0.068359375 0.0908203125
4 0.71484375 0.265625 0.06640625 0.091796875
4 0.77978515625 0.23046875 0.0712890625 0.091796875
4 0.80078125 0.20263671875 0.091796875 0.1142578125
4 0.86669921875 0.1591796875 0.0927734375 0.115234375
4 0.98291015625 0.1181640625 0.0341796875 0.046875
5 0.83984375 0.25732421875 0.296875 0.2021484375
4 0.93408203125 0.1318359375 0.0712890625 0.09375
4 0.7529296875 0.35791015625 0.0390625 0.0595703125
4 0.86572265625 0.298828125 0.0634765625 0.072265625
4 0.724609375 0.37548828125 0.044921875 0.0517578125
4 0.64208984375 0.0908203125 0.0634765625 0.080078125
4 0.6865234375 0.060546875 0.0703125 0.080078125
4 0.71337890625 0.04541015625 0.0673828125 0.0791015625
4 0.7607421875 0.02783203125 0.0625 0.0537109375
4 0.79052734375 0.01708984375 0.0498046875 0.0322265625
4 0.5498046875 0.0361328125 0.08203125 0.0703125
4 0.61376953125 0.0166015625 0.0537109375 0.03125
5 0.62744140625 0.04833984375 0.1650390625 0.0947265625
5 0.3681640625 0.2939453125 0.111328125 0.158203125
4 0.49755859375 0.41259765625 0.0771484375 0.0673828125
4 0.5390625 0.4755859375 0.060546875 0.052734375
4 0.55322265625 0.50146484375 0.0634765625 0.0498046875
4 0.5888671875 0.5244140625 0.09375 0.07421875
4 0.5009765625 0.59033203125 0.06640625 0.0615234375
4 0.49072265625 0.5546875 0.0576171875 0.05078125
4 0.47216796875 0.5341796875 0.0712890625 0.060546875
4 0.4638671875 0.50830078125 0.052734375 0.0400390625
5 0.4912109375 0.48046875 0.162109375 0.234375
4 0.45947265625 0.359375 0.0712890625 0.05859375
4 0.47412109375 0.38623046875 0.0771484375 0.0654296875
4 0.4482421875 0.3388671875 0.072265625 0.05859375
4 0.333984375 0.3037109375 0.052734375 0.052734375
4 0.212890625 0.36083984375 0.056640625 0.0439453125
4 0.22607421875 0.38232421875 0.0498046875 0.0400390625
4 0.2373046875 0.396484375 0.056640625 0.044921875
4 0.25439453125 0.4189453125 0.0595703125 0.05078125
4 0.2646484375 0.43701171875 0.060546875 0.0537109375
5 0.203125 0.40869140625 0.09375 0.1533203125
4 0.294921875 0.25146484375 0.05859375 0.0517578125
4 0.3134765625 0.26611328125 0.041015625 0.0400390625
4 0.31884765625 0.28515625 0.0537109375 0.052734375
4 0.34521484375 0.326171875 0.0576171875 0.052734375
4 0.42919921875 0.3173828125 0.0693359375 0.0625
4 0.3623046875 0.3447265625 0.052734375 0.048828125
4 0.3740234375 0.36181640625 0.05078125 0.0458984375
4 0.34765625 0.22998046875 0.041015625 0.0478515625
4 0.36767578125 0.21826171875 0.0439453125 0.0537109375
4 0.38671875 0.20263671875 0.04296875 0.0537109375
4 0.4033203125 0.19287109375 0.04296875 0.0576171875
4 0.37841796875 0.25537109375 0.0537109375 0.0478515625
4 0.40673828125 0.2666015625 0.0771484375 0.068359375
4 0.41796875 0.29296875 0.076171875 0.064453125
