4 0.6640625 0.69580078125 0.03125 0.0751953125
4 0.01220703125 0.470703125 0.0224609375 0.052734375
5 0.12109375 0.85986328125 0.201171875 0.2802734375
4 0.06201171875 0.953125 0.0927734375 0.09375
4 0.18115234375 0.92431640625 0.0400390625 0.0498046875
5 0.1484375 0.98046875 0.0703125 0.0390625
4 0.12939453125 0.9365234375 0.0712890625 0.09375
9 0.4052734375 0.34716796875 0.18359375 0.2197265625
4 0.6904296875 0.673828125 0.025390625 0.05859375
4 0.7265625 0.70654296875 0.060546875 0.0498046875
4 0.72119140625 0.7314453125 0.0517578125 0.044921875
4 0.73486328125 0.76953125 0.0537109375 0.02734375
4 0.583984375 0.73046875 0.033203125 0.0625
4 0.6220703125 0.7041015625 0.025390625 0.068359375
4 0.642578125 0.69873046875 0.02734375 0.0634765625
4 0.029296875 0.77099609375 0.056640625 0.0712890625
5 0.10107421875 0.67333984375 0.2001953125 0.1435546875
4 0.02294921875 0.6767578125 0.0439453125 0.0625
4 0.04052734375 0.650390625 0.0751953125 0.072265625
4 0.09521484375 0.6142578125 0.0830078125 0.08203125
4 0.12841796875 0.5908203125 0.0810546875 0.078125
4 0.07373046875 0.74072265625 0.0595703125 0.0673828125
4 0.095703125 0.7275390625 0.0625 0.072265625
4 0.1240234375 0.71337890625 0.064453125 0.0751953125
4 0.14892578125 0.69970703125 0.0615234375 0.0712890625
4 0.173828125 0.6826171875 0.05859375 0.060546875
