9 0.04052734375 0.875 0.0498046875 0.037109375
9 0.02392578125 0.787109375 0.0283203125 0.048828125
9 0.0302734375 0.72119140625 0.03125 0.0478515625
9 0.05615234375 0.6455078125 0.0400390625 0.044921875
9 0.64794921875 0.81103515625 0.0322265625 0.0361328125
9 0.7255859375 0.65771484375 0.0390625 0.0400390625
9 0.35693359375 0.62548828125 0.0361328125 0.0537109375
9 0.4326171875 0.65625 0.037109375 0.0390625
9 0.47998046875 0.6025390625 0.0498046875 0.052734375
9 0.666015625 0.5068359375 0.03125 0.029296875
9 0.6884765625 0.48828125 0.048828125 0.05078125
9 0.8310546875 0.44580078125 0.041015625 0.0400390625
9 0.6611328125 0.40283203125 0.037109375 0.0380859375
9 0.59423828125 0.4189453125 0.0458984375 0.04296875
9 0.49072265625 0.36474609375 0.0341796875 0.0380859375
9 0.46484375 0.35107421875 0.04296875 0.0498046875
9 0.51708984375 0.29638671875 0.0458984375 0.0478515625
9 0.76904296875 0.27587890625 0.0478515625 0.0361328125
9 0.8486328125 0.25927734375 0.046875 0.0419921875
9 0.79638671875 0.19140625 0.0537109375 0.0546875
9 0.4677734375 0.150390625 0.05859375 0.05859375
9 0.57177734375 0.10009765625 0.0458984375 0.0478515625
9 0.63720703125 0.1416015625 0.0537109375 0.056640625
9 0.3759765625 0.02978515625 0.064453125 0.0576171875
9 0.373046875 0.76708984375 0.0234375 0.0341796875
9 0.76171875 0.90234375 0.064453125 0.044921875
9 0.72900390625 0.89013671875 0.0517578125 0.0478515625
9 0.1611328125 0.38525390625 0.068359375 0.0517578125
9 0.31591796875 0.4208984375 0.0458984375 0.05078125
9 0.0771484375 0.5 0.037109375 0.041015625
9 0.10595703125 0.478515625 0.0361328125 0.04296875
9 0.1171875 0.52294921875 0.046875 0.0283203125
9 0.302734375 0.8056640625 0.04296875 0.021484375
9 0.55419921875 0.8505859375 0.0263671875 0.025390625
9 0.650390625 0.921875 0.041015625 0.04296875
9 0.67578125 0.94921875 0.037109375 0.041015625
9 0.6904296875 0.96435546875 0.041015625 0.0361328125
9 0.68701171875 0.8203125 0.0458984375 0.046875
9 0.9609375 0.01708984375 0.033203125 0.0322265625
9 0.96435546875 0.0546875 0.0439453125 0.052734375
9 0.99072265625 0.28662109375 0.0185546875 0.0478515625
9 0.79833984375 0.6708984375 0.0283203125 0.03125
9 0.84326171875 0.673828125 0.0419921875 0.044921875
9 0.8720703125 0.6494140625 0.044921875 0.044921875
9 0.90869140625 0.6650390625 0.0419921875 0.044921875
9 0.85400390625 0.95556640625 0.0380859375 0.0361328125
9 0.7685546875 0.138671875 0.046875 0.046875
