2 0.22265625 0.9072265625 0.04296875 0.060546875
2 0.19677734375 0.89208984375 0.0419921875 0.0595703125
2 0.17529296875 0.90673828125 0.0439453125 0.0595703125
2 0.14794921875 0.89013671875 0.0439453125 0.0576171875
2 0.1259765625 0.9072265625 0.041015625 0.05859375
2 0.1015625 0.8896484375 0.04296875 0.060546875
2 0.052734375 0.89013671875 0.041015625 0.0595703125
2 0.029296875 0.90771484375 0.041015625 0.0576171875
2 0.0126953125 0.89013671875 0.0234375 0.0556640625
2 0.00146484375 0.90673828125 0.0009765625 0.0615234375
2 0.076171875 0.76025390625 0.04296875 0.0576171875
2 0.24365234375 0.74609375 0.0419921875 0.05859375
2 0.34228515625 0.74609375 0.0419921875 0.05859375
2 0.2451171875 0.89111328125 0.044921875 0.0576171875
2 0.26904296875 0.90869140625 0.0419921875 0.0537109375
2 0.29345703125 0.89306640625 0.0439453125 0.0595703125
2 0.318359375 0.91015625 0.041015625 0.0546875
2 0.654296875 0.9091796875 0.0390625 0.05859375
2 0.63037109375 0.8935546875 0.0439453125 0.060546875
2 0.60595703125 0.90771484375 0.0419921875 0.0576171875
2 0.58447265625 0.89208984375 0.0419921875 0.0595703125
2 0.53271484375 0.892578125 0.0419921875 0.05859375
2 0.5107421875 0.90869140625 0.04296875 0.0556640625
2 0.48681640625 0.89306640625 0.0439453125 0.0576171875
2 0.4619140625 0.9111328125 0.04296875 0.052734375
2 0.4365234375 0.89306640625 0.044921875 0.0595703125
2 0.4140625 0.90771484375 0.04296875 0.0556640625
2 0.36572265625 0.9091796875 0.0439453125 0.056640625
2 0.34130859375 0.89306640625 0.0439453125 0.0615234375
2 0.654296875 0.75732421875 0.04296875 0.0595703125
2 0.365234375 0.76220703125 0.04296875 0.0595703125
2 0.4130859375 0.7626953125 0.04296875 0.056640625
2 0.43896484375 0.7470703125 0.0439453125 0.060546875
2 0.1162109375 0.29052734375 0.044921875 0.0615234375
2 0.02001953125 0.29052734375 0.0400390625 0.0556640625
2 0.14111328125 0.31884765625 0.0439453125 0.0595703125
2 0.21435546875 0.29150390625 0.0439453125 0.0556640625
2 0.23779296875 0.30908203125 0.0458984375 0.0595703125
2 0.31103515625 0.29296875 0.0439453125 0.05859375
2 0.359375 0.29296875 0.044921875 0.056640625
2 0.3837890625 0.30859375 0.041015625 0.05859375
2 0.47900390625 0.30908203125 0.0439453125 0.0634765625
2 0.52734375 0.31103515625 0.04296875 0.0615234375
2 0.5771484375 0.30908203125 0.041015625 0.0615234375
2 0.62353515625 0.31103515625 0.0439453125 0.0595703125
2 0.61669921875 0.12841796875 0.0556640625 0.0771484375
2 0.55712890625 0.13134765625 0.0537109375 0.0771484375
2 0.498046875 0.12646484375 0.056640625 0.0751953125
2 0.0244140625 0.439453125 0.04296875 0.0625
2 0.265625 0.44384765625 0.04296875 0.0595703125
2 0.533203125 0.74609375 0.04296875 0.05859375
2 0.62890625 0.7431640625 0.046875 0.056640625
2 0.62646484375 0.60107421875 0.0419921875 0.0595703125
2 0.53076171875 0.6025390625 0.0400390625 0.056640625
2 0.48193359375 0.60302734375 0.0419921875 0.0576171875
2 0.43408203125 0.60302734375 0.0419921875 0.0576171875
2 0.4111328125 0.6181640625 0.041015625 0.05859375
2 0.36279296875 0.61669921875 0.0400390625 0.0595703125
2 0.33837890625 0.60205078125 0.0439453125 0.0576171875
2 0.14599609375 0.5986328125 0.0439453125 0.05859375
2 0.0498046875 0.60107421875 0.044921875 0.0615234375
2 0.0126953125 0.6015625 0.0234375 0.0625
2 0.48291015625 0.458984375 0.0400390625 0.05859375
2 0.53173828125 0.46142578125 0.0439453125 0.0595703125
2 0.57958984375 0.46142578125 0.0419921875 0.0615234375
2 0.5078125 0.4443359375 0.04296875 0.060546875
2 0.458984375 0.44384765625 0.044921875 0.0576171875
2 0.40966796875 0.44580078125 0.0419921875 0.0595703125
2 0.3857421875 0.4619140625 0.041015625 0.05859375
2 0.3388671875 0.4599609375 0.041015625 0.056640625
2 0.2890625 0.458984375 0.04296875 0.05859375
2 0.43603515625 0.12451171875 0.0517578125 0.0771484375
2 0.3759765625 0.12548828125 0.052734375 0.0771484375
2 0.3134765625 0.126953125 0.0546875 0.076171875
2 0.25439453125 0.12744140625 0.0517578125 0.0791015625
2 0.19482421875 0.12646484375 0.0517578125 0.0771484375
2 0.13427734375 0.12451171875 0.0517578125 0.0771484375
2 0.07470703125 0.12548828125 0.0498046875 0.0791015625
2 0.306640625 0.00244140625 0.06640625 0.0029296875
2 0.4619140625 0.00341796875 0.0703125 0.0048828125
2 0.537109375 0.00341796875 0.068359375 0.0048828125
2 0.61328125 0.00439453125 0.064453125 0.0068359375
2 0.98388671875 0.27783203125 0.0322265625 0.0361328125
2 0.99609375 0.25146484375 0.0078125 0.0341796875
2 0.96337890625 0.24951171875 0.0419921875 0.0361328125
2 0.939453125 0.27734375 0.041015625 0.03515625
2 0.91259765625 0.2490234375 0.0419921875 0.0390625
2 0.88916015625 0.27734375 0.0400390625 0.03515625
2 0.83935546875 0.27587890625 0.0458984375 0.0400390625
2 0.8623046875 0.24853515625 0.041015625 0.0361328125
2 0.8359375 0.142578125 0.041015625 0.037109375
2 0.86083984375 0.11474609375 0.0439453125 0.0361328125
2 0.8857421875 0.1435546875 0.041015625 0.037109375
2 0.9111328125 0.11572265625 0.04296875 0.0361328125
2 0.93603515625 0.14453125 0.0439453125 0.037109375
2 0.96142578125 0.11669921875 0.0439453125 0.0380859375
2 0.98193359375 0.14453125 0.0361328125 0.037109375
2 0.9951171875 0.1162109375 0.009765625 0.033203125
2 0.98486328125 0.94921875 0.0302734375 0.0546875
2 0.90869140625 0.91845703125 0.0458984375 0.0576171875
2 0.92822265625 0.76171875 0.0498046875 0.07421875
2 0.900390625 0.71337890625 0.046875 0.0732421875
