2 0.05712890625 0.21533203125 0.0537109375 0.0576171875
2 0.18701171875 0.3388671875 0.0322265625 0.0625
2 0.10302734375 0.33203125 0.0361328125 0.056640625
2 0.060546875 0.32861328125 0.0390625 0.0556640625
2 0.380859375 0.2265625 0.056640625 0.056640625
2 0.31689453125 0.224609375 0.0537109375 0.0546875
2 0.25244140625 0.2236328125 0.0576171875 0.0625
2 0.1865234375 0.21923828125 0.056640625 0.0595703125
2 0.12109375 0.21826171875 0.056640625 0.0595703125
2 0.01025390625 0.2099609375 0.0185546875 0.05078125
2 0.2529296875 0.07421875 0.060546875 0.0625
2 0.18603515625 0.07421875 0.0576171875 0.060546875
2 0.0791015625 0.07763671875 0.048828125 0.0634765625
2 0.02294921875 0.076171875 0.0439453125 0.052734375
2 0.009765625 0.00146484375 0.017578125 0.0009765625
