0 0.0283203125 0.35302734375 0.029296875 0.0380859375
0 0.44091796875 0.6630859375 0.0361328125 0.03515625
0 0.4248046875 0.6474609375 0.03125 0.029296875
0 0.41064453125 0.62939453125 0.0322265625 0.0302734375
0 0.3955078125 0.61083984375 0.037109375 0.0322265625
0 0.384765625 0.59521484375 0.02734375 0.0244140625
0 0.37158203125 0.580078125 0.0419921875 0.037109375
0 0.35205078125 0.56005859375 0.0322265625 0.0322265625
0 0.3271484375 0.53173828125 0.041015625 0.0439453125
0 0.310546875 0.51513671875 0.037109375 0.0361328125
0 0.27001953125 0.47021484375 0.0341796875 0.0341796875
0 0.283203125 0.48291015625 0.033203125 0.0341796875
0 0.2431640625 0.58349609375 0.03515625 0.0322265625
0 0.27880859375 0.62646484375 0.0380859375 0.0322265625
0 0.31298828125 0.6591796875 0.0361328125 0.03125
0 0.32568359375 0.67333984375 0.0380859375 0.0341796875
0 0.34228515625 0.6904296875 0.0380859375 0.033203125
0 0.35546875 0.70849609375 0.037109375 0.0322265625
0 0.37109375 0.72412109375 0.0390625 0.0361328125
