0 0.1708984375 0.384765625 0.0390625 0.017578125
0 0.1162109375 0.5751953125 0.017578125 0.037109375
0 0.99072265625 0.13916015625 0.0166015625 0.0322265625
0 0.96923828125 0.3623046875 0.0166015625 0.03125
0 0.98876953125 0.36474609375 0.0146484375 0.0302734375
0 0.7216796875 0.3466796875 0.013671875 0.03515625
0 0.97119140625 0.138671875 0.0185546875 0.041015625
0 0.94970703125 0.1328125 0.0166015625 0.03125
0 0.92578125 0.12890625 0.015625 0.041015625
0 0.7646484375 0.35693359375 0.013671875 0.0322265625
0 0.78662109375 0.3544921875 0.0205078125 0.0390625
0 0.7734375 0.20849609375 0.017578125 0.0380859375
0 0.7705078125 0.2548828125 0.013671875 0.03515625
0 0.7138671875 0.11962890625 0.017578125 0.0458984375
0 0.73486328125 0.12158203125 0.0126953125 0.0361328125
0 0.75830078125 0.125 0.0166015625 0.046875
0 0.77880859375 0.11669921875 0.0146484375 0.0419921875
0 0.80078125 0.123046875 0.015625 0.03515625
0 0.806640625 0.0830078125 0.017578125 0.037109375
0 0.794921875 0.25537109375 0.015625 0.0361328125
0 0.86767578125 0.3330078125 0.0302734375 0.03515625
0 0.93115234375 0.3603515625 0.0146484375 0.03125
0 0.94921875 0.361328125 0.013671875 0.033203125
0 0.91552734375 0.2626953125 0.0185546875 0.037109375
0 0.9384765625 0.26318359375 0.015625 0.0341796875
0 0.96142578125 0.2666015625 0.0166015625 0.033203125
0 0.9951171875 0.2685546875 0.009765625 0.03125
0 0.7421875 0.3515625 0.015625 0.03125
0 0.70263671875 0.35205078125 0.0166015625 0.0341796875
0 0.6806640625 0.3466796875 0.015625 0.037109375
0 0.07568359375 0.57421875 0.0146484375 0.03515625
0 0.1025390625 0.47802734375 0.013671875 0.0283203125
0 0.08203125 0.47802734375 0.015625 0.0322265625
0 0.05322265625 0.57763671875 0.0166015625 0.0341796875
0 0.056640625 0.47900390625 0.015625 0.0341796875
0 0.390625 0.0478515625 0.021484375 0.037109375
0 0.521484375 0.05517578125 0.0234375 0.0380859375
0 0.5595703125 0.10595703125 0.01953125 0.0361328125
0 0.583984375 0.109375 0.015625 0.03515625
0 0.646484375 0.11669921875 0.017578125 0.0361328125
0 0.53466796875 0.19384765625 0.0166015625 0.0302734375
0 0.5576171875 0.19580078125 0.013671875 0.0302734375
0 0.64111328125 0.203125 0.0146484375 0.03515625
0 0.66650390625 0.20849609375 0.0166015625 0.0341796875
0 0.66015625 0.24755859375 0.017578125 0.0322265625
0 0.6376953125 0.2490234375 0.015625 0.033203125
0 0.7060546875 0.255859375 0.015625 0.0390625
0 0.60107421875 0.2421875 0.0205078125 0.04296875
0 0.55322265625 0.2431640625 0.0166015625 0.0390625
0 0.509765625 0.23828125 0.021484375 0.041015625
0 0.54443359375 0.33642578125 0.0166015625 0.0439453125
0 0.56689453125 0.341796875 0.0185546875 0.037109375
0 0.59130859375 0.3388671875 0.0166015625 0.041015625
0 0.63037109375 0.34033203125 0.0166015625 0.0380859375
0 0.65576171875 0.34326171875 0.0185546875 0.0380859375
0 0.4736328125 0.099609375 0.017578125 0.03515625
0 0.34716796875 0.04736328125 0.0126953125 0.0302734375
0 0.4150390625 0.09521484375 0.015625 0.0361328125
0 0.36328125 0.59228515625 0.015625 0.0322265625
0 0.27685546875 0.5849609375 0.0166015625 0.033203125
0 0.2548828125 0.5859375 0.015625 0.03125
0 0.22998046875 0.58251953125 0.0166015625 0.0361328125
0 0.26611328125 0.4912109375 0.0146484375 0.03515625
0 0.2900390625 0.49560546875 0.01953125 0.0380859375
0 0.3369140625 0.49658203125 0.015625 0.0361328125
0 0.3798828125 0.5009765625 0.015625 0.033203125
0 0.40087890625 0.50390625 0.0166015625 0.033203125
0 0.26611328125 0.3173828125 0.0166015625 0.03515625
0 0.28759765625 0.32421875 0.0146484375 0.037109375
0 0.248046875 0.2216796875 0.017578125 0.03515625
0 0.29296875 0.17724609375 0.015625 0.0361328125
0 0.318359375 0.1787109375 0.013671875 0.03515625
0 0.4033203125 0.23291015625 0.017578125 0.0419921875
0 0.359375 0.2314453125 0.01953125 0.046875
0 0.259765625 0.03564453125 0.021484375 0.0380859375
0 0.30712890625 0.04248046875 0.0185546875 0.0439453125
