2 0.64208984375 0.87158203125 0.0439453125 0.0615234375
2 0.689453125 0.87255859375 0.04296875 0.0615234375
2 0.8544921875 0.75048828125 0.044921875 0.0595703125
14 0.02197265625 0.42724609375 0.0419921875 0.0263671875
14 0.0224609375 0.341796875 0.04296875 0.033203125
14 0.02197265625 0.37646484375 0.0419921875 0.0322265625
14 0.02001953125 0.4609375 0.0380859375 0.03125
14 0.01904296875 0.49072265625 0.0361328125 0.0302734375
14 0.01904296875 0.52001953125 0.0361328125 0.0302734375
14 0.01953125 0.55419921875 0.037109375 0.0283203125
14 0.02001953125 0.595703125 0.0380859375 0.03125
2 0.1884765625 0.85302734375 0.158203125 0.1279296875
2 0.3203125 0.86328125 0.04296875 0.068359375
