2 0.6201171875 0.962890625 0.134765625 0.07421875
2 0.2880859375 0.96142578125 0.130859375 0.0712890625
2 0.46533203125 0.02783203125 0.1455078125 0.0537109375
2 0.44873046875 0.3369140625 0.1396484375 0.072265625
2 0.1552734375 0.67822265625 0.134765625 0.0712890625
2 0.14892578125 0.7919921875 0.1396484375 0.087890625
2 0.14990234375 0.904296875 0.1298828125 0.0703125
2 0.1474609375 0.9892578125 0.134765625 0.021484375
2 0.625 0.74169921875 0.130859375 0.0751953125
2 0.62939453125 0.5205078125 0.1279296875 0.068359375
2 0.64404296875 0.08056640625 0.1416015625 0.0791015625
2 0.6337890625 0.18603515625 0.1328125 0.0732421875
2 0.6357421875 0.30078125 0.1328125 0.0703125
2 0.64404296875 0.4091796875 0.1552734375 0.076171875
2 0.625 0.62939453125 0.1484375 0.0751953125
2 0.28125 0.85009765625 0.125 0.0810546875
2 0.62255859375 0.86572265625 0.1416015625 0.0830078125
