2 0.53515625 0.48974609375 0.095703125 0.1357421875
2 0.068359375 0.4677734375 0.103515625 0.13671875
2 0.185546875 0.4716796875 0.09765625 0.134765625
2 0.41845703125 0.4814453125 0.1064453125 0.138671875
2 0.64990234375 0.494140625 0.1005859375 0.13671875
2 0.7109375 0.193359375 0.09765625 0.13671875
2 0.763671875 0.49658203125 0.09375 0.1298828125
2 0.88330078125 0.50244140625 0.0908203125 0.1318359375
2 0.97265625 0.50439453125 0.0546875 0.1337890625
2 0.97900390625 0.1669921875 0.0419921875 0.130859375
2 0.82470703125 0.1962890625 0.1005859375 0.142578125
2 0.6552734375 0.15673828125 0.091796875 0.1337890625
2 0.53759765625 0.15185546875 0.1005859375 0.1376953125
2 0.482421875 0.17919921875 0.095703125 0.1416015625
2 0.03271484375 0.16259765625 0.0634765625 0.1396484375
