2 0.53857421875 0.34130859375 0.0869140625 0.0673828125
2 0.396484375 0.28125 0.087890625 0.0703125
2 0.30029296875 0.28173828125 0.0888671875 0.0732421875
2 0.205078125 0.2763671875 0.087890625 0.072265625
2 0.1083984375 0.2734375 0.091796875 0.0703125
2 0.029296875 0.271484375 0.056640625 0.072265625
2 0.00439453125 0.322265625 0.0068359375 0.0703125
2 0.63623046875 0.34521484375 0.0869140625 0.0712890625
2 0.52197265625 0.60693359375 0.0869140625 0.0673828125
2 0.43115234375 0.603515625 0.0849609375 0.064453125
2 0.33984375 0.60107421875 0.083984375 0.0673828125
2 0.24560546875 0.59765625 0.0791015625 0.0625
2 0.05615234375 0.81103515625 0.0810546875 0.0595703125
2 0.14697265625 0.814453125 0.0830078125 0.060546875
2 0.23974609375 0.8134765625 0.0849609375 0.064453125
2 0.32861328125 0.81689453125 0.0849609375 0.0673828125
2 0.41845703125 0.8203125 0.0810546875 0.06640625
2 0.50927734375 0.81982421875 0.0830078125 0.0654296875
2 0.5576171875 0.77880859375 0.08203125 0.0615234375
2 0.46630859375 0.7763671875 0.0869140625 0.068359375
2 0.3759765625 0.7734375 0.08203125 0.0625
2 0.28564453125 0.77197265625 0.0849609375 0.0615234375
2 0.19677734375 0.76806640625 0.0888671875 0.0634765625
2 0.1044921875 0.76513671875 0.087890625 0.0654296875
2 0.0224609375 0.9765625 0.04296875 0.046875
2 0.0947265625 0.9755859375 0.078125 0.048828125
2 0.18701171875 0.9775390625 0.0791015625 0.044921875
2 0.279296875 0.978515625 0.08203125 0.04296875
2 0.37158203125 0.9794921875 0.0810546875 0.041015625
2 0.4619140625 0.98193359375 0.080078125 0.0361328125
2 0.55224609375 0.98193359375 0.0791015625 0.0361328125
2 0.00537109375 0.81103515625 0.0087890625 0.0634765625
