2 0.078125 0.8251953125 0.064453125 0.068359375
2 0.87548828125 0.8349609375 0.0712890625 0.076171875
2 0.80224609375 0.8330078125 0.0673828125 0.068359375
2 0.7294921875 0.83349609375 0.064453125 0.0673828125
2 0.65869140625 0.8330078125 0.0654296875 0.0703125
2 0.5869140625 0.83349609375 0.068359375 0.0712890625
2 0.51318359375 0.83056640625 0.0673828125 0.0654296875
2 0.44140625 0.8330078125 0.06640625 0.072265625
2 0.3681640625 0.828125 0.068359375 0.06640625
2 0.29638671875 0.830078125 0.0654296875 0.0703125
2 0.224609375 0.8310546875 0.064453125 0.0703125
2 0.15185546875 0.830078125 0.0654296875 0.06640625
2 0.0029296875 0.62548828125 0.00390625 0.0498046875
2 0.03662109375 0.626953125 0.0498046875 0.05078125
2 0.09130859375 0.6279296875 0.0478515625 0.052734375
2 0.1474609375 0.63037109375 0.05078125 0.0537109375
2 0.203125 0.63232421875 0.044921875 0.0478515625
2 0.26025390625 0.6328125 0.0458984375 0.048828125
2 0.3154296875 0.63330078125 0.048828125 0.0498046875
2 0.37158203125 0.6357421875 0.0478515625 0.048828125
2 0.42626953125 0.63671875 0.0478515625 0.05078125
2 0.9453125 0.83447265625 0.0703125 0.0693359375
2 0.974609375 0.87255859375 0.05078125 0.0634765625
2 0.91015625 0.87060546875 0.064453125 0.0595703125
2 0.837890625 0.87109375 0.06640625 0.06640625
2 0.94677734375 0.98779296875 0.0634765625 0.0244140625
2 0.4365234375 0.98779296875 0.06640625 0.0244140625
2 0.29443359375 0.98828125 0.0654296875 0.0234375
2 0.224609375 0.9873046875 0.06640625 0.025390625
2 0.00244140625 0.865234375 0.0029296875 0.0703125
2 0.04150390625 0.86572265625 0.0654296875 0.0654296875
2 0.1162109375 0.86767578125 0.06640625 0.0693359375
2 0.18408203125 0.86767578125 0.0673828125 0.0712890625
2 0.259765625 0.8662109375 0.064453125 0.068359375
2 0.3310546875 0.86767578125 0.064453125 0.0673828125
2 0.40380859375 0.86669921875 0.0634765625 0.0673828125
2 0.47705078125 0.8681640625 0.0615234375 0.06640625
2 0.548828125 0.8671875 0.0625 0.0703125
2 0.62109375 0.8701171875 0.064453125 0.068359375
2 0.69384765625 0.87158203125 0.0654296875 0.0673828125
2 0.76513671875 0.8720703125 0.0654296875 0.060546875
2 0.4833984375 0.63671875 0.048828125 0.05078125
2 0.5390625 0.63916015625 0.046875 0.0478515625
2 0.595703125 0.64208984375 0.048828125 0.0498046875
2 0.5654296875 0.498046875 0.048828125 0.048828125
2 0.5390625 0.46240234375 0.046875 0.0458984375
2 0.48388671875 0.46142578125 0.0478515625 0.0517578125
2 0.4287109375 0.45947265625 0.048828125 0.0498046875
2 0.373046875 0.4580078125 0.052734375 0.05078125
2 0.31640625 0.45751953125 0.046875 0.0498046875
2 0.259765625 0.45458984375 0.044921875 0.0458984375
2 0.2060546875 0.45361328125 0.048828125 0.0478515625
2 0.1494140625 0.45166015625 0.05078125 0.0498046875
2 0.0927734375 0.45068359375 0.052734375 0.0517578125
2 0.03662109375 0.4501953125 0.0537109375 0.05078125
2 0.240234375 0.34423828125 0.05078125 0.0537109375
2 0.296875 0.34326171875 0.048828125 0.0517578125
2 0.353515625 0.34716796875 0.048828125 0.0537109375
2 0.4111328125 0.3486328125 0.046875 0.05078125
2 0.46875 0.34912109375 0.044921875 0.0498046875
2 0.439453125 0.322265625 0.048828125 0.05078125
2 0.384765625 0.3203125 0.052734375 0.052734375
2 0.32568359375 0.31689453125 0.0478515625 0.0498046875
2 0.2724609375 0.3173828125 0.052734375 0.052734375
2 0.59619140625 0.46484375 0.0478515625 0.048828125
2 0.51123046875 0.49755859375 0.0478515625 0.0537109375
2 0.65185546875 0.6435546875 0.0478515625 0.048828125
2 0.45458984375 0.49560546875 0.0517578125 0.0537109375
2 0.70751953125 0.642578125 0.0498046875 0.046875
2 0.68115234375 0.6171875 0.0478515625 0.046875
2 0.62451171875 0.61474609375 0.0517578125 0.0478515625
2 0.56884765625 0.61328125 0.0498046875 0.048828125
2 0.51220703125 0.611328125 0.0478515625 0.048828125
2 0.455078125 0.607421875 0.05078125 0.052734375
2 0.3994140625 0.607421875 0.05078125 0.05078125
2 0.34521484375 0.607421875 0.0498046875 0.05078125
2 0.28759765625 0.60400390625 0.0498046875 0.0498046875
2 0.2333984375 0.60595703125 0.048828125 0.0478515625
2 0.17724609375 0.60400390625 0.0517578125 0.0498046875
2 0.12158203125 0.6025390625 0.0498046875 0.046875
2 0.06591796875 0.60205078125 0.0537109375 0.0517578125
2 0.01708984375 0.6005859375 0.0322265625 0.048828125
2 0.0166015625 0.4892578125 0.03125 0.05078125
2 0.064453125 0.4873046875 0.05078125 0.05078125
2 0.11865234375 0.4892578125 0.0458984375 0.048828125
2 0.17578125 0.490234375 0.05078125 0.052734375
2 0.2333984375 0.49072265625 0.048828125 0.0498046875
2 0.2890625 0.49169921875 0.046875 0.0478515625
2 0.34326171875 0.49365234375 0.0478515625 0.0498046875
2 0.400390625 0.49560546875 0.05078125 0.0498046875
2 0.99609375 0.5576171875 0.0078125 0.056640625
2 0.94384765625 0.55712890625 0.0810546875 0.0634765625
2 0.9736328125 0.50537109375 0.052734375 0.0634765625
