2 0.759765625 0.51611328125 0.041015625 0.0595703125
2 0.49462890625 0.52880859375 0.0439453125 0.0595703125
2 0.5205078125 0.51611328125 0.04296875 0.0595703125
2 0.54296875 0.5283203125 0.041015625 0.060546875
2 0.5673828125 0.515625 0.041015625 0.05859375
2 0.59130859375 0.52880859375 0.0400390625 0.0556640625
2 0.61474609375 0.5166015625 0.0400390625 0.056640625
2 0.638671875 0.52880859375 0.0390625 0.0595703125
2 0.66259765625 0.51416015625 0.0419921875 0.0615234375
2 0.6865234375 0.52880859375 0.041015625 0.0576171875
2 0.7099609375 0.5146484375 0.044921875 0.060546875
2 0.736328125 0.529296875 0.04296875 0.05859375
2 0.78271484375 0.52978515625 0.0380859375 0.0595703125
2 0.80712890625 0.517578125 0.0419921875 0.060546875
2 0.83203125 0.52880859375 0.0390625 0.0634765625
2 0.85498046875 0.5166015625 0.0419921875 0.060546875
2 0.87939453125 0.52685546875 0.0400390625 0.0634765625
2 0.90234375 0.5166015625 0.04296875 0.056640625
2 0.927734375 0.53076171875 0.0390625 0.0576171875
2 0.95263671875 0.51708984375 0.0419921875 0.0576171875
2 0.9765625 0.53173828125 0.0390625 0.0576171875
2 0.98974609375 0.51513671875 0.0205078125 0.0556640625
2 0.46826171875 0.51513671875 0.0439453125 0.0595703125
2 0.57421875 0.6572265625 0.04296875 0.0625
2 0.6201171875 0.66015625 0.041015625 0.064453125
2 0.66943359375 0.66015625 0.0400390625 0.0625
2 0.9931640625 0.6572265625 0.013671875 0.060546875
2 0.95849609375 0.658203125 0.0419921875 0.05859375
2 0.91064453125 0.65966796875 0.0380859375 0.0556640625
2 0.86328125 0.6591796875 0.041015625 0.056640625
2 0.814453125 0.66015625 0.0390625 0.060546875
2 0.76611328125 0.65869140625 0.0400390625 0.0576171875
2 0.71923828125 0.65869140625 0.0400390625 0.0556640625
2 0.6875 0.38427734375 0.04296875 0.0595703125
2 0.990234375 0.3720703125 0.01953125 0.05859375
2 0.97900390625 0.38720703125 0.0419921875 0.0595703125
2 0.95263671875 0.37060546875 0.0439453125 0.0576171875
2 0.9306640625 0.3876953125 0.041015625 0.05859375
2 0.90625 0.3701171875 0.04296875 0.060546875
2 0.857421875 0.37060546875 0.041015625 0.0595703125
2 0.833984375 0.38818359375 0.041015625 0.0576171875
2 0.8076171875 0.37060546875 0.04296875 0.0556640625
2 0.78564453125 0.38720703125 0.0419921875 0.0615234375
2 0.736328125 0.384765625 0.041015625 0.05859375
2 0.6416015625 0.38525390625 0.041015625 0.0615234375
2 0.59375 0.38427734375 0.04296875 0.0634765625
2 0.56884765625 0.36962890625 0.0458984375 0.0654296875
2 0.5439453125 0.384765625 0.041015625 0.060546875
2 0.42236328125 0.36767578125 0.0439453125 0.0595703125
2 0.3271484375 0.36767578125 0.041015625 0.0595703125
2 0.51806640625 0.224609375 0.0419921875 0.05859375
2 0.61376953125 0.22509765625 0.0439453125 0.0595703125
2 0.662109375 0.224609375 0.04296875 0.05859375
2 0.880859375 0.24072265625 0.04296875 0.0576171875
2 0.2275390625 0.076171875 0.044921875 0.05859375
2 0.95068359375 0.0791015625 0.0439453125 0.05859375
2 0.8544921875 0.08154296875 0.044921875 0.0615234375
2 0.80859375 0.08203125 0.041015625 0.0625
2 0.7587890625 0.080078125 0.044921875 0.05859375
2 0.49267578125 0.09521484375 0.0458984375 0.0595703125
2 0.95263671875 0.9111328125 0.0400390625 0.052734375
2 0.9326171875 0.859375 0.0390625 0.056640625
2 0.908203125 0.91357421875 0.03515625 0.0576171875
2 0.8876953125 0.8583984375 0.041015625 0.056640625
2 0.84326171875 0.85595703125 0.0419921875 0.0498046875
2 0.81982421875 0.90771484375 0.0400390625 0.0576171875
2 0.9775390625 0.85986328125 0.0390625 0.0576171875
2 0.98779296875 0.91357421875 0.0244140625 0.0537109375
