2 0.55029296875 0.29150390625 0.0439453125 0.0380859375
2 0.498046875 0.2890625 0.044921875 0.037109375
2 0.4736328125 0.2626953125 0.04296875 0.03515625
2 0.44921875 0.2900390625 0.04296875 0.03515625
2 0.4228515625 0.26025390625 0.041015625 0.0341796875
2 0.39892578125 0.2890625 0.0419921875 0.037109375
2 0.37353515625 0.259765625 0.0439453125 0.03515625
2 0.34765625 0.28857421875 0.041015625 0.0341796875
2 0.322265625 0.26025390625 0.041015625 0.0361328125
2 0.2978515625 0.28857421875 0.044921875 0.0400390625
2 0.2724609375 0.25927734375 0.04296875 0.0361328125
2 0.24755859375 0.28662109375 0.0458984375 0.0341796875
2 0.22119140625 0.25830078125 0.0419921875 0.0361328125
2 0.1962890625 0.2861328125 0.044921875 0.03515625
2 0.17236328125 0.2587890625 0.0419921875 0.03515625
2 0.1484375 0.28662109375 0.046875 0.0400390625
2 0.123046875 0.25830078125 0.044921875 0.0400390625
2 0.09716796875 0.28662109375 0.0439453125 0.0361328125
2 0.0712890625 0.2568359375 0.044921875 0.037109375
2 0.046875 0.2861328125 0.04296875 0.037109375
2 0.0224609375 0.25634765625 0.04296875 0.0380859375
2 0.00927734375 0.28173828125 0.0166015625 0.0341796875
2 0.2685546875 0.12646484375 0.04296875 0.0361328125
2 0.3212890625 0.126953125 0.0390625 0.03515625
2 0.34521484375 0.1552734375 0.0419921875 0.037109375
2 0.37060546875 0.126953125 0.0419921875 0.03515625
2 0.396484375 0.15576171875 0.04296875 0.0380859375
2 0.421875 0.1279296875 0.04296875 0.03515625
2 0.44677734375 0.15771484375 0.0419921875 0.0361328125
2 0.47314453125 0.1298828125 0.0419921875 0.037109375
2 0.4970703125 0.15869140625 0.04296875 0.0400390625
2 0.52294921875 0.1298828125 0.0400390625 0.03515625
2 0.546875 0.158203125 0.041015625 0.037109375
2 0.5732421875 0.13134765625 0.0390625 0.0361328125
2 0.5966796875 0.15869140625 0.04296875 0.0341796875
2 0.62451171875 0.13134765625 0.0439453125 0.0361328125
2 0.529296875 0.0302734375 0.044921875 0.0390625
2 0.50341796875 0.01025390625 0.0419921875 0.0185546875
2 0.478515625 0.02978515625 0.04296875 0.0400390625
2 0.45166015625 0.01025390625 0.0439453125 0.0185546875
2 0.42724609375 0.0283203125 0.0439453125 0.037109375
2 0.40185546875 0.01025390625 0.0419921875 0.0185546875
2 0.37646484375 0.0283203125 0.0439453125 0.03515625
2 0.35009765625 0.01025390625 0.0419921875 0.0185546875
2 0.32470703125 0.02783203125 0.0439453125 0.0361328125
2 0.2998046875 0.009765625 0.041015625 0.017578125
2 0.294921875 0.154296875 0.041015625 0.03515625
2 0.24609375 0.154296875 0.041015625 0.03515625
2 0.2197265625 0.1259765625 0.04296875 0.03515625
2 0.00732421875 0.150390625 0.0126953125 0.037109375
2 0.0205078125 0.12548828125 0.0390625 0.0361328125
2 0.04296875 0.15185546875 0.041015625 0.0380859375
2 0.06884765625 0.12451171875 0.0419921875 0.0361328125
2 0.09423828125 0.15087890625 0.0419921875 0.0380859375
2 0.119140625 0.1259765625 0.04296875 0.037109375
2 0.14453125 0.15380859375 0.04296875 0.0361328125
2 0.16943359375 0.12548828125 0.0400390625 0.0361328125
2 0.19482421875 0.1533203125 0.0419921875 0.037109375
2 0.5234375 0.26220703125 0.04296875 0.0361328125
2 0.57470703125 0.26318359375 0.0439453125 0.0361328125
2 0.24951171875 0.00927734375 0.0400390625 0.0166015625
2 0.59912109375 0.29150390625 0.0419921875 0.0361328125
2 0.1240234375 0.72314453125 0.048828125 0.0751953125
2 0.150390625 0.77001953125 0.052734375 0.0751953125
2 0.1826171875 0.724609375 0.05078125 0.076171875
2 0.29443359375 0.724609375 0.0478515625 0.07421875
2 0.46044921875 0.7275390625 0.0478515625 0.076171875
2 0.48779296875 0.77392578125 0.0498046875 0.0751953125
2 0.5166015625 0.73095703125 0.048828125 0.0732421875
2 0.54296875 0.77685546875 0.048828125 0.0712890625
2 0.57177734375 0.73046875 0.0478515625 0.0703125
2 0.30029296875 0.42041015625 0.0419921875 0.0380859375
2 0.32373046875 0.39453125 0.0439453125 0.03515625
2 0.35107421875 0.42041015625 0.0400390625 0.0341796875
2 0.40283203125 0.4228515625 0.0439453125 0.0390625
2 0.42431640625 0.3935546875 0.0458984375 0.037109375
2 0.45166015625 0.42236328125 0.0439453125 0.0361328125
2 0.4765625 0.39697265625 0.04296875 0.0380859375
2 0.5009765625 0.4228515625 0.04296875 0.03515625
2 0.52783203125 0.39697265625 0.0458984375 0.0361328125
2 0.55126953125 0.42333984375 0.0419921875 0.0361328125
2 0.57568359375 0.396484375 0.0439453125 0.03515625
2 0.6025390625 0.42529296875 0.044921875 0.0341796875
2 0.6279296875 0.39794921875 0.044921875 0.0439453125
2 0.6240234375 0.26318359375 0.04296875 0.0361328125
2 0.5419921875 0.93359375 0.048828125 0.056640625
2 0.513671875 0.96435546875 0.048828125 0.0576171875
2 0.4873046875 0.93310546875 0.048828125 0.0576171875
2 0.45849609375 0.96337890625 0.0498046875 0.0634765625
2 0.39892578125 0.9638671875 0.0478515625 0.060546875
2 0.37353515625 0.93115234375 0.0478515625 0.0576171875
2 0.31396484375 0.93017578125 0.0478515625 0.0595703125
2 0.28759765625 0.96142578125 0.0458984375 0.0576171875
2 0.201171875 0.927734375 0.046875 0.060546875
2 0.14404296875 0.92724609375 0.0478515625 0.0556640625
2 0.11376953125 0.958984375 0.0478515625 0.0546875
2 0.05615234375 0.95849609375 0.0478515625 0.0576171875
2 0.02978515625 0.92578125 0.0478515625 0.05859375
2 0.27587890625 0.025390625 0.0439453125 0.037109375
2 0.22509765625 0.02783203125 0.0419921875 0.0361328125
2 0.2001953125 0.009765625 0.0390625 0.017578125
2 0.1748046875 0.0263671875 0.04296875 0.037109375
2 0.14990234375 0.0087890625 0.0400390625 0.015625
2 0.126953125 0.02587890625 0.04296875 0.0380859375
2 0.09912109375 0.0087890625 0.0419921875 0.015625
2 0.07421875 0.02392578125 0.04296875 0.0361328125
2 0.048828125 0.00830078125 0.041015625 0.0146484375
2 0.0234375 0.02392578125 0.04296875 0.0361328125
2 0.0107421875 0.00732421875 0.01953125 0.0126953125
