2 0.45556640625 0.37109375 0.0654296875 0.09765625
2 0.59033203125 0.14501953125 0.0693359375 0.1044921875
2 0.50439453125 0.14306640625 0.0712890625 0.1064453125
2 0.42333984375 0.14208984375 0.0712890625 0.1083984375
2 0.24951171875 0.140625 0.0693359375 0.111328125
2 0.078125 0.14013671875 0.068359375 0.1064453125
2 0.32568359375 0.36962890625 0.0751953125 0.1005859375
2 0.27978515625 0.45751953125 0.0693359375 0.1064453125
2 0.1953125 0.4501953125 0.0703125 0.107421875
2 0.14990234375 0.361328125 0.0732421875 0.1015625
2 0.00634765625 0.365234375 0.0107421875 0.10546875
2 0.02587890625 0.45556640625 0.0498046875 0.1025390625
2 0.06396484375 0.36328125 0.0712890625 0.1015625
2 0.10693359375 0.44970703125 0.0673828125 0.1103515625
