2 0.1923828125 0.11279296875 0.080078125 0.0869140625
2 0.12939453125 0.166015625 0.0732421875 0.080078125
2 0.18701171875 0.22802734375 0.0849609375 0.0888671875
2 0.1298828125 0.28125 0.076171875 0.0859375
2 0.123046875 0.3974609375 0.076171875 0.083984375
2 0.1201171875 0.51416015625 0.076171875 0.0849609375
2 0.17236328125 0.57275390625 0.0732421875 0.0830078125
2 0.11767578125 0.6259765625 0.0732421875 0.083984375
2 0.6396484375 0.9501953125 0.115234375 0.099609375
2 0.9326171875 0.9873046875 0.107421875 0.025390625
2 0.9365234375 0.92041015625 0.107421875 0.0595703125
2 0.94140625 0.8330078125 0.10546875 0.056640625
2 0.94287109375 0.74462890625 0.1064453125 0.0576171875
2 0.9482421875 0.65625 0.099609375 0.056640625
2 0.94970703125 0.56689453125 0.1005859375 0.0595703125
2 0.9482421875 0.4794921875 0.103515625 0.056640625
2 0.9501953125 0.39013671875 0.099609375 0.0595703125
2 0.951171875 0.30419921875 0.09765625 0.0615234375
