2 0.9814453125 0.11962890625 0.037109375 0.2373046875
2 0.9765625 0.70068359375 0.046875 0.2939453125
2 0.826171875 0.70361328125 0.259765625 0.2900390625
2 0.916015625 0.01611328125 0.16796875 0.0302734375
2 0.8291015625 0.12158203125 0.25390625 0.2412109375
2 0.69873046875 0.0166015625 0.2705078125 0.03125
2 0.55810546875 0.1240234375 0.2666015625 0.24609375
2 0.43212890625 0.02001953125 0.2705078125 0.0380859375
2 0.15576171875 0.01611328125 0.2607421875 0.0302734375
2 0.28564453125 0.12158203125 0.2646484375 0.2412109375
2 0.07666015625 0.12158203125 0.1513671875 0.2412109375
