14 0.373046875 0.05712890625 0.046875 0.1123046875
14 0.97607421875 0.09521484375 0.0458984375 0.1337890625
14 0.9482421875 0.41943359375 0.046875 0.1376953125
14 0.91064453125 0.37939453125 0.0576171875 0.1376953125
14 0.8662109375 0.37744140625 0.060546875 0.1376953125
14 0.78759765625 0.36865234375 0.0732421875 0.1396484375
14 0.7314453125 0.3642578125 0.0546875 0.134765625
14 0.98486328125 0.38671875 0.0302734375 0.138671875
14 0.94482421875 0.06201171875 0.0400390625 0.1220703125
14 0.89306640625 0.0888671875 0.0458984375 0.130859375
14 0.63232421875 0.0654296875 0.0400390625 0.130859375
14 0.72021484375 0.0732421875 0.0439453125 0.12890625
14 0.802734375 0.07958984375 0.044921875 0.1318359375
14 0.8525390625 0.05908203125 0.05078125 0.1162109375
