2 0.951171875 0.4033203125 0.09765625 0.095703125
2 0.93701171875 0.853515625 0.1259765625 0.076171875
2 0.986328125 0.91015625 0.02734375 0.091796875
2 0.9560546875 0.2919921875 0.087890625 0.091796875
2 0.95703125 0.18212890625 0.0859375 0.0947265625
2 0.08349609375 0.99462890625 0.1474609375 0.0107421875
2 0.76806640625 0.90283203125 0.1396484375 0.0986328125
2 0.6650390625 0.95068359375 0.140625 0.0986328125
2 0.6708984375 0.841796875 0.14453125 0.099609375
2 0.0205078125 0.9658203125 0.0390625 0.068359375
2 0.67578125 0.72998046875 0.134765625 0.0927734375
2 0.68310546875 0.619140625 0.1435546875 0.10546875
2 0.79443359375 0.56591796875 0.1396484375 0.1025390625
2 0.802734375 0.45947265625 0.1328125 0.0849609375
2 0.80419921875 0.345703125 0.1416015625 0.095703125
2 0.70458984375 0.28369140625 0.1435546875 0.1025390625
2 0.81494140625 0.2294921875 0.1376953125 0.095703125
2 0.7158203125 0.171875 0.14453125 0.10546875
2 0.72021484375 0.0576171875 0.1337890625 0.09765625
2 0.49072265625 0.97998046875 0.1435546875 0.0400390625
2 0.3818359375 0.9453125 0.154296875 0.103515625
2 0.0205078125 0.869140625 0.0390625 0.099609375
2 0.02783203125 0.75830078125 0.0537109375 0.1044921875
2 0.0302734375 0.646484375 0.05859375 0.09375
2 0.03369140625 0.5283203125 0.0654296875 0.09375
2 0.1142578125 0.48046875 0.146484375 0.095703125
2 0.0390625 0.419921875 0.076171875 0.10546875
2 0.1220703125 0.2529296875 0.15234375 0.107421875
2 0.048828125 0.0771484375 0.095703125 0.109375
2 0.13916015625 0.04345703125 0.1474609375 0.0849609375
2 0.44384765625 0.04541015625 0.1318359375 0.0888671875
2 0.54296875 0.109375 0.140625 0.10546875
2 0.4365234375 0.166015625 0.146484375 0.115234375
2 0.53759765625 0.21826171875 0.1435546875 0.1025390625
2 0.43115234375 0.27490234375 0.1435546875 0.1142578125
2 0.5302734375 0.33154296875 0.138671875 0.1005859375
2 0.423828125 0.3779296875 0.140625 0.08984375
2 0.5244140625 0.4462890625 0.15234375 0.099609375
2 0.40234375 0.611328125 0.150390625 0.107421875
2 0.51123046875 0.6630859375 0.1396484375 0.091796875
