2 0.43896484375 0.31982421875 0.1572265625 0.0986328125
2 0.3095703125 0.25244140625 0.146484375 0.0927734375
2 0.306640625 0.3701171875 0.154296875 0.1015625
2 0.43359375 0.431640625 0.15234375 0.095703125
2 0.298828125 0.4755859375 0.16015625 0.1015625
2 0.42529296875 0.54296875 0.1591796875 0.10546875
2 0.29443359375 0.59326171875 0.1611328125 0.1044921875
2 0.41796875 0.658203125 0.154296875 0.09765625
2 0.28466796875 0.70703125 0.1630859375 0.10546875
2 0.8544921875 0.68310546875 0.154296875 0.1064453125
2 0.85986328125 0.57421875 0.1533203125 0.091796875
2 0.8662109375 0.45703125 0.1484375 0.10546875
2 0.8779296875 0.34716796875 0.158203125 0.1123046875
2 0.75830078125 0.2802734375 0.1630859375 0.11328125
2 0.884765625 0.236328125 0.154296875 0.103515625
2 0.7646484375 0.17529296875 0.16015625 0.1123046875
2 0.76953125 0.06103515625 0.150390625 0.1064453125
