0 0.33544921875 0.93603515625 0.0166015625 0.0361328125
0 0.18603515625 0.69775390625 0.0166015625 0.0322265625
0 0.208984375 0.6962890625 0.01953125 0.044921875
0 0.25927734375 0.69677734375 0.0185546875 0.0419921875
0 0.16455078125 0.9208984375 0.0166015625 0.03125
0 0.18408203125 0.92333984375 0.0146484375 0.0302734375
0 0.24365234375 0.9326171875 0.0146484375 0.03515625
0 0.27978515625 0.931640625 0.0146484375 0.037109375
0 0.29736328125 0.93505859375 0.0126953125 0.0361328125
0 0.31689453125 0.935546875 0.0166015625 0.033203125
0 0.35595703125 0.935546875 0.0166015625 0.029296875
0 0.3759765625 0.9384765625 0.015625 0.037109375
0 0.39404296875 0.93896484375 0.0146484375 0.0302734375
0 0.4150390625 0.9423828125 0.013671875 0.03515625
0 0.4365234375 0.94384765625 0.015625 0.0341796875
0 0.32958984375 0.79736328125 0.0146484375 0.0341796875
0 0.3271484375 0.84423828125 0.017578125 0.0419921875
0 0.38525390625 0.8408203125 0.0166015625 0.0390625
0 0.36376953125 0.83740234375 0.0166015625 0.0322265625
0 0.3671875 0.80322265625 0.017578125 0.0322265625
0 0.16650390625 0.697265625 0.0185546875 0.041015625
0 0.14501953125 0.69140625 0.0166015625 0.03125
0 0.12109375 0.6875 0.015625 0.041015625
0 0.232421875 0.82861328125 0.015625 0.0361328125
0 0.00244140625 0.68115234375 0.0029296875 0.0322265625
0 0.005859375 0.64111328125 0.009765625 0.0361328125
0 0.06298828125 0.8916015625 0.0302734375 0.03515625
0 0.12646484375 0.9189453125 0.0146484375 0.03125
0 0.14453125 0.919921875 0.013671875 0.033203125
0 0.11083984375 0.8212890625 0.0185546875 0.037109375
0 0.1337890625 0.82177734375 0.015625 0.0341796875
0 0.15673828125 0.8251953125 0.0166015625 0.033203125
0 0.234375 0.64990234375 0.017578125 0.0380859375
0 0.1943359375 0.8271484375 0.017578125 0.03125
0 0.404296875 0.84130859375 0.015625 0.0361328125
0 0.29931640625 0.6591796875 0.0146484375 0.033203125
0 0.3203125 0.65771484375 0.017578125 0.0419921875
0 0.69775390625 0.86376953125 0.0185546875 0.0361328125
0 0.70751953125 0.81396484375 0.0185546875 0.0380859375
0 0.71630859375 0.857421875 0.0244140625 0.04296875
0 0.732421875 0.81005859375 0.0234375 0.0361328125
0 0.75927734375 0.83984375 0.0244140625 0.037109375
0 0.47216796875 0.943359375 0.0166015625 0.033203125
0 0.49365234375 0.94677734375 0.0146484375 0.0302734375
0 0.533203125 0.9462890625 0.013671875 0.033203125
0 0.55078125 0.94873046875 0.015625 0.0322265625
0 0.5888671875 0.95361328125 0.015625 0.0283203125
0 0.8330078125 0.91162109375 0.029296875 0.0380859375
0 0.68359375 0.82275390625 0.01953125 0.0341796875
0 0.62353515625 0.6728515625 0.0126953125 0.033203125
0 0.34228515625 0.65771484375 0.0205078125 0.0361328125
0 0.65185546875 0.8642578125 0.0146484375 0.037109375
0 0.42236328125 0.83984375 0.0146484375 0.037109375
0 0.4443359375 0.84130859375 0.015625 0.0322265625
0 0.4482421875 0.80029296875 0.017578125 0.0400390625
0 0.4775390625 0.84814453125 0.017578125 0.0322265625
0 0.49853515625 0.84765625 0.0166015625 0.029296875
0 0.53759765625 0.85302734375 0.0166015625 0.0361328125
0 0.5576171875 0.8515625 0.017578125 0.033203125
0 0.56005859375 0.81201171875 0.0166015625 0.0322265625
0 0.57666015625 0.85546875 0.0146484375 0.033203125
0 0.451171875 0.708984375 0.015625 0.037109375
0 0.4306640625 0.666015625 0.01953125 0.03125
0 0.4873046875 0.708984375 0.017578125 0.03515625
0 0.51318359375 0.67041015625 0.0146484375 0.0341796875
0 0.53662109375 0.71240234375 0.0185546875 0.0419921875
0 0.57958984375 0.7216796875 0.0166015625 0.03515625
0 0.56103515625 0.6748046875 0.0166015625 0.037109375
0 0.6171875 0.85546875 0.015625 0.033203125
0 0.6201171875 0.81689453125 0.015625 0.0341796875
0 0.65625 0.818359375 0.015625 0.033203125
