2 0.1279296875 0.9873046875 0.107421875 0.025390625
2 0.1318359375 0.92041015625 0.107421875 0.0595703125
2 0.13671875 0.8330078125 0.10546875 0.056640625
2 0.13818359375 0.74462890625 0.1064453125 0.0576171875
2 0.1435546875 0.65625 0.099609375 0.056640625
2 0.14599609375 0.5673828125 0.1025390625 0.060546875
2 0.146484375 0.47998046875 0.109375 0.0576171875
2 0.14892578125 0.39013671875 0.1064453125 0.0595703125
2 0.154296875 0.3046875 0.11328125 0.0625
2 0.8076171875 0.94482421875 0.349609375 0.1103515625
2 0.8115234375 0.73974609375 0.341796875 0.3330078125
2 0.85107421875 0.12451171875 0.2978515625 0.2470703125
