0 0.7958984375 0.67333984375 0.041015625 0.0380859375
0 0.69921875 0.9921875 0.0234375 0.015625
0 0.73828125 0.970703125 0.029296875 0.03515625
0 0.7568359375 0.9609375 0.029296875 0.03125
0 0.7685546875 0.94677734375 0.033203125 0.0341796875
0 0.783203125 0.93115234375 0.03515625 0.0380859375
0 0.8115234375 0.904296875 0.029296875 0.037109375
0 0.828125 0.89306640625 0.033203125 0.0361328125
0 0.845703125 0.8837890625 0.033203125 0.037109375
0 0.609375 0.89599609375 0.033203125 0.0341796875
0 0.65673828125 0.91015625 0.0419921875 0.044921875
0 0.6875 0.88134765625 0.033203125 0.0361328125
0 0.66064453125 0.84765625 0.0322265625 0.037109375
0 0.68017578125 0.83349609375 0.0322265625 0.0380859375
0 0.7080078125 0.8701171875 0.033203125 0.037109375
0 0.7392578125 0.8359375 0.033203125 0.037109375
0 0.7919921875 0.7939453125 0.033203125 0.03515625
0 0.8662109375 0.74267578125 0.0390625 0.0341796875
0 0.62158203125 0.93359375 0.0322265625 0.03515625
0 0.61083984375 0.95849609375 0.0322265625 0.0341796875
0 0.5771484375 0.98046875 0.033203125 0.0390625
