2 0.87451171875 0.546875 0.0810546875 0.1015625
2 0.78515625 0.5478515625 0.07421875 0.1015625
2 0.74755859375 0.44921875 0.0712890625 0.103515625
2 0.701171875 0.5439453125 0.072265625 0.103515625
2 0.662109375 0.44287109375 0.0703125 0.1025390625
2 0.615234375 0.541015625 0.07421875 0.103515625
2 0.5732421875 0.44580078125 0.068359375 0.1044921875
2 0.525390625 0.5380859375 0.0703125 0.099609375
2 0.490234375 0.4423828125 0.072265625 0.111328125
2 0.39892578125 0.4375 0.0732421875 0.103515625
2 0.3125 0.4365234375 0.078125 0.111328125
2 0.35302734375 0.53759765625 0.0693359375 0.1044921875
2 0.26611328125 0.5322265625 0.0712890625 0.10546875
2 0.2275390625 0.4306640625 0.0703125 0.107421875
2 0.177734375 0.53271484375 0.068359375 0.1064453125
2 0.138671875 0.42919921875 0.07421875 0.1103515625
2 0.091796875 0.52685546875 0.0703125 0.1064453125
2 0.052734375 0.42822265625 0.072265625 0.1064453125
2 0.021484375 0.52685546875 0.041015625 0.1103515625
2 0.833984375 0.45166015625 0.0703125 0.1025390625
2 0.92138671875 0.45654296875 0.0673828125 0.1044921875
2 0.95849609375 0.55419921875 0.0673828125 0.0986328125
2 0.9853515625 0.45556640625 0.029296875 0.1044921875
14 0.45556640625 0.88818359375 0.0322265625 0.0810546875
14 0.240234375 0.880859375 0.025390625 0.08203125
14 0.26513671875 0.88134765625 0.0283203125 0.0810546875
14 0.28955078125 0.88037109375 0.0263671875 0.0810546875
14 0.3125 0.88134765625 0.025390625 0.0791015625
14 0.33544921875 0.88134765625 0.0263671875 0.0791015625
14 0.36083984375 0.8837890625 0.0283203125 0.080078125
14 0.38525390625 0.884765625 0.0283203125 0.078125
14 0.40771484375 0.88720703125 0.0341796875 0.0810546875
14 0.43212890625 0.88671875 0.0244140625 0.078125
14 0.48046875 0.8876953125 0.02734375 0.080078125
14 0.50390625 0.8896484375 0.029296875 0.080078125
14 0.5283203125 0.8916015625 0.033203125 0.078125
14 0.5537109375 0.888671875 0.03515625 0.08203125
14 0.57958984375 0.89111328125 0.0361328125 0.0791015625
14 0.60205078125 0.892578125 0.0322265625 0.08203125
14 0.62353515625 0.89208984375 0.0302734375 0.0791015625
14 0.64599609375 0.8935546875 0.0263671875 0.078125
14 0.67138671875 0.8935546875 0.0263671875 0.080078125
14 0.6962890625 0.89453125 0.02734375 0.078125
14 0.21630859375 0.880859375 0.0263671875 0.083984375
14 0.193359375 0.87890625 0.0234375 0.078125
14 0.16943359375 0.87646484375 0.0263671875 0.0771484375
14 0.14453125 0.87646484375 0.025390625 0.0791015625
14 0.00927734375 0.8740234375 0.0166015625 0.080078125
14 0.02734375 0.87158203125 0.02734375 0.0751953125
14 0.05126953125 0.873046875 0.0263671875 0.076171875
14 0.07470703125 0.875 0.0224609375 0.07421875
14 0.12158203125 0.876953125 0.0224609375 0.080078125
14 0.7197265625 0.89599609375 0.025390625 0.0771484375
14 0.7431640625 0.89794921875 0.025390625 0.0791015625
14 0.7666015625 0.89794921875 0.029296875 0.0791015625
14 0.92431640625 0.81103515625 0.0244140625 0.0751953125
14 0.97265625 0.81201171875 0.0234375 0.0732421875
14 0.99072265625 0.81201171875 0.0185546875 0.0830078125
14 0.93359375 0.9033203125 0.02734375 0.080078125
14 0.95703125 0.9052734375 0.029296875 0.076171875
14 0.98095703125 0.90576171875 0.0283203125 0.0771484375
14 0.99560546875 0.904296875 0.0087890625 0.07421875
14 0.9482421875 0.8125 0.025390625 0.078125
14 0.89990234375 0.81005859375 0.0263671875 0.0771484375
14 0.79052734375 0.8974609375 0.0263671875 0.080078125
14 0.875 0.8076171875 0.03125 0.078125
14 0.81396484375 0.8984375 0.0283203125 0.08203125
14 0.837890625 0.8994140625 0.02734375 0.08203125
14 0.86279296875 0.90087890625 0.0244140625 0.0791015625
14 0.88525390625 0.90185546875 0.0244140625 0.0771484375
14 0.49267578125 0.7958984375 0.0341796875 0.080078125
14 0.51953125 0.7978515625 0.02734375 0.08203125
14 0.54345703125 0.79638671875 0.0244140625 0.0810546875
14 0.56689453125 0.8017578125 0.0263671875 0.080078125
14 0.61474609375 0.802734375 0.0263671875 0.076171875
14 0.6396484375 0.8017578125 0.02734375 0.080078125
14 0.662109375 0.802734375 0.02734375 0.078125
14 0.68408203125 0.8046875 0.0283203125 0.080078125
14 0.7099609375 0.80517578125 0.025390625 0.0771484375
14 0.73486328125 0.80517578125 0.0263671875 0.0771484375
14 0.7587890625 0.80517578125 0.025390625 0.0732421875
14 0.78173828125 0.80712890625 0.0283203125 0.0732421875
14 0.8076171875 0.806640625 0.025390625 0.078125
14 0.83154296875 0.80810546875 0.0244140625 0.0751953125
14 0.85205078125 0.80712890625 0.0244140625 0.0771484375
