2 0.9208984375 0.15673828125 0.130859375 0.0712890625
2 0.78466796875 0.01611328125 0.1337890625 0.0302734375
2 0.78271484375 0.099609375 0.1298828125 0.0703125
2 0.77978515625 0.21044921875 0.1357421875 0.0732421875
2 0.779296875 0.32470703125 0.126953125 0.0654296875
2 0.998046875 0.326171875 0.00390625 0.06640625
2 0.7734375 0.43603515625 0.13671875 0.0732421875
2 0.92529296875 0.6103515625 0.1298828125 0.072265625
2 0.76953125 0.66162109375 0.130859375 0.0771484375
2 0.91796875 0.720703125 0.119140625 0.0703125
2 0.99658203125 0.43701171875 0.0068359375 0.0908203125
2 0.9931640625 0.77685546875 0.013671875 0.0693359375
2 0.77294921875 0.548828125 0.1376953125 0.08984375
2 0.9912109375 0.673828125 0.017578125 0.08203125
2 0.81689453125 0.9892578125 0.3095703125 0.021484375
2 0.92138671875 0.3857421875 0.1259765625 0.072265625
2 0.91455078125 0.2705078125 0.1396484375 0.07421875
2 0.9140625 0.04541015625 0.125 0.0810546875
2 0.4404296875 0.11962890625 0.326171875 0.2373046875
2 0.43017578125 0.40966796875 0.3076171875 0.3115234375
2 0.4306640625 0.73876953125 0.318359375 0.3193359375
2 0.42626953125 0.95361328125 0.3212890625 0.0927734375
2 0.09619140625 0.23388671875 0.1904296875 0.3056640625
2 0.10205078125 0.5654296875 0.2021484375 0.310546875
2 0.1220703125 0.8720703125 0.2421875 0.255859375
