2 0.45166015625 0.11767578125 0.1630859375 0.1279296875
2 0.2080078125 0.0390625 0.158203125 0.076171875
2 0.369140625 0.04150390625 0.16015625 0.0810546875
2 0.53466796875 0.044921875 0.1630859375 0.087890625
2 0.7001953125 0.04931640625 0.158203125 0.0966796875
2 0.8681640625 0.04931640625 0.154296875 0.0966796875
2 0.78125 0.1337890625 0.1640625 0.125
2 0.6162109375 0.12744140625 0.166015625 0.1318359375
2 0.28564453125 0.1103515625 0.1630859375 0.134765625
2 0.12158203125 0.103515625 0.1591796875 0.125
2 0.01806640625 0.1015625 0.0341796875 0.125
2 0.056640625 0.40576171875 0.111328125 0.1201171875
2 0.19921875 0.41064453125 0.158203125 0.1201171875
2 0.3671875 0.41015625 0.1640625 0.12890625
2 0.53173828125 0.4169921875 0.1572265625 0.126953125
2 0.69677734375 0.4189453125 0.1630859375 0.126953125
2 0.060546875 0.03564453125 0.119140625 0.0693359375
2 0.77783203125 0.51513671875 0.1650390625 0.1279296875
2 0.86279296875 0.42138671875 0.1591796875 0.1201171875
2 0.6103515625 0.51171875 0.16015625 0.125
2 0.4443359375 0.5078125 0.15625 0.123046875
2 0.6875 0.81005859375 0.158203125 0.1201171875
2 0.2802734375 0.50390625 0.16015625 0.12109375
2 0.11669921875 0.501953125 0.1611328125 0.125
2 0.015625 0.50390625 0.029296875 0.119140625
2 0.05419921875 0.7978515625 0.1064453125 0.125
2 0.19140625 0.8017578125 0.15625 0.123046875
2 0.357421875 0.80517578125 0.16015625 0.1220703125
2 0.5234375 0.80810546875 0.15625 0.1220703125
2 0.85205078125 0.81591796875 0.1552734375 0.1201171875
2 0.7685546875 0.90673828125 0.15625 0.1240234375
2 0.6015625 0.90283203125 0.158203125 0.1240234375
2 0.4375 0.90185546875 0.16015625 0.1298828125
2 0.27294921875 0.8974609375 0.1572265625 0.123046875
2 0.10595703125 0.8935546875 0.1611328125 0.123046875
2 0.01123046875 0.89111328125 0.0205078125 0.1240234375
