2 0.0703125 0.03466796875 0.0703125 0.0673828125
2 0.01611328125 0.03173828125 0.0302734375 0.0615234375
2 0.3212890625 0.25146484375 0.0625 0.0654296875
2 0.140625 0.03271484375 0.0703125 0.0634765625
2 0.177734375 0.06787109375 0.06640625 0.0634765625
2 0.10546875 0.06591796875 0.064453125 0.0595703125
2 0.033203125 0.06640625 0.06640625 0.06640625
2 0.1416015625 0.20556640625 0.064453125 0.0693359375
2 0.03271484375 0.24951171875 0.0634765625 0.0576171875
2 0.28564453125 0.208984375 0.0634765625 0.068359375
2 0.3896484375 0.39599609375 0.06640625 0.0654296875
2 0.42578125 0.43798828125 0.064453125 0.0693359375
2 0.61669921875 0.93310546875 0.0556640625 0.0771484375
2 0.55712890625 0.93603515625 0.0537109375 0.0771484375
2 0.498046875 0.93115234375 0.056640625 0.0751953125
2 0.43603515625 0.92919921875 0.0517578125 0.0771484375
2 0.3759765625 0.93017578125 0.052734375 0.0771484375
2 0.3134765625 0.931640625 0.0546875 0.076171875
2 0.20654296875 0.5771484375 0.0654296875 0.068359375
2 0.03076171875 0.392578125 0.0595703125 0.0625
2 0.21044921875 0.43359375 0.0654296875 0.0625
2 0.35498046875 0.43701171875 0.0634765625 0.0634765625
2 0.421875 0.5810546875 0.06640625 0.0625
2 0.25439453125 0.93212890625 0.0517578125 0.0791015625
2 0.4951171875 0.5791015625 0.0625 0.068359375
2 0.19482421875 0.93115234375 0.0517578125 0.0771484375
2 0.13427734375 0.92919921875 0.0517578125 0.0771484375
2 0.07470703125 0.93017578125 0.0498046875 0.0791015625
2 0.0771484375 0.775390625 0.068359375 0.0625
2 0.3076171875 0.77685546875 0.068359375 0.0634765625
2 0.4619140625 0.779296875 0.0703125 0.0625
2 0.53662109375 0.7783203125 0.0693359375 0.064453125
2 0.615234375 0.779296875 0.068359375 0.06640625
2 0.8359375 0.947265625 0.041015625 0.037109375
2 0.86083984375 0.91943359375 0.0439453125 0.0361328125
2 0.8857421875 0.9482421875 0.041015625 0.037109375
2 0.9111328125 0.92041015625 0.04296875 0.0361328125
2 0.93603515625 0.94921875 0.0439453125 0.037109375
2 0.96142578125 0.92138671875 0.0439453125 0.0380859375
2 0.98193359375 0.94921875 0.0361328125 0.037109375
2 0.9951171875 0.9208984375 0.009765625 0.033203125
2 0.9931640625 0.53369140625 0.013671875 0.0537109375
2 0.9404296875 0.40380859375 0.068359375 0.0517578125
2 0.86474609375 0.4013671875 0.0673828125 0.05078125
2 0.7890625 0.39892578125 0.068359375 0.0517578125
2 0.86376953125 0.01220703125 0.0791015625 0.0224609375
2 0.6796875 0.0087890625 0.078125 0.015625
2 0.58837890625 0.00830078125 0.0771484375 0.0146484375
2 0.49755859375 0.00634765625 0.0810546875 0.0107421875
2 0.40576171875 0.0068359375 0.0791015625 0.01171875
2 0.7724609375 0.00927734375 0.08203125 0.0166015625
2 0.9560546875 0.01318359375 0.080078125 0.0244140625
2 0.53662109375 0.15283203125 0.0810546875 0.0634765625
2 0.6279296875 0.15576171875 0.08203125 0.0634765625
2 0.71923828125 0.1591796875 0.0810546875 0.060546875
2 0.80908203125 0.1611328125 0.0849609375 0.0625
2 0.9033203125 0.1640625 0.080078125 0.060546875
2 0.97607421875 0.16552734375 0.0478515625 0.0576171875
