2 0.6044921875 0.837890625 0.130859375 0.076171875
2 0.60888671875 0.49658203125 0.1337890625 0.0732421875
2 0.60498046875 0.7255859375 0.1337890625 0.076171875
2 0.6201171875 0.1611328125 0.134765625 0.080078125
2 0.2880859375 0.15673828125 0.130859375 0.0712890625
2 0.15185546875 0.01611328125 0.1337890625 0.0302734375
2 0.14990234375 0.099609375 0.1298828125 0.0703125
2 0.14697265625 0.21044921875 0.1357421875 0.0732421875
2 0.146484375 0.32470703125 0.126953125 0.0654296875
2 0.4306640625 0.328125 0.134765625 0.0703125
2 0.140625 0.43603515625 0.13671875 0.0732421875
2 0.29248046875 0.6103515625 0.1298828125 0.072265625
2 0.13671875 0.66162109375 0.130859375 0.0771484375
2 0.28515625 0.720703125 0.119140625 0.0703125
2 0.43212890625 0.43896484375 0.1435546875 0.0947265625
2 0.41748046875 0.78076171875 0.1279296875 0.0771484375
2 0.4267578125 0.55419921875 0.134765625 0.0791015625
2 0.61279296875 0.6123046875 0.1513671875 0.080078125
2 0.14013671875 0.548828125 0.1376953125 0.08984375
2 0.42626953125 0.67333984375 0.1533203125 0.0849609375
2 0.53662109375 0.923828125 0.3134765625 0.15234375
2 0.18408203125 0.9892578125 0.3095703125 0.021484375
2 0.28857421875 0.3857421875 0.1259765625 0.072265625
2 0.6123046875 0.38671875 0.14453125 0.07421875
2 0.28173828125 0.2705078125 0.1396484375 0.07421875
2 0.6123046875 0.2822265625 0.1484375 0.08984375
2 0.28125 0.04541015625 0.125 0.0810546875
2 0.62255859375 0.06103515625 0.1416015625 0.0830078125
