2 0.845703125 0.42236328125 0.154296875 0.1220703125
2 0.7646484375 0.5107421875 0.15625 0.125
2 0.59912109375 0.50439453125 0.1611328125 0.1298828125
2 0.4326171875 0.49755859375 0.1640625 0.1318359375
2 0.26904296875 0.4892578125 0.1611328125 0.12890625
2 0.10302734375 0.484375 0.1591796875 0.126953125
2 0.00830078125 0.4794921875 0.0146484375 0.12890625
2 0.517578125 0.40869140625 0.16015625 0.1220703125
2 0.7529296875 0.8837890625 0.154296875 0.123046875
2 0.6826171875 0.41455078125 0.162109375 0.1259765625
2 0.353515625 0.40087890625 0.16015625 0.1220703125
2 0.6875 0.033203125 0.158203125 0.064453125
2 0.05322265625 0.0283203125 0.1044921875 0.0546875
2 0.19140625 0.02978515625 0.15625 0.0576171875
2 0.357421875 0.03125 0.16015625 0.060546875
2 0.5234375 0.03271484375 0.15625 0.0634765625
2 0.8515625 0.0361328125 0.154296875 0.0703125
2 0.1875 0.39453125 0.16015625 0.12109375
2 0.7685546875 0.10205078125 0.15625 0.1240234375
2 0.6015625 0.09814453125 0.158203125 0.1240234375
2 0.4375 0.09716796875 0.16015625 0.1298828125
2 0.27294921875 0.0927734375 0.1572265625 0.123046875
2 0.10595703125 0.0888671875 0.1611328125 0.123046875
2 0.01123046875 0.08642578125 0.0205078125 0.1240234375
2 0.052734375 0.390625 0.103515625 0.12890625
