2 0.4501953125 0.0166015625 0.060546875 0.03125
2 0.32421875 0.08251953125 0.052734375 0.0361328125
2 0.32666015625 0.03564453125 0.0693359375 0.0693359375
2 0.072265625 0.9228515625 0.142578125 0.154296875
2 0.55078125 0.642578125 0.05859375 0.0625
2 0.51806640625 0.67041015625 0.0556640625 0.0595703125
2 0.486328125 0.70458984375 0.099609375 0.0966796875
2 0.41259765625 0.72802734375 0.1298828125 0.1396484375
2 0.333984375 0.765625 0.14453125 0.13671875
2 0.21630859375 0.7939453125 0.1455078125 0.14453125
2 0.08251953125 0.7861328125 0.1630859375 0.173828125
2 0.01513671875 0.75537109375 0.0283203125 0.0673828125
2 0.3466796875 0.62890625 0.046875 0.041015625
2 0.30029296875 0.63525390625 0.0458984375 0.0361328125
2 0.26318359375 0.6435546875 0.0439453125 0.04296875
2 0.2177734375 0.65771484375 0.068359375 0.0634765625
2 0.16796875 0.66259765625 0.052734375 0.0478515625
2 0.12353515625 0.6650390625 0.0595703125 0.056640625
2 0.06689453125 0.6455078125 0.1279296875 0.111328125
2 0.02099609375 0.62060546875 0.0400390625 0.0478515625
2 0.08154296875 0.548828125 0.1318359375 0.1484375
2 0.1259765625 0.5 0.076171875 0.060546875
2 0.17578125 0.5322265625 0.076171875 0.064453125
2 0.373046875 0.90673828125 0.234375 0.1865234375
2 0.28759765625 0.501953125 0.0732421875 0.080078125
2 0.22802734375 0.5029296875 0.0830078125 0.0859375
2 0.33349609375 0.4951171875 0.0849609375 0.10546875
2 0.2060546875 0.38427734375 0.083984375 0.0888671875
2 0.24365234375 0.32470703125 0.0439453125 0.0615234375
2 0.20751953125 0.328125 0.0537109375 0.06640625
2 0.16015625 0.35205078125 0.060546875 0.0419921875
2 0.06298828125 0.2470703125 0.1240234375 0.158203125
2 0.0732421875 0.1123046875 0.14453125 0.22265625
2 0.28369140625 0.3076171875 0.0615234375 0.0625
2 0.25732421875 0.37744140625 0.0712890625 0.0693359375
2 0.41064453125 0.45458984375 0.0830078125 0.0947265625
2 0.2919921875 0.36083984375 0.064453125 0.0673828125
2 0.69189453125 0.41650390625 0.0712890625 0.0693359375
2 0.58837890625 0.4580078125 0.0712890625 0.0703125
2 0.44140625 0.5283203125 0.03515625 0.0390625
2 0.529296875 0.48095703125 0.07421875 0.0732421875
2 0.53466796875 0.3955078125 0.0771484375 0.0859375
2 0.59375 0.36474609375 0.0703125 0.0888671875
2 0.6455078125 0.33837890625 0.048828125 0.0791015625
2 0.69482421875 0.302734375 0.0634765625 0.080078125
2 0.58984375 0.21240234375 0.0859375 0.0673828125
2 0.58251953125 0.16796875 0.0615234375 0.064453125
2 0.55224609375 0.2431640625 0.0849609375 0.06640625
2 0.5380859375 0.1796875 0.072265625 0.072265625
2 0.4990234375 0.263671875 0.08203125 0.08203125
2 0.47265625 0.2109375 0.0859375 0.08203125
2 0.45849609375 0.28515625 0.0654296875 0.0625
2 0.4140625 0.2373046875 0.09765625 0.107421875
2 0.412109375 0.3056640625 0.0703125 0.068359375
2 0.369140625 0.32666015625 0.068359375 0.0673828125
2 0.345703125 0.2734375 0.06640625 0.0625
