2 0.80029296875 0.06005859375 0.1396484375 0.1181640625
2 0.953125 0.40478515625 0.09375 0.1826171875
2 0.88134765625 0.34033203125 0.1904296875 0.1943359375
2 0.8173828125 0.294921875 0.07421875 0.072265625
2 0.71240234375 0.26171875 0.2763671875 0.267578125
2 0.6787109375 0.13916015625 0.1484375 0.1435546875
2 0.58984375 0.08447265625 0.24609375 0.1669921875
2 0.8740234375 0.12890625 0.150390625 0.140625
2 0.9599609375 0.1640625 0.080078125 0.1171875
2 0.93603515625 0.07373046875 0.1279296875 0.1455078125
2 0.9443359375 0.6943359375 0.095703125 0.083984375
