1 0.71533203125 0.44189453125 0.1220703125 0.0830078125
1 0.86181640625 0.5234375 0.1611328125 0.107421875
1 0.67236328125 0.466796875 0.1044921875 0.072265625
1 0.80322265625 0.59912109375 0.1396484375 0.1064453125
1 0.0107421875 0.06640625 0.01953125 0.037109375
1 0.06005859375 0.0576171875 0.1181640625 0.091796875
1 0.056640625 0.103515625 0.099609375 0.08203125
1 0.16455078125 0.1318359375 0.1181640625 0.1015625
1 0.02392578125 0.15234375 0.0458984375 0.078125
1 0.07763671875 0.2197265625 0.0966796875 0.08984375
1 0.07275390625 0.27978515625 0.1181640625 0.1435546875
1 0.013671875 0.61328125 0.025390625 0.04296875
1 0.13671875 0.744140625 0.140625 0.099609375
1 0.02197265625 0.9755859375 0.0419921875 0.048828125
0 0.47509765625 0.48583984375 0.0439453125 0.0361328125
1 0.6142578125 0.22802734375 0.046875 0.0380859375
0 0.62841796875 0.2099609375 0.0478515625 0.037109375
1 0.07568359375 0.16796875 0.1201171875 0.099609375
1 0.02392578125 0.2490234375 0.0458984375 0.09375
0 0.14794921875 0.02734375 0.0419921875 0.05078125
0 0.1259765625 0.0224609375 0.04296875 0.04296875
0 0.10546875 0.0146484375 0.033203125 0.02734375
0 0.08154296875 0.00732421875 0.0263671875 0.0126953125
0 0.29736328125 0.1123046875 0.0478515625 0.04296875
0 0.31298828125 0.09130859375 0.0419921875 0.0361328125
0 0.2236328125 0.07275390625 0.04296875 0.0498046875
0 0.31787109375 0.06884765625 0.0458984375 0.0400390625
0 0.3310546875 0.05029296875 0.0390625 0.0341796875
0 0.3525390625 0.013671875 0.05078125 0.025390625
