1 0.48388671875 0.85546875 0.1298828125 0.123046875
1 0.5400390625 0.853515625 0.109375 0.09375
1 0.35302734375 0.6220703125 0.0908203125 0.13671875
1 0.53173828125 0.04296875 0.0673828125 0.083984375
1 0.58251953125 0.416015625 0.1201171875 0.130859375
1 0.50390625 0.0205078125 0.0390625 0.0390625
1 0.423828125 0.1806640625 0.0703125 0.1328125
0 0.1376953125 0.20751953125 0.041015625 0.0439453125
0 0.1220703125 0.19287109375 0.0390625 0.0400390625
0 0.1015625 0.18115234375 0.03515625 0.0380859375
0 0.1513671875 0.158203125 0.046875 0.044921875
0 0.1171875 0.134765625 0.0390625 0.0390625
0 0.1015625 0.11669921875 0.04296875 0.0458984375
0 0.0380859375 0.1162109375 0.037109375 0.037109375
0 0.021484375 0.1044921875 0.0390625 0.041015625
0 0.06396484375 0.0888671875 0.0380859375 0.037109375
0 0.25634765625 0.1396484375 0.0322265625 0.041015625
0 0.23681640625 0.1259765625 0.0322265625 0.04296875
0 0.21240234375 0.10546875 0.0263671875 0.041015625
0 0.18603515625 0.0791015625 0.0439453125 0.044921875
0 0.1455078125 0.0400390625 0.025390625 0.0390625
0 0.11572265625 0.02001953125 0.0244140625 0.0380859375
0 0.07958984375 0.02783203125 0.0400390625 0.0302734375
0 0.08056640625 0.00732421875 0.0224609375 0.0126953125
0 0.154296875 0.2255859375 0.044921875 0.046875
0 0.0087890625 0.26220703125 0.015625 0.0322265625
0 0.01708984375 0.2783203125 0.0341796875 0.037109375
1 0.01904296875 0.3994140625 0.0361328125 0.046875
0 0.03515625 0.29443359375 0.0390625 0.0419921875
0 0.0830078125 0.33935546875 0.0390625 0.0439453125
0 0.11376953125 0.30712890625 0.0419921875 0.0419921875
0 0.09375 0.2919921875 0.04296875 0.041015625
0 0.07861328125 0.27587890625 0.0400390625 0.0380859375
0 0.04345703125 0.2470703125 0.0439453125 0.04296875
0 0.01611328125 0.220703125 0.0302734375 0.037109375
