0 0.9267578125 0.939453125 0.046875 0.037109375
1 0.16162109375 0.46923828125 0.1416015625 0.0947265625
1 0.15673828125 0.42431640625 0.1357421875 0.0927734375
1 0.04345703125 0.39453125 0.0849609375 0.0703125
1 0.2861328125 0.21044921875 0.1484375 0.1025390625
1 0.6982421875 0.13134765625 0.140625 0.1357421875
1 0.24169921875 0.3056640625 0.1318359375 0.08984375
1 0.26220703125 0.27734375 0.1455078125 0.099609375
1 0.24951171875 0.14599609375 0.1474609375 0.1005859375
1 0.18115234375 0.3984375 0.1513671875 0.1015625
1 0.36279296875 0.0859375 0.1123046875 0.078125
1 0.400390625 0.0654296875 0.111328125 0.076171875
1 0.28955078125 0.025390625 0.1201171875 0.048828125
1 0.3974609375 0.03857421875 0.146484375 0.0751953125
1 0.5615234375 0.02392578125 0.0859375 0.0458984375
1 0.162109375 0.13671875 0.126953125 0.0859375
1 0.05615234375 0.32080078125 0.1103515625 0.0888671875
1 0.193359375 0.36474609375 0.1328125 0.0927734375
1 0.0615234375 0.283203125 0.12109375 0.091796875
1 0.21923828125 0.33837890625 0.1513671875 0.1025390625
1 0.0927734375 0.2646484375 0.11328125 0.078125
1 0.02197265625 0.2216796875 0.0419921875 0.046875
1 0.02685546875 0.1826171875 0.0517578125 0.05078125
1 0.1181640625 0.1982421875 0.13671875 0.091796875
1 0.02197265625 0.14111328125 0.0419921875 0.0439453125
1 0.03173828125 0.10205078125 0.0615234375 0.0576171875
1 0.041015625 0.06689453125 0.080078125 0.0673828125
1 0.04541015625 0.0322265625 0.0888671875 0.0625
0 0.32275390625 0.60009765625 0.0478515625 0.0400390625
0 0.37109375 0.62109375 0.044921875 0.041015625
0 0.57666015625 0.908203125 0.0302734375 0.04296875
