1 0.35205078125 0.9375 0.0888671875 0.125
1 0.541015625 0.34130859375 0.0859375 0.1298828125
1 0.58251953125 0.7373046875 0.1201171875 0.130859375
1 0.615234375 0.20849609375 0.09375 0.1396484375
1 0.7490234375 0.115234375 0.107421875 0.0625
1 0.80908203125 0.02880859375 0.0673828125 0.0556640625
0 0.01708984375 0.24755859375 0.0322265625 0.0380859375
1 0.94775390625 0.25537109375 0.1044921875 0.1044921875
1 0.68310546875 0.01708984375 0.0458984375 0.0322265625
1 0.626953125 0.0302734375 0.03515625 0.05859375
1 0.52490234375 0.29296875 0.0810546875 0.13671875
1 0.423828125 0.501953125 0.0703125 0.1328125
0 0.0595703125 0.2861328125 0.02734375 0.03515625
0 0.1376953125 0.52880859375 0.041015625 0.0439453125
0 0.1220703125 0.51416015625 0.0390625 0.0400390625
0 0.1015625 0.50244140625 0.03515625 0.0380859375
0 0.1513671875 0.4794921875 0.046875 0.044921875
0 0.1171875 0.4560546875 0.0390625 0.0390625
0 0.1015625 0.43798828125 0.04296875 0.0458984375
0 0.0380859375 0.4375 0.037109375 0.037109375
0 0.021484375 0.42578125 0.0390625 0.041015625
0 0.06396484375 0.41015625 0.0380859375 0.037109375
0 0.25634765625 0.4609375 0.0322265625 0.041015625
0 0.23681640625 0.447265625 0.0322265625 0.04296875
0 0.21240234375 0.4267578125 0.0263671875 0.041015625
0 0.18603515625 0.400390625 0.0439453125 0.044921875
0 0.1455078125 0.361328125 0.025390625 0.0390625
0 0.1171875 0.33984375 0.02734375 0.041015625
0 0.07958984375 0.34912109375 0.0400390625 0.0302734375
0 0.0888671875 0.3115234375 0.0390625 0.046875
0 0.154296875 0.546875 0.044921875 0.046875
0 0.0087890625 0.58349609375 0.015625 0.0322265625
0 0.01708984375 0.599609375 0.0341796875 0.037109375
1 0.01904296875 0.720703125 0.0361328125 0.046875
0 0.03515625 0.61572265625 0.0390625 0.0419921875
0 0.0830078125 0.66064453125 0.0390625 0.0439453125
0 0.11376953125 0.62841796875 0.0419921875 0.0419921875
0 0.09375 0.61328125 0.04296875 0.041015625
0 0.07861328125 0.59716796875 0.0400390625 0.0380859375
0 0.04345703125 0.568359375 0.0439453125 0.04296875
0 0.01611328125 0.5419921875 0.0302734375 0.037109375
