1 0.6484375 0.185546875 0.046875 0.146484375
1 0.29638671875 0.974609375 0.0498046875 0.05078125
1 0.35546875 0.896484375 0.08984375 0.134765625
1 0.392578125 0.78564453125 0.109375 0.1337890625
1 0.6025390625 0.69775390625 0.13671875 0.1025390625
1 0.40380859375 0.67724609375 0.1142578125 0.1005859375
1 0.3603515625 0.59228515625 0.14453125 0.0927734375
1 0.21142578125 0.51318359375 0.1025390625 0.0849609375
1 0.67919921875 0.18701171875 0.0517578125 0.1455078125
1 0.61181640625 0.14453125 0.0439453125 0.134765625
1 0.50439453125 0.1455078125 0.0400390625 0.1484375
1 0.73583984375 0.73876953125 0.1474609375 0.0869140625
1 0.919921875 0.78759765625 0.134765625 0.0908203125
1 0.85107421875 0.29736328125 0.0595703125 0.1455078125
1 0.830078125 0.22021484375 0.05078125 0.1474609375
1 0.7841796875 0.20263671875 0.05078125 0.1337890625
1 0.06103515625 0.75048828125 0.0712890625 0.1455078125
0 0.40966796875 0.87060546875 0.0654296875 0.0732421875
1 0.416015625 0.9326171875 0.087890625 0.134765625
1 0.56396484375 0.767578125 0.1494140625 0.099609375
1 0.458984375 0.6064453125 0.10546875 0.126953125
0 0.576171875 0.56640625 0.03515625 0.044921875
0 0.63232421875 0.52197265625 0.0419921875 0.0458984375
0 0.55322265625 0.556640625 0.0322265625 0.041015625
0 0.61865234375 0.36181640625 0.0537109375 0.0458984375
1 0.74609375 0.19677734375 0.056640625 0.1474609375
1 0.72021484375 0.208984375 0.0400390625 0.099609375
1 0.57275390625 0.140625 0.0439453125 0.140625
