1 0.3037109375 0.8330078125 0.076171875 0.109375
1 0.23486328125 0.61572265625 0.0966796875 0.1474609375
1 0.30810546875 0.59228515625 0.0771484375 0.1298828125
1 0.35888671875 0.58154296875 0.0908203125 0.1474609375
1 0.6259765625 0.51904296875 0.103515625 0.0751953125
1 0.27685546875 0.47900390625 0.0888671875 0.1435546875
1 0.35546875 0.3544921875 0.08984375 0.134765625
1 0.392578125 0.24365234375 0.109375 0.1337890625
1 0.6025390625 0.15576171875 0.13671875 0.1025390625
1 0.40380859375 0.13525390625 0.1142578125 0.1005859375
1 0.3603515625 0.05029296875 0.14453125 0.0927734375
1 0.10546875 0.7939453125 0.09375 0.14453125
1 0.73583984375 0.19677734375 0.1474609375 0.0869140625
1 0.919921875 0.24560546875 0.134765625 0.0908203125
1 0.06103515625 0.20849609375 0.0712890625 0.1455078125
1 0.50341796875 0.5908203125 0.0634765625 0.05078125
0 0.40966796875 0.32861328125 0.0654296875 0.0732421875
1 0.416015625 0.39111328125 0.087890625 0.1357421875
1 0.56396484375 0.2255859375 0.1494140625 0.099609375
1 0.458984375 0.064453125 0.10546875 0.126953125
0 0.576171875 0.0244140625 0.03515625 0.044921875
0 0.55126953125 0.01806640625 0.0283203125 0.0341796875
