0 0.04248046875 0.1279296875 0.0439453125 0.033203125
0 0.048828125 0.10595703125 0.04296875 0.0302734375
0 0.13427734375 0.052734375 0.0458984375 0.03515625
1 0.67919921875 0.29833984375 0.0888671875 0.0361328125
1 0.14013671875 0.66845703125 0.0869140625 0.0732421875
1 0.27392578125 0.34228515625 0.0810546875 0.0576171875
1 0.37646484375 0.1787109375 0.0927734375 0.064453125
1 0.0107421875 0.87109375 0.01953125 0.037109375
1 0.06005859375 0.8623046875 0.1181640625 0.091796875
1 0.056640625 0.908203125 0.099609375 0.08203125
1 0.16455078125 0.9365234375 0.1181640625 0.1015625
1 0.02392578125 0.95703125 0.0458984375 0.078125
0 0.0263671875 0.14990234375 0.048828125 0.0341796875
1 0.1142578125 0.18505859375 0.041015625 0.0322265625
1 0.1015625 0.20703125 0.05078125 0.0390625
0 0.03076171875 0.5185546875 0.0419921875 0.03515625
0 0.96240234375 0.60693359375 0.0361328125 0.0458984375
0 0.95361328125 0.5634765625 0.0400390625 0.05078125
0 0.86181640625 0.603515625 0.0517578125 0.037109375
0 0.87060546875 0.578125 0.0439453125 0.037109375
1 0.87939453125 0.48974609375 0.0517578125 0.0439453125
1 0.48876953125 0.5556640625 0.0634765625 0.052734375
1 0.8447265625 0.6298828125 0.0546875 0.04296875
0 0.65869140625 0.19140625 0.0400390625 0.021484375
0 0.7529296875 0.16748046875 0.04296875 0.0341796875
1 0.0751953125 0.96142578125 0.119140625 0.0771484375
0 0.14794921875 0.83203125 0.0419921875 0.05078125
0 0.12646484375 0.8212890625 0.0439453125 0.0546875
0 0.1083984375 0.80908203125 0.0390625 0.0478515625
0 0.087890625 0.7958984375 0.0390625 0.044921875
0 0.06787109375 0.7890625 0.0419921875 0.05078125
0 0.29736328125 0.9169921875 0.0478515625 0.04296875
0 0.31298828125 0.89599609375 0.0419921875 0.0361328125
0 0.2236328125 0.87744140625 0.04296875 0.0498046875
0 0.31787109375 0.87353515625 0.0458984375 0.0400390625
0 0.3310546875 0.85498046875 0.0390625 0.0341796875
0 0.35205078125 0.81103515625 0.0517578125 0.0400390625
1 0.35205078125 0.7763671875 0.0556640625 0.046875
1 0.42919921875 0.68359375 0.0439453125 0.037109375
0 0.44970703125 0.64306640625 0.0458984375 0.0380859375
1 0.1875 0.4970703125 0.0625 0.046875
0 0.466796875 0.59912109375 0.044921875 0.0380859375
0 0.5244140625 0.51318359375 0.046875 0.0341796875
1 0.38427734375 0.15283203125 0.0517578125 0.0400390625
1 0.40771484375 0.1015625 0.0439453125 0.037109375
0 0.3212890625 0.0673828125 0.048828125 0.041015625
0 0.30712890625 0.09521484375 0.0458984375 0.0400390625
0 0.2744140625 0.15869140625 0.041015625 0.0341796875
0 0.265625 0.17578125 0.04296875 0.03515625
0 0.22119140625 0.2568359375 0.0419921875 0.033203125
0 0.21044921875 0.27392578125 0.0400390625 0.0341796875
0 0.19970703125 0.29052734375 0.0419921875 0.0361328125
0 0.1650390625 0.31201171875 0.041015625 0.0341796875
0 0.15673828125 0.32861328125 0.0400390625 0.0341796875
0 0.16259765625 0.38671875 0.0302734375 0.04296875
