4 0.0048828125 0.42236328125 0.0078125 0.0107421875
4 0.00390625 0.41064453125 0.005859375 0.0146484375
4 0.0869140625 0.32470703125 0.103515625 0.0830078125
4 0.15576171875 0.3134765625 0.1259765625 0.08984375
4 0.20263671875 0.24951171875 0.1220703125 0.0908203125
4 0.11572265625 0.36181640625 0.0498046875 0.0400390625
4 0.16943359375 0.333984375 0.0517578125 0.044921875
4 0.384765625 0.16455078125 0.1875 0.1455078125
4 0.40234375 0.201171875 0.18359375 0.13671875
4 0.39306640625 0.24853515625 0.1787109375 0.1240234375
4 0.6552734375 0.13720703125 0.103515625 0.1201171875
4 0.8017578125 0.2392578125 0.154296875 0.083984375
4 0.91943359375 0.453125 0.1279296875 0.109375
4 0.86376953125 0.515625 0.1552734375 0.087890625
4 0.95068359375 0.44921875 0.0791015625 0.06640625
4 0.978515625 0.4208984375 0.04296875 0.060546875
4 0.65087890625 0.18701171875 0.1435546875 0.1630859375
