4 0.45751953125 0.7119140625 0.2529296875 0.138671875
4 0.41650390625 0.67041015625 0.2431640625 0.1240234375
4 0.396484375 0.630859375 0.2734375 0.140625
4 0.3740234375 0.5888671875 0.24609375 0.1171875
4 0.34423828125 0.55078125 0.2607421875 0.138671875
4 0.07666015625 0.80419921875 0.1513671875 0.1025390625
4 0.517578125 0.78515625 0.236328125 0.146484375
4 0.45556640625 0.76708984375 0.2451171875 0.1474609375
4 0.5029296875 0.849609375 0.255859375 0.1640625
4 0.55419921875 0.87548828125 0.1923828125 0.1240234375
