4 0.791015625 0.30322265625 0.044921875 0.0380859375
4 0.77783203125 0.29541015625 0.0673828125 0.0498046875
4 0.47705078125 0.791015625 0.1279296875 0.08203125
4 0.54638671875 0.8056640625 0.1650390625 0.111328125
4 0.53759765625 0.7841796875 0.0986328125 0.06640625
4 0.71044921875 0.54931640625 0.1962890625 0.1201171875
4 0.740234375 0.27197265625 0.091796875 0.0595703125
4 0.7646484375 0.28271484375 0.076171875 0.0556640625
4 0.8916015625 0.19189453125 0.103515625 0.0830078125
4 0.94873046875 0.18310546875 0.1025390625 0.0849609375
4 0.97314453125 0.1357421875 0.0537109375 0.052734375
4 0.92041015625 0.22900390625 0.0498046875 0.0400390625
4 0.97412109375 0.201171875 0.0517578125 0.044921875
4 0.35595703125 0.85888671875 0.1298828125 0.0849609375
