4 0.0048828125 0.28955078125 0.0078125 0.0107421875
4 0.00390625 0.27783203125 0.005859375 0.0146484375
4 0.0869140625 0.19189453125 0.103515625 0.0830078125
4 0.15576171875 0.1806640625 0.1259765625 0.08984375
4 0.20263671875 0.11669921875 0.1220703125 0.0908203125
4 0.11572265625 0.22900390625 0.0498046875 0.0400390625
4 0.16943359375 0.201171875 0.0517578125 0.044921875
4 0.38134765625 0.052734375 0.1806640625 0.103515625
4 0.40234375 0.068359375 0.18359375 0.13671875
4 0.39306640625 0.11572265625 0.1787109375 0.1240234375
4 0.63818359375 0.03271484375 0.0693359375 0.0634765625
4 0.8017578125 0.1064453125 0.154296875 0.083984375
4 0.91943359375 0.3203125 0.1279296875 0.109375
4 0.86376953125 0.3828125 0.1552734375 0.087890625
4 0.95068359375 0.31640625 0.0791015625 0.06640625
4 0.978515625 0.2880859375 0.04296875 0.060546875
4 0.64453125 0.068359375 0.130859375 0.134765625
