1 0.52734375 0.0966796875 0.109375 0.037109375
1 0.01904296875 0.8603515625 0.0361328125 0.025390625
1 0.01513671875 0.8017578125 0.0283203125 0.0234375
1 0.58837890625 0.474609375 0.1103515625 0.037109375
1 0.01318359375 0.775390625 0.0244140625 0.025390625
1 0.00830078125 0.716796875 0.0146484375 0.021484375
1 0.0048828125 0.681640625 0.0078125 0.021484375
0 0.85107421875 0.23583984375 0.0205078125 0.0322265625
0 0.8408203125 0.01220703125 0.0234375 0.0224609375
0 0.8935546875 0.11279296875 0.037109375 0.0380859375
0 0.84619140625 0.13916015625 0.0224609375 0.0322265625
0 0.91650390625 0.25390625 0.0322265625 0.01953125
0 0.92041015625 0.2763671875 0.0361328125 0.021484375
0 0.869140625 0.43798828125 0.0234375 0.0400390625
0 0.88330078125 0.6806640625 0.0244140625 0.03515625
