1 0.97900390625 0.568359375 0.0419921875 0.02734375
1 0.99365234375 0.59130859375 0.0126953125 0.0205078125
1 0.99755859375 0.61669921875 0.0048828125 0.0166015625
1 0.990234375 0.64599609375 0.01953125 0.0224609375
1 0.90966796875 0.6875 0.1318359375 0.05078125
1 0.99169921875 0.669921875 0.0166015625 0.0234375
1 0.880859375 0.52392578125 0.091796875 0.0322265625
1 0.8603515625 0.5810546875 0.068359375 0.0390625
1 0.85205078125 0.5546875 0.0556640625 0.033203125
0 0.6005859375 0.01318359375 0.037109375 0.0244140625
0 0.544921875 0.03564453125 0.03125 0.0185546875
0 0.541015625 0.0048828125 0.03125 0.0078125
0 0.544921875 0.05419921875 0.03125 0.0185546875
1 0.8720703125 0.60791015625 0.07421875 0.0458984375
1 0.7373046875 0.37548828125 0.076171875 0.0439453125
1 0.87646484375 0.63623046875 0.0732421875 0.0419921875
1 0.9521484375 0.61865234375 0.072265625 0.0380859375
0 0.97607421875 0.537109375 0.0478515625 0.025390625
1 0.95849609375 0.40625 0.0595703125 0.02734375
1 0.81591796875 0.37158203125 0.0615234375 0.0263671875
1 0.82275390625 0.4052734375 0.0712890625 0.03125
1 0.9716796875 0.31298828125 0.056640625 0.0322265625
1 0.8232421875 0.4580078125 0.052734375 0.03125
1 0.8291015625 0.27685546875 0.07421875 0.0302734375
1 0.833984375 0.21923828125 0.0625 0.0302734375
1 0.76318359375 0.0634765625 0.0498046875 0.02734375
1 0.76025390625 0.115234375 0.0498046875 0.03515625
1 0.83251953125 0.25048828125 0.0537109375 0.0283203125
1 0.73828125 0.234375 0.064453125 0.037109375
1 0.68115234375 0.2529296875 0.0458984375 0.03515625
1 0.689453125 0.27685546875 0.044921875 0.0322265625
1 0.69677734375 0.298828125 0.0478515625 0.033203125
1 0.71630859375 0.32470703125 0.0771484375 0.0419921875
1 0.7255859375 0.3505859375 0.072265625 0.0390625
0 0.48193359375 0.50830078125 0.0400390625 0.0283203125
0 0.60009765625 0.03173828125 0.0341796875 0.0205078125
0 0.60205078125 0.05126953125 0.0322265625 0.0205078125
0 0.60498046875 0.06689453125 0.0341796875 0.0224609375
0 0.60986328125 0.08349609375 0.0322265625 0.0205078125
0 0.61474609375 0.1015625 0.0361328125 0.025390625
0 0.61669921875 0.12451171875 0.0361328125 0.0263671875
1 0.69921875 0.158203125 0.0703125 0.04296875
0 0.51611328125 0.3623046875 0.0400390625 0.033203125
0 0.552734375 0.44580078125 0.03515625 0.0302734375
0 0.5634765625 0.48046875 0.037109375 0.025390625
0 0.572265625 0.50048828125 0.03515625 0.0244140625
0 0.48974609375 0.52392578125 0.0380859375 0.0283203125
0 0.49609375 0.541015625 0.037109375 0.02734375
0 0.51123046875 0.57666015625 0.0400390625 0.0302734375
0 0.40966796875 0.65771484375 0.0380859375 0.0283203125
0 0.78125 0.9462890625 0.0390625 0.029296875
0 0.90234375 0.89892578125 0.037109375 0.0283203125
0 0.98583984375 0.86865234375 0.0283203125 0.0263671875
0 0.5517578125 0.11181640625 0.033203125 0.0185546875
0 0.54931640625 0.09033203125 0.0341796875 0.0205078125
0 0.54736328125 0.07080078125 0.0341796875 0.0205078125
0 0.32275390625 0.00390625 0.0146484375 0.005859375
