4 0.29345703125 0.59375 0.2255859375 0.162109375
4 0.34521484375 0.48974609375 0.2119140625 0.1884765625
4 0.98193359375 0.25 0.0361328125 0.060546875
4 0.5390625 0.455078125 0.12890625 0.138671875
4 0.5078125 0.47509765625 0.138671875 0.1533203125
4 0.478515625 0.4970703125 0.12890625 0.134765625
4 0.4560546875 0.5263671875 0.166015625 0.16015625
4 0.3740234375 0.74267578125 0.15234375 0.1337890625
4 0.3876953125 0.70361328125 0.1328125 0.1103515625
4 0.23291015625 0.60595703125 0.1630859375 0.1298828125
4 0.2822265625 0.54052734375 0.17578125 0.1337890625
4 0.30078125 0.505859375 0.150390625 0.125
