4 0.54248046875 0.30517578125 0.1611328125 0.1337890625
4 0.97802734375 0.57177734375 0.0439453125 0.0615234375
4 0.490234375 0.3505859375 0.150390625 0.115234375
4 0.31396484375 0.24462890625 0.1533203125 0.1884765625
4 0.3603515625 0.17138671875 0.10546875 0.1298828125
4 0.34765625 0.21728515625 0.16796875 0.2060546875
4 0.38134765625 0.13720703125 0.1455078125 0.1591796875
4 0.4052734375 0.1083984375 0.130859375 0.142578125
4 0.4326171875 0.08837890625 0.126953125 0.1337890625
4 0.4833984375 0.0859375 0.15625 0.154296875
