0 0.23974609375 0.59521484375 0.0361328125 0.0263671875
0 0.2080078125 0.97021484375 0.037109375 0.0400390625
0 0.1884765625 0.9306640625 0.037109375 0.0390625
0 0.16748046875 0.89111328125 0.0341796875 0.0380859375
0 0.13818359375 0.85107421875 0.0400390625 0.0439453125
0 0.10302734375 0.8193359375 0.0478515625 0.044921875
0 0.28662109375 0.72412109375 0.0380859375 0.0283203125
0 0.283203125 0.705078125 0.037109375 0.02734375
0 0.2646484375 0.67236328125 0.037109375 0.0283203125
0 0.26220703125 0.65283203125 0.0361328125 0.0244140625
0 0.2548828125 0.63623046875 0.041015625 0.0302734375
0 0.24609375 0.61669921875 0.04296875 0.0302734375
0 0.13330078125 0.66650390625 0.0419921875 0.0283203125
0 0.10107421875 0.5791015625 0.0380859375 0.029296875
0 0.09423828125 0.55908203125 0.0380859375 0.0283203125
0 0.15673828125 0.6171875 0.0400390625 0.02734375
0 0.1494140625 0.59912109375 0.04296875 0.0322265625
0 0.16259765625 0.63525390625 0.0400390625 0.0283203125
0 0.09375 0.45849609375 0.041015625 0.0283203125
0 0.626953125 0.2783203125 0.029296875 0.04296875
0 0.5576171875 0.3017578125 0.02734375 0.0390625
0 0.5380859375 0.310546875 0.025390625 0.037109375
0 0.47216796875 0.33740234375 0.0341796875 0.0400390625
0 0.43505859375 0.34716796875 0.0263671875 0.0361328125
0 0.21533203125 0.7802734375 0.0400390625 0.029296875
0 0.24365234375 0.84814453125 0.0419921875 0.0263671875
0 0.29833984375 0.7626953125 0.0380859375 0.029296875
0 0.302734375 0.7841796875 0.044921875 0.03125
0 0.67333984375 0.9765625 0.0380859375 0.0234375
0 0.66845703125 0.95703125 0.0380859375 0.02734375
0 0.65966796875 0.94189453125 0.0400390625 0.0283203125
0 0.65380859375 0.923828125 0.0400390625 0.02734375
0 0.638671875 0.90576171875 0.03515625 0.0244140625
0 0.63232421875 0.88623046875 0.0341796875 0.0263671875
0 0.6220703125 0.82666015625 0.03515625 0.0263671875
0 0.337890625 0.84912109375 0.041015625 0.0283203125
0 0.318359375 0.814453125 0.037109375 0.029296875
0 0.42138671875 0.35498046875 0.0283203125 0.0380859375
0 0.349609375 0.3837890625 0.029296875 0.044921875
0 0.3291015625 0.38720703125 0.03125 0.0380859375
0 0.31005859375 0.3916015625 0.0263671875 0.037109375
0 0.294921875 0.39990234375 0.025390625 0.0361328125
0 0.27490234375 0.404296875 0.0283203125 0.03515625
0 0.25927734375 0.41259765625 0.0263671875 0.0361328125
