4 0.373046875 0.24365234375 0.169921875 0.1142578125
4 0.39501953125 0.2119140625 0.1396484375 0.1015625
4 0.345703125 0.32080078125 0.236328125 0.1494140625
4 0.359375 0.2802734375 0.17578125 0.119140625
4 0.306640625 0.34716796875 0.15234375 0.0986328125
4 0.30322265625 0.388671875 0.1611328125 0.10546875
4 0.27685546875 0.4140625 0.1259765625 0.09375
4 0.50927734375 0.97412109375 0.0947265625 0.0517578125
4 0.3037109375 0.93017578125 0.1328125 0.1396484375
4 0.3603515625 0.88134765625 0.10546875 0.1298828125
4 0.34619140625 0.912109375 0.1650390625 0.17578125
4 0.38134765625 0.84716796875 0.1455078125 0.1591796875
4 0.4052734375 0.818359375 0.130859375 0.142578125
4 0.4326171875 0.79833984375 0.126953125 0.1337890625
4 0.4833984375 0.7958984375 0.15625 0.154296875
4 0.09912109375 0.3427734375 0.1240234375 0.111328125
