12 0.90283203125 0.7958984375 0.0322265625 0.017578125
2 0.27001953125 0.3671875 0.0498046875 0.05859375
2 0.86572265625 0.16796875 0.0537109375 0.0546875
2 0.74169921875 0.23193359375 0.0537109375 0.0537109375
2 0.6201171875 0.271484375 0.048828125 0.0546875
2 0.4150390625 0.3310546875 0.056640625 0.05859375
2 0.54541015625 0.22607421875 0.0439453125 0.0478515625
2 0.421875 0.2412109375 0.0546875 0.046875
2 0.34619140625 0.35400390625 0.0478515625 0.0537109375
2 0.0908203125 0.62939453125 0.04296875 0.0478515625
2 0.10107421875 0.97509765625 0.0537109375 0.0498046875
2 0.037109375 0.97314453125 0.05078125 0.0537109375
12 0.76806640625 0.890625 0.0341796875 0.0234375
