2 0.74072265625 0.36181640625 0.0439453125 0.0478515625
2 0.61962890625 0.513671875 0.0556640625 0.064453125
2 0.75390625 0.47314453125 0.05859375 0.0673828125
2 0.8955078125 0.62939453125 0.04296875 0.0478515625
2 0.90576171875 0.97509765625 0.0537109375 0.0498046875
2 0.841796875 0.97314453125 0.05078125 0.0537109375
2 0.7568359375 0.9736328125 0.0546875 0.052734375
2 0.6240234375 0.82080078125 0.03515625 0.0458984375
2 0.09130859375 0.5048828125 0.0498046875 0.048828125
2 0.0185546875 0.53271484375 0.03515625 0.0439453125
