1 0.23193359375 0.12939453125 0.1220703125 0.0751953125
1 0.53515625 0.7734375 0.07421875 0.119140625
1 0.26123046875 0.36767578125 0.1181640625 0.0771484375
1 0.40576171875 0.341796875 0.0283203125 0.125
1 0.259765625 0.33984375 0.12109375 0.078125
1 0.2548828125 0.31396484375 0.115234375 0.0732421875
1 0.251953125 0.287109375 0.12109375 0.076171875
1 0.2490234375 0.26171875 0.1171875 0.072265625
1 0.24267578125 0.23828125 0.1240234375 0.07421875
1 0.2421875 0.208984375 0.125 0.078125
1 0.236328125 0.18359375 0.125 0.076171875
1 0.2353515625 0.1552734375 0.119140625 0.076171875
1 0.01123046875 0.1875 0.0205078125 0.029296875
1 0.0205078125 0.16064453125 0.0390625 0.0419921875
1 0.02685546875 0.13671875 0.0517578125 0.046875
1 0.03857421875 0.08447265625 0.0693359375 0.0556640625
1 0.22119140625 0.0830078125 0.1162109375 0.072265625
1 0.21826171875 0.0556640625 0.1181640625 0.076171875
1 0.2080078125 0.0341796875 0.11328125 0.06640625
1 0.13720703125 0.03369140625 0.0888671875 0.0654296875
1 0.35986328125 0.7705078125 0.0439453125 0.12109375
1 0.33447265625 0.775390625 0.0439453125 0.125
1 0.31005859375 0.78076171875 0.0419921875 0.1220703125
1 0.28564453125 0.78662109375 0.0439453125 0.1201171875
1 0.10400390625 0.8134765625 0.0458984375 0.12109375
1 0.13232421875 0.81103515625 0.0439453125 0.1162109375
1 0.162109375 0.80712890625 0.04296875 0.1181640625
1 0.18896484375 0.80126953125 0.0400390625 0.1181640625
1 0.2119140625 0.79638671875 0.041015625 0.1181640625
1 0.23583984375 0.79150390625 0.0400390625 0.1201171875
1 0.26123046875 0.78857421875 0.0419921875 0.1201171875
1 0.009765625 0.86865234375 0.017578125 0.0439453125
0 0.00537109375 0.248046875 0.0087890625 0.021484375
0 0.01806640625 0.330078125 0.0341796875 0.03125
0 0.4384765625 0.36083984375 0.0234375 0.0419921875
0 0.48046875 0.57373046875 0.029296875 0.0361328125
