1 0.42529296875 0.12939453125 0.1220703125 0.0751953125
1 0.728515625 0.7734375 0.07421875 0.119140625
1 0.45458984375 0.36767578125 0.1181640625 0.0771484375
1 0.59912109375 0.341796875 0.0283203125 0.125
1 0.453125 0.33984375 0.12109375 0.078125
1 0.4482421875 0.31396484375 0.115234375 0.0732421875
1 0.4453125 0.287109375 0.12109375 0.076171875
1 0.4423828125 0.26171875 0.1171875 0.072265625
1 0.43603515625 0.23828125 0.1240234375 0.07421875
1 0.435546875 0.208984375 0.125 0.078125
1 0.4296875 0.18359375 0.125 0.076171875
1 0.4287109375 0.1552734375 0.119140625 0.076171875
1 0.17529296875 0.1728515625 0.0791015625 0.05859375
1 0.19140625 0.1513671875 0.083984375 0.060546875
1 0.20654296875 0.1328125 0.0791015625 0.0546875
1 0.23193359375 0.08447265625 0.0693359375 0.0556640625
1 0.41455078125 0.0830078125 0.1162109375 0.072265625
1 0.41162109375 0.0556640625 0.1181640625 0.076171875
1 0.4013671875 0.0341796875 0.11328125 0.06640625
1 0.33056640625 0.03369140625 0.0888671875 0.0654296875
1 0.55322265625 0.7705078125 0.0439453125 0.12109375
1 0.52783203125 0.775390625 0.0439453125 0.125
1 0.50341796875 0.78076171875 0.0419921875 0.1220703125
1 0.47900390625 0.78662109375 0.0439453125 0.1201171875
1 0.29736328125 0.8134765625 0.0458984375 0.12109375
1 0.32568359375 0.81103515625 0.0439453125 0.1162109375
1 0.35546875 0.80712890625 0.04296875 0.1181640625
1 0.38232421875 0.80126953125 0.0400390625 0.1181640625
1 0.4052734375 0.79638671875 0.041015625 0.1181640625
1 0.42919921875 0.79150390625 0.0400390625 0.1201171875
1 0.45458984375 0.78857421875 0.0419921875 0.1201171875
0 0.0537109375 0.8486328125 0.03515625 0.0234375
0 0.0361328125 0.77197265625 0.0390625 0.0224609375
0 0.1396484375 0.87109375 0.03515625 0.0234375
0 0.01904296875 0.87353515625 0.0361328125 0.0244140625
0 0.0654296875 0.9033203125 0.041015625 0.025390625
1 0.15185546875 0.7802734375 0.0302734375 0.048828125
1 0.17529296875 0.7724609375 0.0322265625 0.05078125
1 0.185546875 0.82177734375 0.03125 0.0517578125
1 0.16259765625 0.82763671875 0.0322265625 0.0537109375
1 0.19580078125 0.869140625 0.0322265625 0.044921875
1 0.1708984375 0.87353515625 0.029296875 0.0458984375
0 0.11767578125 0.28466796875 0.0439453125 0.0341796875
0 0.1806640625 0.240234375 0.044921875 0.037109375
0 0.2080078125 0.3291015625 0.041015625 0.033203125
0 0.6318359375 0.36083984375 0.0234375 0.0419921875
0 0.673828125 0.57373046875 0.029296875 0.0361328125
