1 0.10302734375 0.859375 0.0283203125 0.05078125
1 0.08203125 0.85400390625 0.02734375 0.0478515625
0 0.8583984375 0.6201171875 0.03515625 0.0234375
0 0.42041015625 0.2802734375 0.0283203125 0.033203125
0 0.63623046875 0.07763671875 0.0380859375 0.0322265625
0 0.615234375 0.1201171875 0.03515625 0.029296875
0 0.607421875 0.13720703125 0.03515625 0.0263671875
0 0.5908203125 0.1748046875 0.03515625 0.029296875
0 0.73046875 0.5107421875 0.0390625 0.025390625
0 0.72705078125 0.56494140625 0.0400390625 0.0205078125
0 0.728515625 0.58740234375 0.03515625 0.0224609375
0 0.748046875 0.67529296875 0.033203125 0.0224609375
0 0.73583984375 0.64013671875 0.0322265625 0.0224609375
0 0.7353515625 0.61962890625 0.037109375 0.0205078125
0 0.8408203125 0.54345703125 0.0390625 0.0224609375
0 0.9443359375 0.642578125 0.03515625 0.0234375
0 0.82275390625 0.64501953125 0.0380859375 0.0244140625
0 0.8701171875 0.6748046875 0.041015625 0.025390625
1 0.95654296875 0.5517578125 0.0302734375 0.048828125
1 0.97998046875 0.5439453125 0.0322265625 0.05078125
1 0.9873046875 0.59423828125 0.025390625 0.0498046875
1 0.96728515625 0.59912109375 0.0322265625 0.0537109375
1 0.9921875 0.64111328125 0.015625 0.0439453125
1 0.9755859375 0.64501953125 0.029296875 0.0458984375
0 0.09619140625 0.1298828125 0.0322265625 0.041015625
0 0.92236328125 0.05615234375 0.0439453125 0.0341796875
0 0.98291015625 0.015625 0.0341796875 0.029296875
0 0.58642578125 0.5341796875 0.0244140625 0.03515625
0 0.63232421875 0.4853515625 0.0263671875 0.033203125
0 0.39501953125 0.26171875 0.0302734375 0.037109375
0 0.30517578125 0.3203125 0.0361328125 0.041015625
