0 0.93505859375 0.69775390625 0.0224609375 0.0361328125
0 0.9521484375 0.849609375 0.021484375 0.03515625
0 0.904296875 0.7783203125 0.04296875 0.0234375
0 0.89990234375 0.7568359375 0.0361328125 0.01953125
0 0.7158203125 0.37060546875 0.05078125 0.0224609375
0 0.662109375 0.376953125 0.052734375 0.02734375
0 0.91650390625 0.494140625 0.0224609375 0.041015625
0 0.91845703125 0.53515625 0.0205078125 0.03515625
0 0.9130859375 0.42919921875 0.0234375 0.0458984375
0 0.93603515625 0.37060546875 0.0224609375 0.0400390625
0 0.8310546875 0.35498046875 0.041015625 0.0205078125
0 0.92333984375 0.57568359375 0.0205078125 0.0439453125
0 0.908203125 0.07470703125 0.017578125 0.0380859375
1 0.900390625 0.31396484375 0.025390625 0.0673828125
0 0.9306640625 0.65478515625 0.017578125 0.0361328125
0 0.228515625 0.83544921875 0.04296875 0.0185546875
0 0.1884765625 0.66357421875 0.041015625 0.0224609375
0 0.01611328125 0.47412109375 0.0302734375 0.0205078125
0 0.11669921875 0.37158203125 0.0283203125 0.0478515625
0 0.06591796875 0.1591796875 0.0263671875 0.046875
0 0.0576171875 0.07958984375 0.025390625 0.0400390625
0 0.18359375 0.0263671875 0.041015625 0.025390625
0 0.14404296875 0.193359375 0.0419921875 0.021484375
0 0.3603515625 0.125 0.02734375 0.04296875
