1 0.1474609375 0.681640625 0.037109375 0.033203125
1 0.22607421875 0.71728515625 0.0478515625 0.0458984375
1 0.19384765625 0.7490234375 0.0419921875 0.044921875
1 0.576171875 0.9833984375 0.041015625 0.033203125
0 0.73095703125 0.59423828125 0.0361328125 0.0380859375
0 0.76171875 0.564453125 0.0390625 0.044921875
1 0.86279296875 0.44873046875 0.1279296875 0.1494140625
0 0.1123046875 0.41015625 0.0390625 0.04296875
1 0.97607421875 0.619140625 0.0478515625 0.04296875
1 0.900390625 0.43359375 0.10546875 0.12109375
1 0.97412109375 0.40673828125 0.0517578125 0.0732421875
1 0.96630859375 0.34521484375 0.0673828125 0.0947265625
1 0.833984375 0.08251953125 0.115234375 0.1162109375
