0 0.0400390625 0.36572265625 0.025390625 0.0400390625
0 0.05517578125 0.14892578125 0.0244140625 0.0419921875
0 0.02392578125 0.74072265625 0.0419921875 0.0400390625
0 0.01220703125 0.77197265625 0.0224609375 0.0283203125
0 0.951171875 0.720703125 0.02734375 0.037109375
0 0.8818359375 0.4150390625 0.03125 0.044921875
0 0.86474609375 0.37109375 0.0302734375 0.04296875
0 0.84423828125 0.3212890625 0.0322265625 0.04296875
0 0.82861328125 0.28173828125 0.0322265625 0.0419921875
0 0.8076171875 0.23486328125 0.033203125 0.0478515625
0 0.802734375 0.3203125 0.033203125 0.046875
0 0.90625 0.9716796875 0.03125 0.044921875
0 0.4228515625 0.28125 0.04296875 0.021484375
0 0.6552734375 0.96142578125 0.01953125 0.0419921875
0 0.56298828125 0.1318359375 0.0380859375 0.021484375
