12 0.779296875 0.8984375 0.095703125 0.103515625
12 0.9765625 0.9833984375 0.046875 0.033203125
12 0.92431640625 0.96728515625 0.0849609375 0.0654296875
12 0.87109375 0.9521484375 0.095703125 0.095703125
12 0.728515625 0.86669921875 0.09765625 0.1044921875
12 0.6767578125 0.83544921875 0.09765625 0.1044921875
12 0.58349609375 0.77685546875 0.1005859375 0.1064453125
12 0.5341796875 0.74560546875 0.095703125 0.1025390625
7 0.17626953125 0.12646484375 0.2431640625 0.2509765625
6 0.1728515625 0.18896484375 0.34375 0.3759765625
