7 0.505859375 0.57470703125 0.234375 0.3623046875
8 0.21875 0.44921875 0.05078125 0.087890625
8 0.2373046875 0.32470703125 0.052734375 0.0869140625
12 0.802734375 0.0830078125 0.052734375 0.09765625
12 0.748046875 0.08349609375 0.048828125 0.0986328125
12 0.8046875 0.01416015625 0.052734375 0.0263671875
12 0.7470703125 0.0126953125 0.05078125 0.0234375
6 0.5029296875 0.57177734375 0.357421875 0.6220703125
12 0.7998046875 0.833984375 0.048828125 0.08984375
12 0.74462890625 0.83203125 0.0537109375 0.087890625
12 0.80224609375 0.7236328125 0.0517578125 0.099609375
12 0.74609375 0.72265625 0.0546875 0.09765625
12 0.802734375 0.61328125 0.046875 0.095703125
12 0.7470703125 0.61328125 0.05078125 0.09765625
12 0.80419921875 0.50390625 0.0478515625 0.09765625
12 0.74951171875 0.5029296875 0.0498046875 0.095703125
