0 0.20751953125 0.41748046875 0.0205078125 0.0341796875
0 0.24072265625 0.376953125 0.0458984375 0.02734375
0 0.9052734375 0.859375 0.017578125 0.037109375
1 0.4599609375 0.3759765625 0.044921875 0.08984375
1 0.51611328125 0.36279296875 0.0361328125 0.0791015625
1 0.48388671875 0.359375 0.0400390625 0.07421875
1 0.427734375 0.37109375 0.0390625 0.1015625
1 0.39990234375 0.3798828125 0.0400390625 0.091796875
1 0.46240234375 0.1162109375 0.0771484375 0.03125
1 0.38623046875 0.123046875 0.0751953125 0.03515625
0 0.63037109375 0.9599609375 0.0263671875 0.037109375
