0 0.3681640625 0.04931640625 0.041015625 0.0263671875
0 0.35498046875 0.10791015625 0.0341796875 0.0263671875
0 0.34423828125 0.12646484375 0.0322265625 0.0244140625
0 0.5625 0.9609375 0.021484375 0.037109375
0 0.61669921875 0.97705078125 0.0244140625 0.0400390625
0 0.689453125 0.98828125 0.025390625 0.0234375
0 0.34033203125 0.1455078125 0.0322265625 0.0234375
0 0.583984375 0.96533203125 0.021484375 0.0302734375
0 0.33154296875 0.16162109375 0.0361328125 0.0263671875
0 0.47021484375 0.60107421875 0.0283203125 0.0400390625
0 0.189453125 0.8681640625 0.037109375 0.03515625
