1 0.904296875 0.4638671875 0.0390625 0.0390625
1 0.7958984375 0.62158203125 0.033203125 0.0361328125
1 0.828125 0.6640625 0.0390625 0.04296875
1 0.8681640625 0.76708984375 0.041015625 0.0419921875
1 0.83642578125 0.73486328125 0.0458984375 0.0439453125
1 0.82275390625 0.71875 0.0458984375 0.04296875
1 0.8515625 0.7490234375 0.048828125 0.052734375
1 0.8876953125 0.7900390625 0.05078125 0.05078125
1 0.90283203125 0.80517578125 0.0419921875 0.0439453125
1 0.921875 0.83984375 0.046875 0.046875
1 0.94140625 0.85693359375 0.0390625 0.0361328125
1 0.95751953125 0.8759765625 0.0517578125 0.048828125
1 0.96923828125 0.892578125 0.0419921875 0.04296875
1 0.97998046875 0.9072265625 0.0400390625 0.0390625
1 0.98828125 0.9365234375 0.0234375 0.037109375
1 0.7685546875 0.4580078125 0.037109375 0.037109375
1 0.75537109375 0.47265625 0.0361328125 0.0390625
1 0.9775390625 0.4453125 0.044921875 0.052734375
1 0.88916015625 0.48291015625 0.0400390625 0.0419921875
1 0.70361328125 0.513671875 0.0458984375 0.046875
1 0.92822265625 0.45263671875 0.0400390625 0.0400390625
0 0.810546875 0.421875 0.041015625 0.044921875
0 0.26025390625 0.4765625 0.0380859375 0.044921875
