1 0.0615234375 0.44873046875 0.12109375 0.1494140625
1 0.39453125 0.19677734375 0.103515625 0.1220703125
1 0.8193359375 0.07568359375 0.08984375 0.1357421875
1 0.4052734375 0.86083984375 0.052734375 0.0498046875
1 0.17236328125 0.619140625 0.0498046875 0.04296875
1 0.095703125 0.43359375 0.10546875 0.12109375
1 0.17626953125 0.408203125 0.0654296875 0.076171875
1 0.18310546875 0.357421875 0.1103515625 0.119140625
1 0.2255859375 0.3544921875 0.072265625 0.076171875
1 0.25048828125 0.330078125 0.0654296875 0.078125
1 0.30712890625 0.2783203125 0.1123046875 0.123046875
1 0.3427734375 0.25048828125 0.1015625 0.1201171875
1 0.37353515625 0.2197265625 0.1044921875 0.125
1 0.4306640625 0.1923828125 0.09765625 0.123046875
1 0.47412109375 0.19140625 0.0634765625 0.076171875
1 0.47607421875 0.13330078125 0.1025390625 0.1220703125
1 0.5068359375 0.11181640625 0.1015625 0.1142578125
1 0.55419921875 0.10107421875 0.1083984375 0.1083984375
1 0.564453125 0.0693359375 0.109375 0.115234375
1 0.6240234375 0.0830078125 0.068359375 0.072265625
1 0.607421875 0.01171875 0.0390625 0.021484375
1 0.0439453125 0.0888671875 0.0859375 0.103515625
