0 0.2099609375 0.39453125 0.017578125 0.03515625
0 0.48828125 0.125 0.029296875 0.044921875
0 0.4599609375 0.20703125 0.044921875 0.0234375
0 0.458984375 0.23095703125 0.033203125 0.0185546875
11 0.5595703125 0.40380859375 0.04296875 0.0458984375
0 0.900390625 0.9931640625 0.021484375 0.013671875
0 0.58056640625 0.9814453125 0.0419921875 0.0234375
0 0.5859375 0.2509765625 0.041015625 0.025390625
0 0.556640625 0.78564453125 0.0390625 0.0263671875
0 0.5693359375 0.83544921875 0.01953125 0.0380859375
0 0.599609375 0.72412109375 0.029296875 0.0458984375
0 0.69189453125 0.39697265625 0.0400390625 0.0263671875
0 0.7314453125 0.39013671875 0.041015625 0.0263671875
0 0.76953125 0.38232421875 0.04296875 0.0283203125
0 0.69921875 0.44775390625 0.048828125 0.0341796875
0 0.60205078125 0.28662109375 0.0341796875 0.0380859375
