0 0.22265625 0.76318359375 0.029296875 0.0400390625
0 0.607421875 0.69775390625 0.04296875 0.0224609375
0 0.13037109375 0.69775390625 0.0224609375 0.0361328125
0 0.1474609375 0.849609375 0.021484375 0.03515625
0 0.099609375 0.7783203125 0.04296875 0.0234375
0 0.09521484375 0.7568359375 0.0361328125 0.01953125
0 0.7802734375 0.984375 0.03515625 0.03125
0 0.11181640625 0.494140625 0.0224609375 0.041015625
0 0.11376953125 0.53515625 0.0205078125 0.03515625
0 0.26318359375 0.072265625 0.0380859375 0.01953125
0 0.40625 0.037109375 0.0234375 0.033203125
0 0.1083984375 0.42919921875 0.0234375 0.0458984375
0 0.3095703125 0.47705078125 0.029296875 0.0400390625
0 0.13134765625 0.37060546875 0.0224609375 0.0400390625
0 0.2724609375 0.29931640625 0.0390625 0.0224609375
0 0.0263671875 0.35498046875 0.041015625 0.0205078125
0 0.11865234375 0.57568359375 0.0205078125 0.0439453125
9 0.349609375 0.6494140625 0.06640625 0.0546875
0 0.103515625 0.07470703125 0.017578125 0.0380859375
1 0.095703125 0.31396484375 0.025390625 0.0673828125
0 0.1259765625 0.65478515625 0.017578125 0.0361328125
0 0.7197265625 0.044921875 0.037109375 0.0390625
0 0.94140625 0.02587890625 0.0390625 0.0185546875
0 0.89599609375 0.0302734375 0.0380859375 0.01953125
0 0.98876953125 0.662109375 0.0224609375 0.025390625
