0 0.44775390625 0.234375 0.0400390625 0.04296875
0 0.9052734375 0.0546875 0.017578125 0.037109375
1 0.783203125 0.68408203125 0.0390625 0.0361328125
0 0.63037109375 0.1552734375 0.0263671875 0.037109375
0 0.462890625 0.3076171875 0.041015625 0.01953125
0 0.3447265625 0.2548828125 0.033203125 0.037109375
0 0.60302734375 0.66357421875 0.0419921875 0.0224609375
0 0.5380859375 0.7041015625 0.01953125 0.03125
0 0.578125 0.9873046875 0.021484375 0.025390625
0 0.71826171875 0.64306640625 0.0361328125 0.0244140625
0 0.5595703125 0.69921875 0.021484375 0.033203125
0 0.38916015625 0.68359375 0.0361328125 0.01953125
