1 0.7177734375 0.5185546875 0.02734375 0.048828125
1 0.3720703125 0.431640625 0.029296875 0.05078125
1 0.70751953125 0.84521484375 0.1103515625 0.0380859375
1 0.4921875 0.90087890625 0.078125 0.0400390625
1 0.49951171875 0.93310546875 0.0791015625 0.0361328125
1 0.50439453125 0.966796875 0.0810546875 0.0390625
0 0.0048828125 0.3486328125 0.0078125 0.033203125
0 0.6328125 0.47509765625 0.0234375 0.0380859375
0 0.658203125 0.6259765625 0.0234375 0.037109375
0 0.60546875 0.54443359375 0.021484375 0.0361328125
0 0.54150390625 0.490234375 0.0224609375 0.0390625
0 0.56494140625 0.484375 0.0244140625 0.041015625
0 0.58837890625 0.48095703125 0.0244140625 0.0439453125
0 0.60791015625 0.47216796875 0.0224609375 0.0419921875
0 0.654296875 0.47216796875 0.025390625 0.0361328125
0 0.02001953125 0.3447265625 0.0185546875 0.03125
0 0.70166015625 0.4169921875 0.0380859375 0.021484375
0 0.5361328125 0.44921875 0.0234375 0.041015625
0 0.55859375 0.44482421875 0.017578125 0.0361328125
0 0.2490234375 0.41748046875 0.0234375 0.0380859375
0 0.3076171875 0.37109375 0.0234375 0.0390625
0 0.29638671875 0.32470703125 0.0224609375 0.0419921875
0 0.33447265625 0.244140625 0.0419921875 0.0234375
0 0.18408203125 0.33203125 0.0283203125 0.017578125
0 0.10107421875 0.330078125 0.0244140625 0.041015625
0 0.07958984375 0.42041015625 0.0263671875 0.0419921875
0 0.32763671875 0.46044921875 0.0361328125 0.0205078125
0 0.123046875 0.3251953125 0.0234375 0.0390625
0 0.07568359375 0.33056640625 0.0166015625 0.0302734375
0 0.3818359375 0.4833984375 0.017578125 0.03515625
0 0.1396484375 0.49853515625 0.0390625 0.0224609375
0 0.1064453125 0.41064453125 0.0234375 0.0322265625
0 0.1318359375 0.40966796875 0.03125 0.0400390625
0 0.0166015625 0.46044921875 0.03125 0.0263671875
0 0.0087890625 0.0078125 0.015625 0.013671875
0 0.134765625 0.46435546875 0.041015625 0.0244140625
0 0.12890625 0.44482421875 0.0390625 0.0244140625
0 0.15283203125 0.25048828125 0.0283203125 0.0380859375
0 0.05908203125 0.3388671875 0.0341796875 0.048828125
0 0.294921875 0.0302734375 0.044921875 0.0234375
0 0.29052734375 0.0048828125 0.0439453125 0.0078125
