1 0.99365234375 0.234375 0.0126953125 0.021484375
0 0.3681640625 0.85400390625 0.041015625 0.0263671875
0 0.35498046875 0.91259765625 0.0341796875 0.0263671875
0 0.34423828125 0.93115234375 0.0322265625 0.0244140625
0 0.97412109375 0.1484375 0.0302734375 0.0390625
0 0.34033203125 0.9501953125 0.0322265625 0.0234375
0 0.33154296875 0.96630859375 0.0361328125 0.0263671875
0 0.9873046875 0.1357421875 0.021484375 0.01953125
0 0.9912109375 0.251953125 0.017578125 0.021484375
0 0.90234375 0.4189453125 0.029296875 0.041015625
