1 0.33251953125 0.646484375 0.0556640625 0.033203125
0 0.87255859375 0.552734375 0.0380859375 0.025390625
0 0.97265625 0.27490234375 0.041015625 0.0166015625
0 0.47802734375 0.01220703125 0.0224609375 0.0224609375
0 0.43603515625 0.04248046875 0.0224609375 0.0341796875
0 0.45947265625 0.14208984375 0.0244140625 0.0498046875
0 0.3994140625 0.3759765625 0.041015625 0.017578125
0 0.60986328125 0.7587890625 0.0283203125 0.048828125
0 0.17919921875 0.1962890625 0.0244140625 0.041015625
0 0.25 0.7314453125 0.02734375 0.0390625
0 0.3544921875 0.37841796875 0.041015625 0.0244140625
0 0.93359375 0.544921875 0.03515625 0.025390625
0 0.98193359375 0.33349609375 0.0361328125 0.0283203125
