0 0.33056640625 0.27392578125 0.0263671875 0.0439453125
0 0.30078125 0.26513671875 0.0234375 0.0400390625
0 0.2392578125 0.263671875 0.01953125 0.037109375
0 0.21630859375 0.26513671875 0.0224609375 0.0380859375
1 0.455078125 0.00537109375 0.01953125 0.0087890625
1 0.4501953125 0.03515625 0.025390625 0.04296875
1 0.56884765625 0.1572265625 0.0673828125 0.02734375
1 0.677734375 0.1728515625 0.05859375 0.029296875
1 0.734375 0.18310546875 0.052734375 0.0263671875
1 0.7890625 0.18896484375 0.0546875 0.0244140625
1 0.216796875 0.0205078125 0.029296875 0.0390625
1 0.2568359375 0.07421875 0.046875 0.046875
1 0.28125 0.08349609375 0.05078125 0.0556640625
1 0.30859375 0.087890625 0.046875 0.056640625
1 0.33740234375 0.09326171875 0.0458984375 0.0576171875
1 0.3642578125 0.09765625 0.044921875 0.05859375
1 0.3896484375 0.10400390625 0.044921875 0.0576171875
1 0.37109375 0.01220703125 0.05859375 0.0224609375
1 0.3662109375 0.02978515625 0.05859375 0.0380859375
1 0.32080078125 0.01416015625 0.0205078125 0.0263671875
1 0.29736328125 0.01123046875 0.0205078125 0.0205078125
1 0.27490234375 0.00732421875 0.0185546875 0.0126953125
1 0.8349609375 0.19775390625 0.044921875 0.0263671875
1 0.88232421875 0.20703125 0.0517578125 0.0234375
1 0.919921875 0.18603515625 0.02734375 0.0517578125
1 0.99609375 0.00390625 0.0078125 0.005859375
1 0.35009765625 0.27587890625 0.0224609375 0.0478515625
1 0.99267578125 0.15966796875 0.0146484375 0.0205078125
1 0.9921875 0.13623046875 0.015625 0.0205078125
1 0.99755859375 0.11376953125 0.0048828125 0.0185546875
1 0.9970703125 0.0927734375 0.005859375 0.01953125
1 0.99853515625 0.02490234375 0.0029296875 0.0205078125
1 0.927734375 0.13525390625 0.02734375 0.0498046875
1 0.9677734375 0.0419921875 0.025390625 0.0546875
1 0.94287109375 0.03857421875 0.0263671875 0.0556640625
1 0.92236328125 0.03369140625 0.0341796875 0.0634765625
1 0.9013671875 0.03369140625 0.03125 0.0595703125
1 0.89453125 0.099609375 0.0390625 0.048828125
1 0.74365234375 0.130859375 0.0654296875 0.037109375
1 0.7158203125 0.06591796875 0.03515625 0.0517578125
1 0.744140625 0.068359375 0.0390625 0.05859375
1 0.73095703125 0.01416015625 0.0263671875 0.0263671875
1 0.75390625 0.01806640625 0.02734375 0.0341796875
1 0.7744140625 0.01953125 0.025390625 0.037109375
1 0.79736328125 0.02001953125 0.0244140625 0.0380859375
1 0.81884765625 0.02197265625 0.0224609375 0.0419921875
1 0.8583984375 0.02587890625 0.029296875 0.0498046875
1 0.79345703125 0.0771484375 0.0419921875 0.0546875
1 0.82080078125 0.0810546875 0.0419921875 0.056640625
1 0.8447265625 0.08544921875 0.044921875 0.0576171875
1 0.86865234375 0.09033203125 0.0439453125 0.0556640625
1 0.88330078125 0.02490234375 0.0283203125 0.0478515625
0 0.45458984375 0.177734375 0.0185546875 0.03515625
0 0.47705078125 0.1767578125 0.0185546875 0.03515625
0 0.42822265625 0.81005859375 0.0322265625 0.0224609375
0 0.37158203125 0.1650390625 0.0244140625 0.0390625
0 0.296875 0.1455078125 0.021484375 0.03515625
0 0.22900390625 0.14404296875 0.0185546875 0.0341796875
1 0.22509765625 0.0693359375 0.0498046875 0.05078125
