0 0.013671875 0.75341796875 0.025390625 0.0361328125
0 0.0205078125 0.771484375 0.0390625 0.041015625
1 0.32275390625 0.6572265625 0.1220703125 0.10546875
1 0.4296875 0.75634765625 0.12109375 0.1005859375
1 0.4541015625 0.7783203125 0.1171875 0.1015625
1 0.48779296875 0.82177734375 0.1181640625 0.1064453125
1 0.2626953125 0.58984375 0.115234375 0.099609375
1 0.7998046875 0.7421875 0.072265625 0.0625
1 0.373046875 0.37451171875 0.1328125 0.0322265625
1 0.423828125 0.43798828125 0.134765625 0.0302734375
1 0.47412109375 0.5029296875 0.1396484375 0.041015625
1 0.50390625 0.5361328125 0.12890625 0.03515625
1 0.5263671875 0.5673828125 0.1328125 0.033203125
1 0.55517578125 0.6025390625 0.1416015625 0.037109375
