9 0.701171875 0.46435546875 0.0859375 0.0537109375
0 0.13720703125 0.12255859375 0.0224609375 0.0341796875
0 0.9990234375 0.423828125 0.001953125 0.037109375
0 0.18017578125 0.05126953125 0.0224609375 0.0400390625
0 0.9013671875 0.99609375 0.033203125 0.0078125
0 0.068359375 0.86572265625 0.0234375 0.0361328125
0 0.017578125 0.390625 0.01953125 0.0390625
0 0.125 0.466796875 0.02734375 0.0390625
0 0.1005859375 0.486328125 0.0234375 0.0390625
0 0.1611328125 0.09228515625 0.021484375 0.0361328125
0 0.02490234375 0.46630859375 0.0205078125 0.0341796875
0 0.93896484375 0.99365234375 0.0341796875 0.0126953125
0 0.4306640625 0.6787109375 0.04296875 0.033203125
0 0.43359375 0.58935546875 0.0390625 0.0283203125
0 0.36279296875 0.46044921875 0.0458984375 0.0283203125
0 0.33349609375 0.486328125 0.0458984375 0.02734375
0 0.60400390625 0.05908203125 0.0244140625 0.0478515625
0 0.36865234375 0.060546875 0.0244140625 0.041015625
0 0.4970703125 0.5380859375 0.02734375 0.0390625
0 0.49072265625 0.494140625 0.0263671875 0.046875
0 0.482421875 0.4384765625 0.0234375 0.037109375
0 0.51123046875 0.64208984375 0.0244140625 0.0458984375
0 0.52001953125 0.69091796875 0.0302734375 0.0458984375
0 0.875 0.775390625 0.025390625 0.041015625
