0 0.9912109375 0.26611328125 0.017578125 0.0380859375
0 0.908203125 0.87939453125 0.017578125 0.0380859375
0 0.92724609375 0.1611328125 0.0185546875 0.037109375
0 0.90234375 0.14892578125 0.015625 0.0361328125
0 0.2275390625 0.7265625 0.033203125 0.01953125
0 0.26611328125 0.41162109375 0.0263671875 0.0380859375
0 0.00439453125 0.78857421875 0.0068359375 0.0205078125
0 0.00146484375 0.72705078125 0.0009765625 0.0185546875
0 0.06591796875 0.9638671875 0.0263671875 0.046875
0 0.0576171875 0.88427734375 0.025390625 0.0400390625
0 0.18359375 0.8310546875 0.041015625 0.025390625
0 0.1435546875 0.99365234375 0.041015625 0.0126953125
0 0.3603515625 0.9296875 0.02734375 0.04296875
