0 0.00390625 0.4091796875 0.005859375 0.021484375
0 0.39404296875 0.16015625 0.0224609375 0.041015625
0 0.97265625 0.74755859375 0.041015625 0.0166015625
0 0.47705078125 0.47509765625 0.0244140625 0.0419921875
0 0.43603515625 0.51513671875 0.0224609375 0.0341796875
0 0.45947265625 0.61474609375 0.0244140625 0.0498046875
0 0.3994140625 0.8486328125 0.041015625 0.017578125
0 0.17919921875 0.6689453125 0.0244140625 0.041015625
0 0.07080078125 0.33642578125 0.0341796875 0.0361328125
0 0.3388671875 0.38720703125 0.041015625 0.0205078125
0 0.37841796875 0.2060546875 0.0244140625 0.037109375
0 0.4169921875 0.1533203125 0.0234375 0.037109375
0 0.44140625 0.2626953125 0.025390625 0.0390625
0 0.38623046875 0.2431640625 0.0205078125 0.03515625
0 0.51318359375 0.3662109375 0.0419921875 0.02734375
0 0.5166015625 0.3935546875 0.03515625 0.021484375
0 0.3544921875 0.85107421875 0.041015625 0.0244140625
0 0.98193359375 0.80615234375 0.0361328125 0.0283203125
