1 0.88232421875 0.103515625 0.0224609375 0.044921875
1 0.90283203125 0.103515625 0.0244140625 0.04296875
1 0.92431640625 0.10693359375 0.0244140625 0.0419921875
1 0.939453125 0.12255859375 0.0234375 0.0380859375
1 0.71533203125 0.541015625 0.0361328125 0.0625
1 0.009765625 0.1611328125 0.017578125 0.0625
1 0.04833984375 0.17529296875 0.0361328125 0.0673828125
1 0.09521484375 0.21435546875 0.0478515625 0.1123046875
1 0.1220703125 0.22216796875 0.048828125 0.1142578125
1 0.14599609375 0.228515625 0.0498046875 0.11328125
1 0.171875 0.23486328125 0.048828125 0.1142578125
1 0.02392578125 0.1728515625 0.0380859375 0.072265625
