0 0.134765625 0.31884765625 0.041015625 0.0224609375
0 0.86474609375 0.19287109375 0.0400390625 0.0205078125
0 0.724609375 0.1044921875 0.021484375 0.03515625
0 0.6513671875 0.05322265625 0.04296875 0.0224609375
0 0.71728515625 0.1435546875 0.0244140625 0.04296875
0 0.67431640625 0.21044921875 0.0283203125 0.0439453125
0 0.791015625 0.197265625 0.044921875 0.0234375
0 0.9052734375 0.19140625 0.041015625 0.021484375
0 0.91748046875 0.22119140625 0.0380859375 0.0185546875
0 0.7158203125 0.19287109375 0.0234375 0.0400390625
0 0.7216796875 0.25244140625 0.025390625 0.0380859375
0 0.7236328125 0.3310546875 0.025390625 0.044921875
0 0.73388671875 0.39794921875 0.0224609375 0.0361328125
0 0.74951171875 0.60400390625 0.0263671875 0.0341796875
0 0.75439453125 0.65869140625 0.0263671875 0.0419921875
0 0.56884765625 0.68310546875 0.0244140625 0.0419921875
0 0.57763671875 0.7412109375 0.0400390625 0.025390625
0 0.572265625 0.83642578125 0.0234375 0.0419921875
0 0.77490234375 0.84814453125 0.0205078125 0.0341796875
0 0.77099609375 0.81689453125 0.0205078125 0.0322265625
0 0.77587890625 0.9013671875 0.0224609375 0.041015625
0 0.94189453125 0.92724609375 0.0224609375 0.0341796875
0 0.4990234375 0.96435546875 0.0234375 0.0400390625
0 0.17626953125 0.49951171875 0.0205078125 0.0419921875
0 0.98486328125 0.85595703125 0.0224609375 0.0400390625
0 0.9658203125 0.89697265625 0.021484375 0.0361328125
0 0.125 0.7431640625 0.0390625 0.01953125
0 0.10107421875 0.771484375 0.0341796875 0.017578125
0 0.06689453125 0.7802734375 0.0439453125 0.021484375
