0 0.87109375 0.90234375 0.037109375 0.0234375
9 0.37255859375 0.1318359375 0.0517578125 0.060546875
9 0.2939453125 0.6728515625 0.091796875 0.0625
0 0.59619140625 0.880859375 0.0244140625 0.041015625
0 0.00537109375 0.81982421875 0.0087890625 0.0380859375
0 0.296875 0.28271484375 0.0234375 0.0400390625
0 0.77783203125 0.9140625 0.0400390625 0.021484375
0 0.87841796875 0.8623046875 0.0244140625 0.037109375
0 0.521484375 0.9267578125 0.037109375 0.021484375
0 0.03564453125 0.6650390625 0.0361328125 0.01953125
0 0.44921875 0.33837890625 0.0234375 0.0400390625
0 0.6259765625 0.31982421875 0.021484375 0.0419921875
0 0.3291015625 0.48974609375 0.0234375 0.0400390625
0 0.02099609375 0.537109375 0.0400390625 0.0234375
0 0.0615234375 0.49755859375 0.033203125 0.0205078125
