0 0.955078125 0.01416015625 0.0234375 0.0263671875
0 0.96240234375 0.39208984375 0.0224609375 0.0400390625
0 0.966796875 0.1259765625 0.0234375 0.041015625
0 0.7626953125 0.42529296875 0.021484375 0.0439453125
0 0.794921875 0.42529296875 0.041015625 0.0439453125
1 0.8046875 0.59326171875 0.06640625 0.0380859375
9 0.68896484375 0.02099609375 0.1064453125 0.0400390625
0 0.962890625 0.0791015625 0.0234375 0.041015625
0 0.92724609375 0.9658203125 0.0185546875 0.037109375
0 0.90234375 0.95361328125 0.015625 0.0361328125
0 0.955078125 0.6953125 0.037109375 0.015625
0 0.982421875 0.66943359375 0.03515625 0.0322265625
0 0.9658203125 0.44921875 0.01953125 0.044921875
0 0.76904296875 0.251953125 0.0263671875 0.0390625
0 0.8681640625 0.00732421875 0.01953125 0.0126953125
0 0.1552734375 0.333984375 0.033203125 0.037109375
0 0.1552734375 0.29833984375 0.033203125 0.0341796875
0 0.138671875 0.15380859375 0.0390625 0.0224609375
0 0.064453125 0.509765625 0.04296875 0.0234375
