0 0.8447265625 0.36572265625 0.025390625 0.0400390625
0 0.85986328125 0.14892578125 0.0244140625 0.0419921875
0 0.82861328125 0.74072265625 0.0419921875 0.0400390625
0 0.8017578125 0.77001953125 0.052734375 0.0322265625
0 0.6865234375 0.8115234375 0.021484375 0.041015625
0 0.65869140625 0.79638671875 0.0205078125 0.0380859375
0 0.61962890625 0.81689453125 0.0224609375 0.0400390625
0 0.150390625 0.01416015625 0.0234375 0.0263671875
0 0.45263671875 0.5322265625 0.0439453125 0.025390625
0 0.6748046875 0.38720703125 0.04296875 0.0224609375
0 0.72900390625 0.3759765625 0.0380859375 0.0234375
0 0.7236328125 0.35498046875 0.041015625 0.0205078125
0 0.27197265625 0.60498046875 0.0478515625 0.0224609375
0 0.38525390625 0.5419921875 0.0361328125 0.01953125
0 0.15771484375 0.39208984375 0.0224609375 0.0400390625
0 0.2392578125 0.30517578125 0.021484375 0.0400390625
0 0.3544921875 0.2255859375 0.044921875 0.0234375
0 0.296875 0.22998046875 0.041015625 0.0224609375
0 0.162109375 0.1259765625 0.0234375 0.041015625
1 0.01708984375 0.59033203125 0.0322265625 0.0322265625
9 0.69189453125 0.072265625 0.0751953125 0.06640625
0 0.22802734375 0.6669921875 0.0224609375 0.041015625
0 0.24755859375 0.41943359375 0.0224609375 0.0341796875
0 0.25390625 0.5224609375 0.025390625 0.046875
0 0.158203125 0.0791015625 0.0234375 0.041015625
0 0.2763671875 0.88916015625 0.0390625 0.0185546875
0 0.12255859375 0.9658203125 0.0185546875 0.037109375
0 0.09765625 0.95361328125 0.015625 0.0361328125
0 0.150390625 0.6953125 0.037109375 0.015625
0 0.181640625 0.66943359375 0.04296875 0.0322265625
0 0.1611328125 0.44921875 0.01953125 0.044921875
0 0.0634765625 0.00732421875 0.01953125 0.0126953125
1 0.27783203125 0.85107421875 0.1103515625 0.0595703125
0 0.40478515625 0.8720703125 0.0478515625 0.025390625
