9 0.28125 0.76904296875 0.05859375 0.1005859375
0 0.09716796875 0.197265625 0.0341796875 0.01953125
0 0.47509765625 0.38818359375 0.0419921875 0.0322265625
0 0.4228515625 0.10986328125 0.05078125 0.0244140625
0 0.134765625 0.19189453125 0.03515625 0.0185546875
0 0.625 0.33642578125 0.033203125 0.0166015625
0 0.4755859375 0.8818359375 0.05078125 0.025390625
0 0.60107421875 0.91552734375 0.0224609375 0.0361328125
0 0.7138671875 0.83203125 0.037109375 0.01953125
0 0.986328125 0.6640625 0.02734375 0.021484375
0 0.81298828125 0.47412109375 0.0458984375 0.0205078125
0 0.92138671875 0.37158203125 0.0283203125 0.0478515625
0 0.76953125 0.4736328125 0.041015625 0.021484375
0 0.677734375 0.3203125 0.041015625 0.0234375
0 0.87060546875 0.1591796875 0.0263671875 0.046875
0 0.8623046875 0.07958984375 0.025390625 0.0400390625
0 0.98388671875 0.02587890625 0.0322265625 0.0244140625
0 0.94873046875 0.193359375 0.0419921875 0.021484375
0 0.31884765625 0.52001953125 0.0263671875 0.0458984375
0 0.17236328125 0.49755859375 0.0439453125 0.0244140625
