0 0.82763671875 0.11767578125 0.0419921875 0.0322265625
0 0.681640625 0.2109375 0.041015625 0.033203125
0 0.6884765625 0.2314453125 0.04296875 0.033203125
0 0.7255859375 0.21337890625 0.041015625 0.0322265625
0 0.72998046875 0.08447265625 0.0322265625 0.0361328125
0 0.81005859375 0.17236328125 0.0400390625 0.0341796875
0 0.796875 0.154296875 0.041015625 0.03125
0 0.88671875 0.01513671875 0.033203125 0.0283203125
0 0.90576171875 0.078125 0.0439453125 0.03515625
0 0.91845703125 0.09619140625 0.0400390625 0.0322265625
0 0.9248046875 0.1162109375 0.0390625 0.033203125
0 0.9609375 0.09716796875 0.037109375 0.0302734375
0 0.9521484375 0.0810546875 0.03515625 0.029296875
0 0.60693359375 0.27197265625 0.0400390625 0.0302734375
0 0.669921875 0.197265625 0.041015625 0.033203125
0 0.57275390625 0.28857421875 0.0419921875 0.0341796875
0 0.5859375 0.646484375 0.03515625 0.04296875
0 0.71240234375 0.80126953125 0.0400390625 0.0361328125
0 0.67724609375 0.77294921875 0.0419921875 0.0380859375
0 0.59033203125 0.71337890625 0.0400390625 0.0341796875
0 0.5458984375 0.67919921875 0.041015625 0.0380859375
0 0.66748046875 0.70361328125 0.0361328125 0.0400390625
0 0.61767578125 0.66796875 0.0400390625 0.04296875
0 0.55126953125 0.62060546875 0.0380859375 0.0400390625
0 0.705078125 0.85009765625 0.04296875 0.0400390625
0 0.53369140625 0.61083984375 0.0322265625 0.0380859375
0 0.51806640625 0.59765625 0.0361328125 0.0390625
0 0.79638671875 0.7294921875 0.0400390625 0.03125
0 0.78759765625 0.71044921875 0.0380859375 0.0322265625
0 0.7783203125 0.6923828125 0.041015625 0.03125
0 0.76904296875 0.6748046875 0.0400390625 0.03125
0 0.716796875 0.8291015625 0.04296875 0.0390625
0 0.6572265625 0.8134765625 0.044921875 0.04296875
0 0.74169921875 0.623046875 0.0419921875 0.03515625
1 0.77197265625 0.970703125 0.0439453125 0.046875
1 0.29052734375 0.71728515625 0.0517578125 0.0615234375
0 0.5830078125 0.7587890625 0.037109375 0.03125
0 0.49755859375 0.9716796875 0.0361328125 0.04296875
0 0.7509765625 0.638671875 0.037109375 0.029296875
0 0.732421875 0.60302734375 0.041015625 0.0361328125
0 0.515625 0.18212890625 0.0390625 0.0341796875
0 0.03515625 0.3271484375 0.04296875 0.052734375
0 0.27587890625 0.18701171875 0.0400390625 0.0341796875
0 0.28955078125 0.22607421875 0.0458984375 0.0400390625
0 0.29052734375 0.3115234375 0.0419921875 0.033203125
0 0.4814453125 0.30859375 0.04296875 0.03515625
0 0.37646484375 0.09765625 0.0439453125 0.03515625
0 0.107421875 0.4345703125 0.03515625 0.044921875
0 0.4638671875 0.0576171875 0.041015625 0.03515625
0 0.486328125 0.10791015625 0.044921875 0.0361328125
0 0.50537109375 0.16162109375 0.0380859375 0.0322265625
0 0.08544921875 0.39892578125 0.0380859375 0.0419921875
0 0.15283203125 0.50537109375 0.0341796875 0.0400390625
0 0.724609375 0.5830078125 0.04296875 0.03515625
0 0.5439453125 0.47705078125 0.03125 0.0380859375
0 0.71630859375 0.56396484375 0.0361328125 0.0322265625
0 0.6982421875 0.52734375 0.041015625 0.03125
0 0.689453125 0.509765625 0.0390625 0.033203125
0 0.6630859375 0.45361328125 0.041015625 0.0302734375
0 0.66796875 0.47314453125 0.0546875 0.0439453125
1 0.61767578125 0.4443359375 0.0458984375 0.060546875
0 0.52099609375 0.4892578125 0.0361328125 0.044921875
0 0.19189453125 0.556640625 0.0322265625 0.037109375
0 0.48583984375 0.50927734375 0.0341796875 0.0439453125
0 0.46728515625 0.515625 0.0322265625 0.0390625
0 0.4287109375 0.8671875 0.03515625 0.041015625
0 0.2548828125 0.61279296875 0.033203125 0.0400390625
0 0.2314453125 0.57275390625 0.03515625 0.0400390625
0 0.2138671875 0.5908203125 0.037109375 0.04296875
