0 0.83837890625 0.48046875 0.0439453125 0.02734375
0 0.93505859375 0.478515625 0.0283203125 0.041015625
0 0.9189453125 0.796875 0.033203125 0.044921875
0 0.69140625 0.3603515625 0.03515625 0.0546875
0 0.49755859375 0.0546875 0.0302734375 0.0390625
0 0.490234375 0.14892578125 0.03125 0.0400390625
0 0.533203125 0.21240234375 0.033203125 0.0205078125
1 0.7841796875 0.3134765625 0.0234375 0.04296875
1 0.93310546875 0.751953125 0.0458984375 0.03125
1 0.9404296875 0.72705078125 0.048828125 0.0302734375
1 0.13818359375 0.11865234375 0.0419921875 0.0634765625
