0 0.0087890625 0.912109375 0.015625 0.0390625
1 0.3447265625 0.1796875 0.03515625 0.048828125
1 0.986328125 0.90576171875 0.02734375 0.0380859375
0 0.97021484375 0.55908203125 0.0458984375 0.0400390625
0 0.19140625 0.873046875 0.03125 0.044921875
0 0.17236328125 0.91796875 0.0283203125 0.037109375
0 0.26904296875 0.81591796875 0.0302734375 0.0419921875
0 0.40087890625 0.4404296875 0.0322265625 0.041015625
0 0.53759765625 0.14697265625 0.0341796875 0.0458984375
0 0.56787109375 0.07763671875 0.0302734375 0.0380859375
0 0.4248046875 0.01904296875 0.029296875 0.0361328125
0 0.40380859375 0.06591796875 0.0283203125 0.0419921875
0 0.388671875 0.16650390625 0.033203125 0.0458984375
0 0.328125 0.22314453125 0.029296875 0.0419921875
0 0.22412109375 0.43896484375 0.0322265625 0.0419921875
0 0.27392578125 0.42041015625 0.0361328125 0.0458984375
0 0.38330078125 0.4775390625 0.0341796875 0.04296875
0 0.31298828125 0.6220703125 0.0322265625 0.041015625
0 0.26171875 0.72705078125 0.03125 0.0380859375
0 0.34521484375 0.783203125 0.0439453125 0.0390625
0 0.314453125 0.77099609375 0.04296875 0.0400390625
0 0.29248046875 0.75732421875 0.0380859375 0.0341796875
0 0.34423828125 0.83349609375 0.0224609375 0.0380859375
0 0.3193359375 0.833984375 0.0234375 0.044921875
0 0.13818359375 0.9853515625 0.0302734375 0.029296875
0 0.15380859375 0.95703125 0.0322265625 0.041015625
0 0.294921875 0.82763671875 0.025390625 0.0458984375
