7 0.35400390625 0.71923828125 0.6669921875 0.5615234375
0 0.89892578125 0.70654296875 0.0341796875 0.0439453125
0 0.85888671875 0.6943359375 0.0341796875 0.04296875
0 0.8193359375 0.681640625 0.0390625 0.046875
0 0.78955078125 0.6728515625 0.0341796875 0.048828125
0 0.759765625 0.6630859375 0.03125 0.04296875
0 0.77783203125 0.7412109375 0.0419921875 0.0234375
0 0.8193359375 0.755859375 0.0390625 0.021484375
0 0.8642578125 0.7724609375 0.041015625 0.0234375
0 0.90234375 0.7890625 0.041015625 0.02734375
0 0.947265625 0.802734375 0.037109375 0.0234375
0 0.98828125 0.8173828125 0.0234375 0.025390625
0 0.9365234375 0.720703125 0.037109375 0.044921875
0 0.97021484375 0.7275390625 0.0380859375 0.04296875
