1 0.98095703125 0.884765625 0.0380859375 0.044921875
1 0.68603515625 0.43359375 0.0517578125 0.046875
1 0.404296875 0.01318359375 0.029296875 0.0244140625
1 0.52099609375 0.37060546875 0.0634765625 0.0283203125
1 0.5703125 0.45703125 0.068359375 0.044921875
1 0.71875 0.486328125 0.052734375 0.046875
1 0.6572265625 0.5546875 0.060546875 0.046875
1 0.6708984375 0.5810546875 0.0546875 0.048828125
1 0.6884765625 0.6025390625 0.05078125 0.0546875
1 0.70361328125 0.619140625 0.0498046875 0.05078125
1 0.72705078125 0.63037109375 0.0419921875 0.0517578125
1 0.7509765625 0.64208984375 0.037109375 0.0517578125
1 0.8359375 0.67333984375 0.0625 0.0498046875
1 0.822265625 0.18896484375 0.037109375 0.0517578125
1 0.6318359375 0.2802734375 0.052734375 0.037109375
1 0.64599609375 0.017578125 0.0615234375 0.021484375
1 0.6455078125 0.25927734375 0.052734375 0.0361328125
1 0.67236328125 0.19384765625 0.0634765625 0.0419921875
1 0.685546875 0.1689453125 0.05859375 0.03515625
1 0.69287109375 0.1474609375 0.0556640625 0.033203125
1 0.7109375 0.130859375 0.041015625 0.037109375
1 0.7158203125 0.10546875 0.05078125 0.037109375
1 0.75390625 0.02099609375 0.044921875 0.0341796875
1 0.7490234375 0.04296875 0.048828125 0.025390625
1 0.31103515625 0.806640625 0.0302734375 0.041015625
1 0.54150390625 0.4111328125 0.0673828125 0.041015625
1 0.7626953125 0.0107421875 0.056640625 0.01953125
0 0.623046875 0.51318359375 0.0546875 0.0498046875
0 0.640625 0.53125 0.056640625 0.0546875
0 0.697265625 0.4501953125 0.05859375 0.048828125
0 0.66552734375 0.39501953125 0.0498046875 0.0439453125
0 0.28857421875 0.814453125 0.0244140625 0.03515625
0 0.47265625 0.92431640625 0.03515625 0.0458984375
0 0.5029296875 0.939453125 0.037109375 0.044921875
0 0.60791015625 0.99560546875 0.0205078125 0.0087890625
0 0.560546875 0.978515625 0.03515625 0.04296875
0 0.66748046875 0.96728515625 0.0361328125 0.0322265625
0 0.7421875 0.93798828125 0.041015625 0.0341796875
0 0.7568359375 0.95263671875 0.0390625 0.0341796875
0 0.77978515625 0.962890625 0.0419921875 0.03515625
0 0.51611328125 0.8291015625 0.0244140625 0.0390625
0 0.798828125 0.97412109375 0.046875 0.0419921875
0 0.84423828125 0.9931640625 0.0380859375 0.013671875
0 0.75830078125 0.89111328125 0.0419921875 0.0380859375
1 0.9892578125 0.70751953125 0.021484375 0.0380859375
0 0.78271484375 0.5888671875 0.0361328125 0.03125
0 0.404296875 0.8095703125 0.029296875 0.041015625
0 0.35546875 0.8095703125 0.037109375 0.046875
0 0.22802734375 0.8837890625 0.0419921875 0.02734375
0 0.0869140625 0.13134765625 0.03515625 0.0283203125
0 0.0107421875 0.4482421875 0.01953125 0.021484375
0 0.00732421875 0.416015625 0.0126953125 0.01953125
0 0.0693359375 0.0849609375 0.041015625 0.03125
0 0.095703125 0.4541015625 0.041015625 0.03125
0 0.04150390625 0.43310546875 0.0419921875 0.0322265625
0 0.0458984375 0.4619140625 0.0390625 0.03125
0 0.42529296875 0.568359375 0.0458984375 0.041015625
0 0.3798828125 0.54345703125 0.037109375 0.0341796875
