0 0.95458984375 0.04296875 0.0322265625 0.0390625
0 0.91943359375 0.06201171875 0.0302734375 0.0400390625
0 0.82763671875 0.19091796875 0.0419921875 0.0322265625
0 0.681640625 0.2841796875 0.041015625 0.033203125
0 0.6884765625 0.3046875 0.04296875 0.033203125
0 0.7255859375 0.28662109375 0.041015625 0.0322265625
0 0.72998046875 0.15771484375 0.0322265625 0.0361328125
0 0.81005859375 0.24560546875 0.0400390625 0.0341796875
0 0.796875 0.2275390625 0.041015625 0.03125
0 0.8857421875 0.080078125 0.03515625 0.044921875
0 0.90576171875 0.1513671875 0.0439453125 0.03515625
0 0.91845703125 0.16943359375 0.0400390625 0.0322265625
0 0.9248046875 0.189453125 0.0390625 0.033203125
0 0.9609375 0.17041015625 0.037109375 0.0302734375
0 0.9521484375 0.154296875 0.03515625 0.029296875
0 0.60693359375 0.34521484375 0.0400390625 0.0302734375
0 0.45458984375 0.0380859375 0.0380859375 0.029296875
0 0.40380859375 0.021484375 0.0322265625 0.02734375
0 0.669921875 0.2705078125 0.041015625 0.033203125
0 0.57275390625 0.36181640625 0.0419921875 0.0341796875
0 0.5859375 0.7197265625 0.03515625 0.04296875
0 0.71240234375 0.87451171875 0.0400390625 0.0361328125
0 0.67724609375 0.84619140625 0.0419921875 0.0380859375
0 0.59033203125 0.78662109375 0.0400390625 0.0341796875
0 0.5458984375 0.75244140625 0.041015625 0.0380859375
0 0.66748046875 0.77685546875 0.0361328125 0.0400390625
0 0.61767578125 0.7412109375 0.0400390625 0.04296875
0 0.55126953125 0.69384765625 0.0380859375 0.0400390625
0 0.705078125 0.92333984375 0.04296875 0.0400390625
0 0.53369140625 0.68408203125 0.0322265625 0.0380859375
0 0.51806640625 0.6708984375 0.0361328125 0.0390625
0 0.79638671875 0.802734375 0.0400390625 0.03125
0 0.78759765625 0.78369140625 0.0380859375 0.0322265625
0 0.7783203125 0.765625 0.041015625 0.03125
0 0.76904296875 0.748046875 0.0400390625 0.03125
0 0.716796875 0.90234375 0.04296875 0.0390625
0 0.6572265625 0.88671875 0.044921875 0.04296875
0 0.74169921875 0.6962890625 0.0419921875 0.03515625
1 0.29052734375 0.79052734375 0.0517578125 0.0615234375
0 0.5830078125 0.83203125 0.037109375 0.03125
0 0.7509765625 0.7119140625 0.037109375 0.029296875
0 0.732421875 0.67626953125 0.041015625 0.0361328125
0 0.515625 0.25537109375 0.0390625 0.0341796875
0 0.03515625 0.400390625 0.04296875 0.052734375
0 0.27587890625 0.26025390625 0.0400390625 0.0341796875
0 0.28955078125 0.29931640625 0.0458984375 0.0400390625
0 0.29052734375 0.384765625 0.0419921875 0.033203125
0 0.4814453125 0.3818359375 0.04296875 0.03515625
0 0.37646484375 0.1708984375 0.0439453125 0.03515625
0 0.30810546875 0.0419921875 0.0400390625 0.033203125
0 0.107421875 0.5078125 0.03515625 0.044921875
0 0.3212890625 0.05712890625 0.03515625 0.0322265625
0 0.13134765625 0.04248046875 0.0400390625 0.0361328125
0 0.4638671875 0.130859375 0.041015625 0.03515625
0 0.486328125 0.18115234375 0.044921875 0.0361328125
0 0.50537109375 0.23486328125 0.0380859375 0.0322265625
0 0.08544921875 0.47216796875 0.0380859375 0.0419921875
0 0.15283203125 0.57861328125 0.0341796875 0.0400390625
0 0.724609375 0.65625 0.04296875 0.03515625
0 0.5439453125 0.55029296875 0.03125 0.0380859375
0 0.71630859375 0.63720703125 0.0361328125 0.0322265625
0 0.6982421875 0.6005859375 0.041015625 0.03125
0 0.689453125 0.5830078125 0.0390625 0.033203125
0 0.6630859375 0.52685546875 0.041015625 0.0302734375
0 0.66796875 0.54638671875 0.0546875 0.0439453125
1 0.61767578125 0.517578125 0.0458984375 0.060546875
0 0.52099609375 0.5625 0.0361328125 0.044921875
0 0.19189453125 0.6298828125 0.0322265625 0.037109375
0 0.48583984375 0.58251953125 0.0341796875 0.0439453125
0 0.46728515625 0.5888671875 0.0322265625 0.0390625
0 0.4287109375 0.9404296875 0.03515625 0.041015625
0 0.2548828125 0.68603515625 0.033203125 0.0400390625
0 0.2314453125 0.64599609375 0.03515625 0.0400390625
0 0.2138671875 0.6640625 0.037109375 0.04296875
