0 0.638671875 0.97802734375 0.021484375 0.0400390625
0 0.4853515625 0.9970703125 0.041015625 0.005859375
0 0.5458984375 0.9794921875 0.021484375 0.041015625
0 0.59326171875 0.98046875 0.0263671875 0.0390625
0 0.619140625 0.9794921875 0.0234375 0.041015625
0 0.8056640625 0.91259765625 0.03125 0.0400390625
7 0.189453125 0.3427734375 0.376953125 0.68359375
6 0.24658203125 0.46435546875 0.4912109375 0.9267578125
0 0.990234375 0.87158203125 0.01953125 0.0419921875
0 0.97705078125 0.91796875 0.0283203125 0.037109375
0 0.94287109375 0.9853515625 0.0302734375 0.029296875
0 0.95849609375 0.95703125 0.0322265625 0.041015625
