1 0.4033203125 0.75439453125 0.083984375 0.0439453125
1 0.37353515625 0.8388671875 0.0634765625 0.0390625
1 0.3740234375 0.869140625 0.076171875 0.041015625
1 0.36767578125 0.9013671875 0.0751953125 0.041015625
1 0.3505859375 0.93017578125 0.052734375 0.0361328125
1 0.34912109375 0.96142578125 0.0673828125 0.0380859375
1 0.34814453125 0.986328125 0.0791015625 0.02734375
1 0.41796875 0.796875 0.130859375 0.0546875
0 0.75830078125 0.80859375 0.0400390625 0.0234375
0 0.76220703125 0.767578125 0.0419921875 0.025390625
0 0.77099609375 0.74560546875 0.0419921875 0.0263671875
0 0.7802734375 0.7041015625 0.04296875 0.0234375
0 0.7822265625 0.66064453125 0.037109375 0.0205078125
0 0.65869140625 0.7470703125 0.0361328125 0.0234375
0 0.9296875 0.7138671875 0.041015625 0.02734375
0 0.947265625 0.771484375 0.04296875 0.044921875
0 0.96435546875 0.7880859375 0.0439453125 0.04296875
0 0.97900390625 0.8056640625 0.0380859375 0.0390625
0 0.986328125 0.822265625 0.02734375 0.041015625
0 0.6474609375 0.82958984375 0.0390625 0.0263671875
0 0.74951171875 0.84912109375 0.0322265625 0.0205078125
0 0.64013671875 0.85595703125 0.0439453125 0.0224609375
0 0.6259765625 0.91796875 0.0390625 0.021484375
0 0.61181640625 0.990234375 0.0400390625 0.01953125
0 0.720703125 0.98291015625 0.0390625 0.0185546875
0 0.62353515625 0.94189453125 0.0419921875 0.0205078125
0 0.73583984375 0.91796875 0.0380859375 0.021484375
0 0.18310546875 0.3271484375 0.0244140625 0.0390625
0 0.3134765625 0.35205078125 0.025390625 0.0439453125
0 0.3544921875 0.359375 0.0234375 0.0390625
0 0.39599609375 0.36474609375 0.0244140625 0.0400390625
0 0.4189453125 0.37158203125 0.02734375 0.0458984375
0 0.44189453125 0.37841796875 0.0283203125 0.0439453125
0 0.232421875 0.42724609375 0.0234375 0.0498046875
0 0.27294921875 0.44140625 0.0224609375 0.037109375
0 0.31591796875 0.44970703125 0.0244140625 0.0400390625
0 0.35888671875 0.4560546875 0.0244140625 0.0390625
0 0.40576171875 0.46337890625 0.0263671875 0.0400390625
