0 0.98583984375 0.27001953125 0.0283203125 0.0322265625
0 0.95458984375 0.29052734375 0.0419921875 0.0380859375
0 0.95458984375 0.84765625 0.0322265625 0.0390625
0 0.8525390625 0.556640625 0.04296875 0.037109375
0 0.87939453125 0.609375 0.0439453125 0.033203125
0 0.91943359375 0.86669921875 0.0302734375 0.0400390625
0 0.78759765625 0.6318359375 0.0419921875 0.03515625
0 0.82763671875 0.98974609375 0.0419921875 0.0205078125
0 0.72998046875 0.96240234375 0.0322265625 0.0361328125
0 0.8857421875 0.884765625 0.03515625 0.044921875
0 0.90576171875 0.9560546875 0.0439453125 0.03515625
0 0.91845703125 0.97412109375 0.0400390625 0.0322265625
0 0.92529296875 0.98876953125 0.0380859375 0.0224609375
0 0.9609375 0.97509765625 0.037109375 0.0302734375
0 0.9521484375 0.958984375 0.03515625 0.029296875
0 0.8857421875 0.6279296875 0.04296875 0.03515625
0 0.80615234375 0.66943359375 0.0419921875 0.0341796875
0 0.41796875 0.66748046875 0.037109375 0.0322265625
0 0.515625 0.76953125 0.0390625 0.033203125
0 0.55859375 0.74755859375 0.0390625 0.0302734375
0 0.5478515625 0.7294921875 0.037109375 0.029296875
0 0.52978515625 0.6962890625 0.0439453125 0.03515625
0 0.38330078125 0.68603515625 0.0419921875 0.0341796875
0 0.50048828125 0.7314453125 0.0439453125 0.03125
0 0.44775390625 0.6494140625 0.0361328125 0.033203125
0 0.57275390625 0.7861328125 0.0458984375 0.037109375
0 0.51220703125 0.60986328125 0.0361328125 0.0341796875
0 0.0693359375 0.1357421875 0.041015625 0.033203125
0 0.12646484375 0.10400390625 0.0419921875 0.0341796875
0 0.1689453125 0.080078125 0.041015625 0.033203125
0 0.14697265625 0.03759765625 0.0400390625 0.0341796875
0 0.20849609375 0.05712890625 0.0361328125 0.0302734375
0 0.52734375 0.78466796875 0.041015625 0.0341796875
0 0.4130859375 0.7548828125 0.044921875 0.033203125
0 0.7744140625 0.68505859375 0.037109375 0.0322265625
0 0.69091796875 0.7255859375 0.0458984375 0.037109375
0 0.7548828125 0.65234375 0.044921875 0.037109375
0 0.7451171875 0.6337890625 0.04296875 0.03515625
0 0.7294921875 0.59716796875 0.04296875 0.0361328125
0 0.66748046875 0.67041015625 0.0361328125 0.0302734375
0 0.67236328125 0.68994140625 0.0439453125 0.0361328125
0 0.68115234375 0.7080078125 0.0419921875 0.03515625
0 0.6474609375 0.7236328125 0.037109375 0.029296875
0 0.38525390625 0.7880859375 0.0400390625 0.03125
0 0.63671875 0.708984375 0.037109375 0.03125
0 0.6220703125 0.6728515625 0.041015625 0.033203125
0 0.6103515625 0.654296875 0.041015625 0.03515625
0 0.45458984375 0.8427734375 0.0380859375 0.029296875
0 0.40380859375 0.826171875 0.0322265625 0.02734375
0 0.42822265625 0.791015625 0.0419921875 0.03515625
0 0.28759765625 0.80322265625 0.0419921875 0.0322265625
0 0.37646484375 0.9755859375 0.0439453125 0.03515625
0 0.30810546875 0.8466796875 0.0400390625 0.033203125
0 0.3212890625 0.86181640625 0.03515625 0.0322265625
0 0.13134765625 0.84716796875 0.0400390625 0.0361328125
0 0.2431640625 0.775390625 0.041015625 0.03515625
0 0.4638671875 0.935546875 0.041015625 0.03515625
0 0.486328125 0.98388671875 0.044921875 0.0322265625
0 0.24658203125 0.0439453125 0.0400390625 0.03125
