0 0.736328125 0.2744140625 0.037109375 0.03515625
0 0.13818359375 0.18408203125 0.0341796875 0.0439453125
0 0.19189453125 0.029296875 0.0283203125 0.0390625
0 0.72021484375 0.294921875 0.0439453125 0.0390625
0 0.72705078125 0.19287109375 0.0400390625 0.0341796875
0 0.3681640625 0.58447265625 0.041015625 0.0224609375
0 0.1005859375 0.931640625 0.041015625 0.033203125
0 0.4228515625 0.69287109375 0.03125 0.0439453125
0 0.57666015625 0.42041015625 0.0322265625 0.0458984375
0 0.5146484375 0.39697265625 0.02734375 0.0439453125
0 0.7158203125 0.0625 0.0390625 0.044921875
0 0.7080078125 0.609375 0.041015625 0.03125
0 0.7158203125 0.58935546875 0.044921875 0.0322265625
0 0.8251953125 0.7265625 0.04296875 0.037109375
0 0.90771484375 0.76220703125 0.0419921875 0.0341796875
0 0.39990234375 0.96337890625 0.0283203125 0.0439453125
0 0.26416015625 0.72607421875 0.0400390625 0.0322265625
0 0.40380859375 0.7529296875 0.0322265625 0.041015625
0 0.97216796875 0.79296875 0.0380859375 0.03515625
