1 0.5322265625 0.16455078125 0.0859375 0.1181640625
1 0.560546875 0.18505859375 0.0859375 0.1123046875
1 0.61376953125 0.2216796875 0.0908203125 0.1171875
1 0.64013671875 0.2421875 0.0888671875 0.1171875
1 0.66650390625 0.26220703125 0.0869140625 0.1123046875
1 0.72119140625 0.30224609375 0.0908203125 0.1142578125
0 0.40771484375 0.39453125 0.0361328125 0.0390625
0 0.01025390625 0.091796875 0.0185546875 0.04296875
0 0.0205078125 0.1044921875 0.041015625 0.046875
0 0.22314453125 0.38427734375 0.0419921875 0.0458984375
0 0.18701171875 0.36181640625 0.0361328125 0.0400390625
0 0.16943359375 0.35009765625 0.0322265625 0.0380859375
0 0.15185546875 0.33642578125 0.0341796875 0.0400390625
0 0.08349609375 0.28271484375 0.0341796875 0.0361328125
0 0.26708984375 0.2890625 0.0380859375 0.044921875
0 0.24658203125 0.2763671875 0.0322265625 0.041015625
0 0.1953125 0.23583984375 0.03515625 0.0419921875
0 0.1611328125 0.208984375 0.0390625 0.041015625
0 0.0361328125 0.12158203125 0.037109375 0.0458984375
0 0.05712890625 0.1298828125 0.0380859375 0.044921875
0 0.01318359375 0.22998046875 0.0244140625 0.0341796875
