0 0.3310546875 0.27001953125 0.037109375 0.0322265625
0 0.91796875 0.50341796875 0.037109375 0.0478515625
0 0.9765625 0.474609375 0.033203125 0.04296875
0 0.88134765625 0.29345703125 0.0439453125 0.0361328125
0 0.4296875 0.20751953125 0.037109375 0.0341796875
0 0.39990234375 0.2275390625 0.0361328125 0.03125
0 0.36279296875 0.2490234375 0.0439453125 0.037109375
0 0.29541015625 0.29052734375 0.0419921875 0.0380859375
0 0.29541015625 0.84765625 0.0322265625 0.0390625
0 0.4765625 0.3095703125 0.03515625 0.041015625
0 0.3525390625 0.47216796875 0.033203125 0.0439453125
0 0.4990234375 0.447265625 0.029296875 0.041015625
0 0.46728515625 0.46923828125 0.0341796875 0.0439453125
0 0.193359375 0.556640625 0.04296875 0.037109375
0 0.22021484375 0.609375 0.0439453125 0.033203125
0 0.451171875 0.62548828125 0.033203125 0.0400390625
0 0.26025390625 0.86669921875 0.0302734375 0.0400390625
0 0.12841796875 0.6318359375 0.0419921875 0.03515625
0 0.16845703125 0.98974609375 0.0419921875 0.0205078125
0 0.07080078125 0.96240234375 0.0322265625 0.0361328125
0 0.2265625 0.884765625 0.03515625 0.044921875
0 0.3642578125 0.900390625 0.041015625 0.037109375
0 0.24658203125 0.9560546875 0.0439453125 0.03515625
0 0.25927734375 0.97412109375 0.0400390625 0.0322265625
0 0.26611328125 0.98876953125 0.0380859375 0.0224609375
0 0.3017578125 0.97509765625 0.037109375 0.0302734375
0 0.29296875 0.958984375 0.03515625 0.029296875
0 0.37353515625 0.9189453125 0.0380859375 0.03125
0 0.2265625 0.6279296875 0.04296875 0.03515625
0 0.14697265625 0.66943359375 0.0419921875 0.0341796875
0 0.115234375 0.68505859375 0.037109375 0.0322265625
0 0.03173828125 0.7255859375 0.0458984375 0.037109375
0 0.095703125 0.65234375 0.044921875 0.037109375
0 0.0859375 0.6337890625 0.04296875 0.03515625
0 0.0703125 0.59716796875 0.04296875 0.0361328125
0 0.013671875 0.66943359375 0.025390625 0.0283203125
0 0.01806640625 0.689453125 0.0341796875 0.03515625
0 0.02197265625 0.7080078125 0.0419921875 0.03515625
