1 0.5009765625 0.32421875 0.046875 0.044921875
0 0.2529296875 0.7880859375 0.044921875 0.03515625
0 0.9072265625 0.6640625 0.03515625 0.029296875
0 0.916015625 0.64697265625 0.03515625 0.0341796875
0 0.93505859375 0.6318359375 0.0400390625 0.03515625
0 0.98291015625 0.63623046875 0.0341796875 0.0283203125
1 0.919921875 0.12890625 0.078125 0.107421875
1 0.939453125 0.15234375 0.072265625 0.095703125
1 0.96435546875 0.1650390625 0.0712890625 0.099609375
1 0.9794921875 0.1796875 0.041015625 0.076171875
1 0.986328125 0.22119140625 0.02734375 0.0537109375
1 0.435546875 0.3466796875 0.0703125 0.064453125
1 0.3740234375 0.3095703125 0.0625 0.05078125
0 0.8251953125 0.8330078125 0.041015625 0.041015625
0 0.8427734375 0.869140625 0.041015625 0.041015625
0 0.9931640625 0.86376953125 0.013671875 0.0302734375
