0 0.40087890625 0.07470703125 0.0380859375 0.0244140625
0 0.2802734375 0.0107421875 0.0390625 0.01953125
0 0.29296875 0.09619140625 0.0390625 0.0263671875
0 0.1396484375 0.14208984375 0.037109375 0.0263671875
1 0.31640625 0.47119140625 0.0859375 0.0419921875
1 0.09521484375 0.81005859375 0.1005859375 0.0537109375
1 0.11083984375 0.8349609375 0.0986328125 0.056640625
1 0.39013671875 0.85498046875 0.0908203125 0.0458984375
1 0.39697265625 0.88232421875 0.0869140625 0.0458984375
1 0.4013671875 0.9111328125 0.08203125 0.044921875
1 0.42138671875 0.93017578125 0.0595703125 0.0322265625
1 0.4111328125 0.9599609375 0.083984375 0.046875
1 0.86474609375 0.98193359375 0.1298828125 0.0361328125
1 0.8125 0.9462890625 0.052734375 0.033203125
1 0.81884765625 0.96875 0.0556640625 0.03515625
1 0.080078125 0.71435546875 0.095703125 0.0478515625
1 0.3125 0.4462890625 0.0859375 0.041015625
1 0.3095703125 0.42041015625 0.076171875 0.0458984375
1 0.13818359375 0.09716796875 0.0380859375 0.0673828125
1 0.6806640625 0.17138671875 0.095703125 0.0478515625
1 0.6923828125 0.25390625 0.08203125 0.04296875
1 0.72119140625 0.3896484375 0.0927734375 0.046875
1 0.2841796875 0.3076171875 0.0859375 0.044921875
1 0.27880859375 0.27685546875 0.0869140625 0.0458984375
1 0.2939453125 0.3544921875 0.08984375 0.044921875
1 0.298828125 0.3837890625 0.08984375 0.048828125
0 0.8720703125 0.51904296875 0.052734375 0.0302734375
