0 0.75390625 0.95263671875 0.03125 0.0400390625
0 0.45654296875 0.91845703125 0.0361328125 0.0302734375
0 0.54345703125 0.95751953125 0.0419921875 0.0341796875
0 0.54248046875 0.67431640625 0.0380859375 0.0419921875
0 0.25830078125 0.62646484375 0.0341796875 0.0400390625
0 0.51171875 0.6396484375 0.033203125 0.041015625
0 0.38037109375 0.88525390625 0.0419921875 0.0322265625
0 0.3310546875 0.861328125 0.044921875 0.033203125
0 0.2646484375 0.83056640625 0.04296875 0.0361328125
0 0.021484375 0.7265625 0.041015625 0.037109375
0 0.10302734375 0.76220703125 0.0419921875 0.0341796875
0 0.16748046875 0.79296875 0.0380859375 0.03515625
0 0.9384765625 0.5146484375 0.0390625 0.041015625
0 0.97607421875 0.4912109375 0.0361328125 0.0390625
9 0.6796875 0.66748046875 0.103515625 0.0810546875
