0 0.0087890625 0.107421875 0.015625 0.0390625
0 0.05810546875 0.3583984375 0.0302734375 0.041015625
0 0.03955078125 0.2626953125 0.0322265625 0.04296875
0 0.0751953125 0.31982421875 0.0390625 0.0458984375
0 0.0107421875 0.39404296875 0.01953125 0.0439453125
1 0.986328125 0.10107421875 0.02734375 0.0380859375
0 0.9345703125 0.5859375 0.03125 0.04296875
0 0.9501953125 0.595703125 0.03125 0.044921875
0 0.19140625 0.068359375 0.03125 0.044921875
0 0.17236328125 0.11328125 0.0283203125 0.037109375
0 0.26904296875 0.0166015625 0.0302734375 0.03125
0 0.04833984375 0.55615234375 0.0322265625 0.0439453125
0 0.5576171875 0.4736328125 0.03125 0.0390625
0 0.34423828125 0.02880859375 0.0224609375 0.0380859375
0 0.3193359375 0.029296875 0.0234375 0.044921875
0 0.13720703125 0.1875 0.0322265625 0.04296875
0 0.15380859375 0.15234375 0.0322265625 0.041015625
0 0.294921875 0.02294921875 0.025390625 0.0458984375
