0 0.81494140625 0.849609375 0.0302734375 0.0546875
0 0.83935546875 0.85595703125 0.0263671875 0.0439453125
0 0.2197265625 0.2255859375 0.041015625 0.046875
0 0.71240234375 0.30615234375 0.0458984375 0.0361328125
0 0.71923828125 0.28515625 0.0458984375 0.0390625
0 0.7021484375 0.32275390625 0.041015625 0.0322265625
0 0.69482421875 0.3427734375 0.0380859375 0.03125
0 0.6904296875 0.36083984375 0.041015625 0.0302734375
0 0.8056640625 0.05029296875 0.046875 0.0341796875
0 0.81494140625 0.0302734375 0.0458984375 0.033203125
0 0.81396484375 0.25390625 0.0341796875 0.044921875
0 0.78466796875 0.31640625 0.0322265625 0.048828125
0 0.767578125 0.359375 0.03125 0.041015625
0 0.2431640625 0.2353515625 0.05078125 0.0625
0 0.29248046875 0.2783203125 0.0341796875 0.04296875
0 0.4267578125 0.1328125 0.041015625 0.052734375
0 0.7841796875 0.40673828125 0.037109375 0.0322265625
0 0.82421875 0.42041015625 0.044921875 0.0341796875
0 0.75146484375 0.4052734375 0.0302734375 0.04296875
0 0.5576171875 0.384765625 0.02734375 0.041015625
0 0.51953125 0.37353515625 0.03515625 0.0400390625
0 0.14697265625 0.859375 0.0302734375 0.0390625
0 0.1396484375 0.95361328125 0.03125 0.0400390625
1 0.5947265625 0.38916015625 0.025390625 0.0498046875
1 0.619140625 0.38525390625 0.029296875 0.0615234375
1 0.32080078125 0.5771484375 0.0439453125 0.029296875
1 0.64208984375 0.07470703125 0.0361328125 0.0498046875
1 0.74560546875 0.021484375 0.0576171875 0.041015625
1 0.72509765625 0.060546875 0.0478515625 0.033203125
1 0.7255859375 0.08642578125 0.0546875 0.0380859375
1 0.71435546875 0.115234375 0.0517578125 0.033203125
1 0.70458984375 0.1416015625 0.0517578125 0.03125
1 0.66552734375 0.2255859375 0.0439453125 0.029296875
1 0.6494140625 0.2822265625 0.052734375 0.02734375
1 0.666015625 0.2529296875 0.044921875 0.025390625
0 0.83154296875 0.2177734375 0.0322265625 0.04296875
0 0.87255859375 0.15625 0.0380859375 0.03125
0 0.9072265625 0.171875 0.04296875 0.037109375
0 0.86962890625 0.21337890625 0.0439453125 0.0380859375
0 0.1865234375 0.2080078125 0.0390625 0.046875
0 0.830078125 0.3994140625 0.04296875 0.03515625
0 0.79931640625 0.0673828125 0.0439453125 0.033203125
0 0.79248046875 0.0849609375 0.0439453125 0.03515625
0 0.78369140625 0.10888671875 0.0458984375 0.0322265625
0 0.7763671875 0.12744140625 0.041015625 0.0302734375
0 0.76806640625 0.14453125 0.0400390625 0.029296875
0 0.76318359375 0.16455078125 0.0439453125 0.0361328125
0 0.75439453125 0.18505859375 0.0419921875 0.0322265625
0 0.7490234375 0.20556640625 0.046875 0.0322265625
0 0.73486328125 0.2451171875 0.0439453125 0.037109375
0 0.8427734375 0.38330078125 0.041015625 0.0322265625
0 0.8486328125 0.36279296875 0.04296875 0.0341796875
0 0.85693359375 0.3427734375 0.0380859375 0.03125
0 0.81787109375 0.3310546875 0.0439453125 0.03515625
0 0.86474609375 0.3232421875 0.0458984375 0.03125
0 0.82373046875 0.3095703125 0.0439453125 0.03515625
0 0.87939453125 0.28466796875 0.0458984375 0.0341796875
0 0.83935546875 0.265625 0.0380859375 0.03125
0 0.859375 0.22998046875 0.0390625 0.0322265625
0 0.85302734375 0.24951171875 0.0458984375 0.0341796875
0 0.896484375 0.2451171875 0.041015625 0.03125
