0 0.15771484375 0.146484375 0.0458984375 0.037109375
1 0.5009765625 0.484375 0.046875 0.044921875
0 0.2529296875 0.9482421875 0.044921875 0.03515625
0 0.9072265625 0.82421875 0.03515625 0.029296875
0 0.916015625 0.80712890625 0.03515625 0.0341796875
0 0.93505859375 0.7919921875 0.0400390625 0.03515625
0 0.98291015625 0.79638671875 0.0341796875 0.0283203125
1 0.9814453125 0.0546875 0.037109375 0.046875
1 0.974609375 0.08447265625 0.05078125 0.0556640625
1 0.919921875 0.2890625 0.078125 0.107421875
1 0.939453125 0.3125 0.072265625 0.095703125
1 0.96435546875 0.3251953125 0.0712890625 0.099609375
1 0.9794921875 0.33984375 0.041015625 0.076171875
1 0.986328125 0.38134765625 0.02734375 0.0537109375
1 0.435546875 0.5068359375 0.0703125 0.064453125
1 0.3740234375 0.4697265625 0.0625 0.05078125
0 0.8251953125 0.986328125 0.041015625 0.02734375
1 0.98828125 0.02490234375 0.0234375 0.0361328125
