0 0.75390625 0.65576171875 0.013671875 0.0263671875
2 0.74267578125 0.12841796875 0.2333984375 0.2548828125
2 0.9775390625 0.1396484375 0.044921875 0.27734375
2 0.1123046875 0.12158203125 0.22265625 0.2412109375
0 0.60986328125 0.669921875 0.0244140625 0.064453125
0 0.513671875 0.6455078125 0.017578125 0.0390625
0 0.591796875 0.919921875 0.046875 0.01953125
0 0.5888671875 0.859375 0.04296875 0.0390625
0 0.54541015625 0.8564453125 0.0126953125 0.033203125
0 0.52392578125 0.85302734375 0.0146484375 0.0341796875
0 0.50390625 0.8525390625 0.015625 0.03515625
0 0.48388671875 0.849609375 0.0146484375 0.037109375
0 0.462890625 0.8515625 0.015625 0.037109375
0 0.34765625 0.89501953125 0.037109375 0.0185546875
