2 0.1416015625 0.9013671875 0.0390625 0.041015625
2 0.08349609375 0.5771484375 0.0400390625 0.041015625
2 0.16943359375 0.46533203125 0.0419921875 0.0439453125
2 0.08203125 0.31689453125 0.02734375 0.0263671875
2 0.14794921875 0.2294921875 0.0322265625 0.029296875
2 0.12890625 0.20068359375 0.037109375 0.0361328125
2 0.75439453125 0.982421875 0.0361328125 0.03515625
2 0.6572265625 0.45166015625 0.029296875 0.0361328125
2 0.7275390625 0.80517578125 0.02734375 0.0185546875
2 0.73193359375 0.82958984375 0.0205078125 0.0224609375
2 0.720703125 0.73486328125 0.01953125 0.0185546875
2 0.66552734375 0.36181640625 0.0166015625 0.0224609375
2 0.671875 0.23876953125 0.017578125 0.0185546875
