3 0.38427734375 0.95751953125 0.0146484375 0.0166015625
3 0.4140625 0.9560546875 0.01953125 0.017578125
3 0.435546875 0.9560546875 0.01953125 0.01953125
3 0.4150390625 0.9755859375 0.017578125 0.01953125
3 0.43408203125 0.974609375 0.0205078125 0.01953125
3 0.3876953125 0.982421875 0.017578125 0.01953125
2 0.755859375 0.5869140625 0.080078125 0.072265625
2 0.744140625 0.4921875 0.072265625 0.0703125
2 0.77001953125 0.431640625 0.0693359375 0.06640625
2 0.8232421875 0.314453125 0.0703125 0.064453125
2 0.85693359375 0.25390625 0.0732421875 0.072265625
2 0.87646484375 0.1904296875 0.0712890625 0.068359375
