2 0.705078125 0.58349609375 0.0234375 0.0244140625
2 0.6962890625 0.54443359375 0.0234375 0.0263671875
2 0.6396484375 0.5556640625 0.021484375 0.025390625
2 0.36962890625 0.97412109375 0.0263671875 0.0283203125
2 0.39306640625 0.96533203125 0.0244140625 0.0302734375
2 0.35888671875 0.92578125 0.0263671875 0.025390625
2 0.3564453125 0.8681640625 0.025390625 0.0234375
2 0.3173828125 0.80419921875 0.01953125 0.0166015625
2 0.32958984375 0.8115234375 0.0185546875 0.015625
2 0.3095703125 0.81494140625 0.015625 0.0126953125
2 0.29736328125 0.80859375 0.0146484375 0.013671875
2 0.2890625 0.8193359375 0.013671875 0.01171875
2 0.71044921875 0.6044921875 0.0244140625 0.025390625
2 0.701171875 0.5625 0.0234375 0.0234375
2 0.64208984375 0.49365234375 0.0283203125 0.0322265625
