5 0.177734375 0.8154296875 0.134765625 0.14453125
4 0.06884765625 0.53759765625 0.0654296875 0.0634765625
4 0.07373046875 0.447265625 0.0908203125 0.078125
5 0.29833984375 0.11279296875 0.1865234375 0.1826171875
3 0.63720703125 0.10888671875 0.0341796875 0.0341796875
3 0.60791015625 0.11669921875 0.0283203125 0.0322265625
3 0.57763671875 0.125 0.0341796875 0.03515625
3 0.63720703125 0.0556640625 0.0302734375 0.029296875
3 0.626953125 0.0244140625 0.03125 0.029296875
3 0.50439453125 0.16357421875 0.0302734375 0.0283203125
11 0.49658203125 0.6689453125 0.0595703125 0.076171875
5 0.23095703125 0.8623046875 0.1044921875 0.126953125
5 0.27587890625 0.90478515625 0.1044921875 0.1201171875
5 0.32861328125 0.93212890625 0.0791015625 0.0966796875
