5 0.171875 0.0419921875 0.123046875 0.08203125
4 0.1103515625 0.81005859375 0.041015625 0.0283203125
4 0.09375 0.90234375 0.037109375 0.02734375
5 0.23095703125 0.06103515625 0.1044921875 0.1201171875
5 0.27587890625 0.10009765625 0.1044921875 0.1201171875
5 0.32861328125 0.12744140625 0.0791015625 0.0966796875
5 0.017578125 0.59765625 0.033203125 0.05859375
5 0.02880859375 0.654296875 0.0556640625 0.06640625
5 0.04150390625 0.7021484375 0.0810546875 0.068359375
5 0.056640625 0.73828125 0.080078125 0.0625
5 0.07958984375 0.78125 0.0830078125 0.0703125
4 0.1044921875 0.8603515625 0.033203125 0.017578125
4 0.095703125 0.87060546875 0.037109375 0.0185546875
4 0.09423828125 0.9287109375 0.0322265625 0.015625
4 0.09912109375 0.84619140625 0.0400390625 0.0205078125
