3 0.07568359375 0.73046875 0.0166015625 0.01953125
2 0.87744140625 0.15283203125 0.0283203125 0.0283203125
2 0.8623046875 0.12451171875 0.02734375 0.0283203125
2 0.90673828125 0.09814453125 0.0283203125 0.0322265625
2 0.95751953125 0.08935546875 0.0263671875 0.0263671875
2 0.9677734375 0.11181640625 0.0234375 0.0244140625
2 0.66943359375 0.32958984375 0.0322265625 0.0341796875
2 0.716796875 0.349609375 0.0234375 0.0234375
2 0.73681640625 0.33642578125 0.0205078125 0.0205078125
2 0.7568359375 0.3232421875 0.0234375 0.025390625
2 0.8017578125 0.2958984375 0.0234375 0.025390625
2 0.99462890625 0.287109375 0.0107421875 0.0234375
11 0.3828125 0.03125 0.029296875 0.03515625
3 0.10546875 0.7119140625 0.015625 0.017578125
