2 0.484375 0.916015625 0.0078125 0.01171875
2 0.361328125 0.908203125 0.009765625 0.009765625
2 0.44873046875 0.92626953125 0.0107421875 0.0107421875
2 0.45556640625 0.943359375 0.0087890625 0.0078125
2 0.4599609375 0.9580078125 0.009765625 0.009765625
2 0.4755859375 0.88818359375 0.009765625 0.0107421875
2 0.4912109375 0.93359375 0.009765625 0.01171875
2 0.49560546875 0.9482421875 0.0087890625 0.009765625
2 0.51806640625 0.90625 0.0107421875 0.009765625
2 0.51025390625 0.8759765625 0.0107421875 0.013671875
2 0.80859375 0.666015625 0.0234375 0.0234375
