2 0.484375 0.111328125 0.0078125 0.01171875
2 0.361328125 0.103515625 0.009765625 0.009765625
2 0.44873046875 0.12158203125 0.0107421875 0.0107421875
2 0.45556640625 0.138671875 0.0087890625 0.0078125
2 0.4599609375 0.1533203125 0.009765625 0.009765625
2 0.4755859375 0.08349609375 0.009765625 0.0107421875
2 0.4912109375 0.12890625 0.009765625 0.01171875
2 0.49560546875 0.1435546875 0.0087890625 0.009765625
2 0.51806640625 0.1015625 0.0107421875 0.009765625
2 0.51025390625 0.0712890625 0.0107421875 0.013671875
