3 0.47216796875 0.80908203125 0.0380859375 0.0400390625
3 0.42919921875 0.7666015625 0.0400390625 0.044921875
3 0.27001953125 0.60546875 0.0537109375 0.056640625
3 0.18798828125 0.55859375 0.0380859375 0.03515625
3 0.23681640625 0.51123046875 0.0341796875 0.0361328125
3 0.13916015625 0.5068359375 0.0380859375 0.03515625
3 0.18359375 0.458984375 0.033203125 0.03515625
3 0.06982421875 0.44140625 0.0380859375 0.0390625
3 0.12744140625 0.40380859375 0.0322265625 0.0302734375
3 0.0791015625 0.35791015625 0.03125 0.0322265625
3 0.03271484375 0.31005859375 0.0244140625 0.0244140625
