2 0.7822265625 0.73974609375 0.05078125 0.0537109375
2 0.99267578125 0.541015625 0.0146484375 0.029296875
2 0.9423828125 0.78564453125 0.025390625 0.0322265625
2 0.87548828125 0.59765625 0.0263671875 0.0234375
2 0.9267578125 0.59912109375 0.017578125 0.0166015625
2 0.91259765625 0.5966796875 0.0126953125 0.013671875
2 0.9296875 0.5302734375 0.015625 0.017578125
2 0.89697265625 0.59326171875 0.0146484375 0.0126953125
2 0.54931640625 0.43603515625 0.0302734375 0.0283203125
2 0.84228515625 0.87646484375 0.0517578125 0.0556640625
