3 0.72705078125 0.19873046875 0.0341796875 0.0419921875
3 0.68408203125 0.2158203125 0.0419921875 0.048828125
3 0.64892578125 0.171875 0.0341796875 0.0390625
3 0.607421875 0.185546875 0.041015625 0.041015625
3 0.6357421875 0.23291015625 0.041015625 0.0478515625
2 0.484375 0.4765625 0.05859375 0.0625
3 0.68798828125 0.1572265625 0.0380859375 0.044921875
3 0.65625 0.11328125 0.041015625 0.05078125
3 0.60693359375 0.130859375 0.0439453125 0.05078125
2 0.365234375 0.4716796875 0.04296875 0.0546875
2 0.43701171875 0.02197265625 0.0361328125 0.0419921875
2 0.5556640625 0.01220703125 0.05859375 0.0224609375
2 0.517578125 0.361328125 0.03125 0.046875
2 0.498046875 0.2626953125 0.048828125 0.048828125
2 0.46728515625 0.1455078125 0.0400390625 0.048828125
