3 0.12109375 0.599609375 0.025390625 0.0234375
3 0.2109375 0.66943359375 0.06640625 0.0712890625
3 0.02587890625 0.6904296875 0.0224609375 0.025390625
3 0.09716796875 0.70068359375 0.0478515625 0.0478515625
3 0.11376953125 0.6533203125 0.0361328125 0.03515625
3 0.07177734375 0.638671875 0.0361328125 0.03515625
3 0.0869140625 0.5947265625 0.041015625 0.041015625
3 0.11572265625 0.6201171875 0.0166015625 0.015625
3 0.45458984375 0.1826171875 0.0263671875 0.0234375
3 0.166015625 0.56591796875 0.03515625 0.0400390625
3 0.2314453125 0.58349609375 0.037109375 0.0361328125
3 0.2412109375 0.53857421875 0.041015625 0.0419921875
3 0.28076171875 0.5517578125 0.0380859375 0.04296875
3 0.1318359375 0.55029296875 0.037109375 0.0380859375
3 0.36962890625 0.4814453125 0.0400390625 0.03515625
3 0.47021484375 0.34521484375 0.0380859375 0.0341796875
3 0.447265625 0.4189453125 0.041015625 0.037109375
3 0.517578125 0.29931640625 0.060546875 0.0615234375
3 0.5439453125 0.3720703125 0.0625 0.060546875
3 0.384765625 0.443359375 0.0390625 0.03515625
3 0.294921875 0.36865234375 0.03515625 0.0322265625
3 0.2744140625 0.998046875 0.017578125 0.00390625
3 0.27880859375 0.98388671875 0.0185546875 0.0185546875
4 0.302734375 0.01318359375 0.025390625 0.0244140625
3 0.27587890625 0.3310546875 0.0380859375 0.03515625
3 0.47705078125 0.2119140625 0.0361328125 0.0390625
3 0.3125 0.34130859375 0.03125 0.0322265625
3 0.34619140625 0.3271484375 0.0322265625 0.029296875
3 0.36474609375 0.27197265625 0.0322265625 0.0302734375
3 0.39697265625 0.28662109375 0.0322265625 0.0341796875
3 0.38525390625 0.22314453125 0.0263671875 0.0244140625
3 0.44970703125 0.24169921875 0.0322265625 0.0283203125
