2 0.61767578125 0.791015625 0.0478515625 0.052734375
2 0.75390625 0.84423828125 0.046875 0.0478515625
2 0.7939453125 0.87353515625 0.060546875 0.0634765625
2 0.33984375 0.9375 0.056640625 0.0625
2 0.28369140625 0.01416015625 0.0400390625 0.0263671875
2 0.3798828125 0.92724609375 0.0390625 0.0419921875
2 0.41552734375 0.90185546875 0.0478515625 0.0537109375
2 0.4775390625 0.69970703125 0.0390625 0.0478515625
2 0.5224609375 0.736328125 0.041015625 0.048828125
2 0.5341796875 0.8408203125 0.0546875 0.060546875
2 0.43798828125 0.07958984375 0.0595703125 0.0634765625
2 0.41455078125 0.806640625 0.0439453125 0.04296875
2 0.38232421875 0.70458984375 0.0361328125 0.0341796875
2 0.3623046875 0.98095703125 0.083984375 0.0380859375
2 0.60595703125 0.95849609375 0.0947265625 0.0830078125
2 0.814453125 0.9248046875 0.048828125 0.0546875
2 0.8271484375 0.9775390625 0.0546875 0.044921875
2 0.70068359375 0.92919921875 0.0693359375 0.0693359375
2 0.42333984375 0.8564453125 0.0556640625 0.056640625
2 0.306640625 0.833984375 0.060546875 0.056640625
2 0.29443359375 0.77001953125 0.0419921875 0.0400390625
2 0.13916015625 0.291015625 0.0380859375 0.041015625
2 0.31298828125 0.12451171875 0.0517578125 0.0537109375
2 0.056640625 0.17236328125 0.0390625 0.0458984375
2 0.13232421875 0.11279296875 0.0478515625 0.0556640625
2 0.16845703125 0.12939453125 0.0498046875 0.0576171875
2 0.2080078125 0.14404296875 0.052734375 0.0556640625
2 0.24267578125 0.16650390625 0.0556640625 0.0615234375
2 0.1201171875 0.21240234375 0.0390625 0.0439453125
2 0.14990234375 0.33203125 0.0380859375 0.04296875
2 0.271484375 0.71240234375 0.0625 0.0576171875
2 0.25927734375 0.255859375 0.0517578125 0.05078125
2 0.4013671875 0.1943359375 0.05859375 0.060546875
2 0.37890625 0.2353515625 0.0546875 0.060546875
2 0.341796875 0.32373046875 0.0625 0.0673828125
2 0.21533203125 0.412109375 0.0400390625 0.04296875
2 0.3125 0.611328125 0.04296875 0.044921875
2 0.28955078125 0.658203125 0.0732421875 0.072265625
