3 0.72705078125 0.9912109375 0.0341796875 0.017578125
3 0.68408203125 0.998046875 0.0419921875 0.00390625
3 0.64892578125 0.9765625 0.0341796875 0.0390625
3 0.607421875 0.98486328125 0.041015625 0.0302734375
2 0.75390625 0.03955078125 0.046875 0.0478515625
2 0.7939453125 0.06884765625 0.060546875 0.0634765625
2 0.876953125 0.27392578125 0.076171875 0.0849609375
3 0.68798828125 0.9619140625 0.0380859375 0.044921875
3 0.65625 0.91796875 0.041015625 0.05078125
3 0.60693359375 0.935546875 0.0439453125 0.05078125
2 0.33984375 0.1328125 0.056640625 0.0625
2 0.3798828125 0.12255859375 0.0390625 0.0419921875
2 0.41552734375 0.09716796875 0.0478515625 0.0537109375
2 0.5341796875 0.0361328125 0.0546875 0.060546875
2 0.416015625 0.37548828125 0.103515625 0.0966796875
2 0.4404296875 0.439453125 0.095703125 0.109375
2 0.59228515625 0.373046875 0.0888671875 0.10546875
2 0.4140625 0.01220703125 0.04296875 0.0224609375
2 0.3681640625 0.203125 0.095703125 0.091796875
2 0.4013671875 0.306640625 0.091796875 0.08984375
2 0.45947265625 0.26416015625 0.1083984375 0.1083984375
2 0.51708984375 0.21923828125 0.0888671875 0.0888671875
2 0.60595703125 0.158203125 0.0947265625 0.091796875
2 0.2744140625 0.46484375 0.04296875 0.048828125
2 0.36376953125 0.716796875 0.1005859375 0.1015625
2 0.43310546875 0.82373046875 0.0439453125 0.0478515625
2 0.55224609375 0.796875 0.0654296875 0.0625
2 0.46728515625 0.9501953125 0.0400390625 0.048828125
2 0.814453125 0.1201171875 0.048828125 0.0546875
2 0.8271484375 0.177734375 0.0546875 0.0546875
2 0.70068359375 0.12451171875 0.0693359375 0.0693359375
2 0.42333984375 0.0517578125 0.0556640625 0.056640625
2 0.306640625 0.029296875 0.060546875 0.056640625
