1 0.06982421875 0.5634765625 0.0341796875 0.162109375
1 0.1494140625 0.5546875 0.03125 0.15625
1 0.22900390625 0.54833984375 0.0302734375 0.1591796875
1 0.23193359375 0.361328125 0.0283203125 0.068359375
1 0.2568359375 0.36083984375 0.025390625 0.0615234375
1 0.306640625 0.35986328125 0.029296875 0.0771484375
1 0.337890625 0.35302734375 0.03515625 0.0849609375
1 0.42431640625 0.34912109375 0.0341796875 0.0712890625
1 0.3701171875 0.3505859375 0.03515625 0.078125
1 0.47265625 0.39013671875 0.078125 0.0400390625
1 0.3896484375 0.55517578125 0.033203125 0.1083984375
1 0.4208984375 0.578125 0.02734375 0.09765625
1 0.45361328125 0.57958984375 0.0322265625 0.0986328125
1 0.4833984375 0.587890625 0.033203125 0.080078125
1 0.50927734375 0.57568359375 0.0380859375 0.0908203125
1 0.53662109375 0.564453125 0.0439453125 0.09765625
1 0.6611328125 0.53857421875 0.0390625 0.0849609375
0 0.6279296875 0.6162109375 0.046875 0.029296875
0 0.67822265625 0.60595703125 0.0419921875 0.0263671875
1 0.671875 0.3720703125 0.037109375 0.087890625
1 0.7392578125 0.49365234375 0.037109375 0.0771484375
0 0.12646484375 0.1513671875 0.0419921875 0.01953125
