0 0.58349609375 0.23095703125 0.0341796875 0.0498046875
0 0.56201171875 0.18896484375 0.0322265625 0.0478515625
0 0.52294921875 0.15966796875 0.0458984375 0.0361328125
0 0.56640625 0.15966796875 0.04296875 0.0458984375
0 0.48974609375 0.30859375 0.0302734375 0.04296875
0 0.51171875 0.29736328125 0.029296875 0.0458984375
0 0.53564453125 0.2939453125 0.0302734375 0.044921875
0 0.51806640625 0.251953125 0.0341796875 0.046875
0 0.5185546875 0.2021484375 0.03515625 0.048828125
0 0.53759765625 0.24169921875 0.0322265625 0.0439453125
0 0.5576171875 0.28466796875 0.033203125 0.0478515625
0 0.56396484375 0.2412109375 0.0361328125 0.046875
0 0.58154296875 0.2822265625 0.0302734375 0.044921875
0 0.54833984375 0.96337890625 0.0380859375 0.0166015625
0 0.55224609375 0.990234375 0.0419921875 0.01953125
0 0.42822265625 0.9736328125 0.0556640625 0.0234375
0 0.37646484375 0.97900390625 0.0400390625 0.0185546875
0 0.44091796875 0.9931640625 0.0478515625 0.013671875
0 0.47705078125 0.853515625 0.0263671875 0.0546875
0 0.44140625 0.8310546875 0.029296875 0.044921875
0 0.6005859375 0.275390625 0.03125 0.048828125
0 0.57666015625 0.32861328125 0.0322265625 0.0478515625
0 0.52685546875 0.3408203125 0.0302734375 0.046875
0 0.552734375 0.33544921875 0.033203125 0.0458984375
1 0.00634765625 0.85009765625 0.0107421875 0.0751953125
0 0.45263671875 0.15087890625 0.0458984375 0.0380859375
0 0.4560546875 0.22705078125 0.033203125 0.0439453125
0 0.45068359375 0.27001953125 0.0322265625 0.0478515625
0 0.49462890625 0.25732421875 0.0341796875 0.0439453125
0 0.45458984375 0.357421875 0.0302734375 0.048828125
0 0.50439453125 0.34814453125 0.0302734375 0.0439453125
0 0.59619140625 0.1943359375 0.0361328125 0.04296875
0 0.54248046875 0.19873046875 0.0380859375 0.0498046875
0 0.599609375 0.32421875 0.03125 0.044921875
0 0.4755859375 0.2119140625 0.03515625 0.05078125
0 0.4990234375 0.2109375 0.03125 0.046875
0 0.47509765625 0.267578125 0.0322265625 0.046875
0 0.439453125 0.310546875 0.03125 0.05078125
0 0.4658203125 0.3134765625 0.029296875 0.046875
0 0.48046875 0.353515625 0.02734375 0.041015625
0 0.57421875 0.10546875 0.046875 0.0390625
0 0.58837890625 0.1240234375 0.0419921875 0.037109375
0 0.458984375 0.09765625 0.037109375 0.044921875
0 0.42822265625 0.01416015625 0.0341796875 0.0263671875
0 0.40869140625 0.02001953125 0.0361328125 0.0380859375
0 0.45361328125 0.044921875 0.0380859375 0.04296875
0 0.47900390625 0.08349609375 0.0380859375 0.0439453125
0 0.4951171875 0.06396484375 0.033203125 0.0380859375
0 0.56640625 0.1611328125 0.037109375 0.0390625
0 0.57470703125 0.10546875 0.0458984375 0.03515625
0 0.5244140625 0.16552734375 0.04296875 0.0263671875
0 0.43603515625 0.05908203125 0.0341796875 0.0400390625
0 0.45361328125 0.15087890625 0.0419921875 0.0380859375
0 0.58837890625 0.12353515625 0.0419921875 0.0361328125
0 0.154296875 0.99609375 0.03515625 0.0078125
0 0.1875 0.90673828125 0.021484375 0.0419921875
0 0.25048828125 0.900390625 0.0224609375 0.037109375
0 0.75 0.97509765625 0.017578125 0.0419921875
0 0.27587890625 0.90087890625 0.0205078125 0.0380859375
1 0.91552734375 0.78662109375 0.0595703125 0.0283203125
0 0.83447265625 0.34912109375 0.0380859375 0.0458984375
0 0.74609375 0.92724609375 0.044921875 0.0224609375
0 0.73486328125 0.86865234375 0.0615234375 0.0283203125
0 0.66650390625 0.875 0.0419921875 0.01953125
0 0.80322265625 0.859375 0.0400390625 0.0234375
0 0.91064453125 0.75830078125 0.0439453125 0.0205078125
0 0.89453125 0.7119140625 0.037109375 0.0234375
0 0.685546875 0.9365234375 0.046875 0.0234375
0 0.6240234375 0.9453125 0.06640625 0.02734375
