1 0.06982421875 0.6064453125 0.0341796875 0.162109375
1 0.1494140625 0.59765625 0.03125 0.15625
1 0.22900390625 0.59130859375 0.0302734375 0.1591796875
1 0.23193359375 0.404296875 0.0283203125 0.068359375
1 0.2568359375 0.40380859375 0.025390625 0.0615234375
1 0.306640625 0.40283203125 0.029296875 0.0771484375
1 0.337890625 0.39599609375 0.03515625 0.0849609375
1 0.42431640625 0.39208984375 0.0341796875 0.0712890625
1 0.3701171875 0.3935546875 0.03515625 0.078125
1 0.47265625 0.43310546875 0.078125 0.0400390625
1 0.3896484375 0.59814453125 0.033203125 0.1083984375
1 0.4208984375 0.62109375 0.02734375 0.09765625
1 0.45361328125 0.62255859375 0.0322265625 0.0986328125
1 0.4833984375 0.630859375 0.033203125 0.080078125
1 0.50927734375 0.61865234375 0.0380859375 0.0908203125
1 0.53662109375 0.607421875 0.0439453125 0.09765625
1 0.6611328125 0.58154296875 0.0390625 0.0849609375
0 0.6279296875 0.6591796875 0.046875 0.029296875
0 0.67822265625 0.64892578125 0.0419921875 0.0263671875
1 0.671875 0.4150390625 0.037109375 0.087890625
1 0.7392578125 0.53662109375 0.037109375 0.0771484375
0 0.12646484375 0.1943359375 0.0419921875 0.01953125
