0 0.181640625 0.97119140625 0.03515625 0.0205078125
0 0.18408203125 0.92919921875 0.0380859375 0.0205078125
0 0.041015625 0.1669921875 0.017578125 0.0390625
0 0.06396484375 0.17431640625 0.0205078125 0.0419921875
0 0.08740234375 0.17578125 0.0185546875 0.041015625
0 0.03857421875 0.08349609375 0.0205078125 0.0380859375
0 0.064453125 0.0849609375 0.01953125 0.0390625
0 0.08935546875 0.08447265625 0.0185546875 0.0380859375
1 0.37744140625 0.5634765625 0.0341796875 0.162109375
1 0.45703125 0.5546875 0.03125 0.15625
1 0.53662109375 0.54833984375 0.0302734375 0.1591796875
1 0.53955078125 0.361328125 0.0283203125 0.068359375
1 0.564453125 0.36083984375 0.025390625 0.0615234375
1 0.6142578125 0.35986328125 0.029296875 0.0771484375
1 0.6455078125 0.35302734375 0.03515625 0.0849609375
1 0.73193359375 0.34912109375 0.0341796875 0.0712890625
1 0.677734375 0.3505859375 0.03515625 0.078125
1 0.7802734375 0.39013671875 0.078125 0.0400390625
1 0.697265625 0.55517578125 0.033203125 0.1083984375
1 0.728515625 0.578125 0.02734375 0.09765625
1 0.76123046875 0.57958984375 0.0322265625 0.0986328125
1 0.791015625 0.587890625 0.033203125 0.080078125
1 0.81689453125 0.57568359375 0.0380859375 0.0908203125
1 0.84423828125 0.564453125 0.0439453125 0.09765625
1 0.96875 0.53857421875 0.0390625 0.0849609375
0 0.01953125 0.1728515625 0.01953125 0.046875
0 0.060546875 0.220703125 0.01953125 0.041015625
0 0.01953125 0.21533203125 0.017578125 0.0400390625
0 0.935546875 0.6162109375 0.046875 0.029296875
0 0.076171875 0.908203125 0.021484375 0.041015625
0 0.982421875 0.60595703125 0.03515625 0.0263671875
1 0.9794921875 0.3720703125 0.037109375 0.087890625
0 0.162109375 0.26220703125 0.03515625 0.0205078125
0 0.43408203125 0.1513671875 0.0419921875 0.01953125
0 0.013671875 0.04296875 0.0234375 0.044921875
0 0.20703125 0.24365234375 0.04296875 0.0205078125
0 0.0634765625 0.734375 0.017578125 0.037109375
0 0.2763671875 0.509765625 0.041015625 0.021484375
0 0.0869140625 0.6044921875 0.01953125 0.04296875
0 0.28173828125 0.56201171875 0.0380859375 0.0224609375
0 0.17333984375 0.5400390625 0.0419921875 0.021484375
0 0.0390625 0.31689453125 0.021484375 0.0361328125
0 0.06494140625 0.31787109375 0.0205078125 0.0439453125
0 0.171875 0.2197265625 0.03515625 0.017578125
0 0.20947265625 0.26220703125 0.0458984375 0.0205078125
