0 0.322265625 0.1943359375 0.033203125 0.021484375
0 0.05908203125 0.244140625 0.0419921875 0.044921875
1 0.42236328125 0.28271484375 0.1298828125 0.0439453125
1 0.40087890625 0.38671875 0.1337890625 0.04296875
1 0.4013671875 0.46337890625 0.138671875 0.0458984375
1 0.388671875 0.5927734375 0.134765625 0.0390625
1 0.369140625 0.6962890625 0.140625 0.041015625
1 0.365234375 0.72314453125 0.134765625 0.0400390625
1 0.34765625 0.7744140625 0.13671875 0.041015625
1 0.34716796875 0.828125 0.1396484375 0.04296875
1 0.11572265625 0.794921875 0.1259765625 0.0390625
1 0.12109375 0.7666015625 0.125 0.0390625
