0 0.87451171875 0.970703125 0.0478515625 0.03515625
0 0.7314453125 0.095703125 0.037109375 0.029296875
1 0.716796875 0.41015625 0.048828125 0.0625
1 0.61376953125 0.39453125 0.0595703125 0.08203125
1 0.564453125 0.30615234375 0.064453125 0.0927734375
1 0.58447265625 0.279296875 0.0634765625 0.0859375
1 0.626953125 0.35986328125 0.064453125 0.0830078125
1 0.640625 0.32421875 0.064453125 0.0859375
1 0.634765625 0.2529296875 0.06640625 0.095703125
1 0.6767578125 0.33203125 0.0546875 0.076171875
1 0.7001953125 0.31884765625 0.056640625 0.0791015625
1 0.6982421875 0.24365234375 0.068359375 0.0849609375
1 0.73876953125 0.31201171875 0.0615234375 0.0810546875
1 0.19921875 0.25439453125 0.060546875 0.0458984375
1 0.12744140625 0.28662109375 0.0537109375 0.0419921875
1 0.4140625 0.00634765625 0.02734375 0.0107421875
1 0.75732421875 0.58837890625 0.0322265625 0.0634765625
0 0.7138671875 0.05615234375 0.0390625 0.0302734375
1 0.68701171875 0.41162109375 0.0693359375 0.1005859375
1 0.66845703125 0.43359375 0.0576171875 0.080078125
1 0.64794921875 0.45947265625 0.0576171875 0.0771484375
1 0.4052734375 0.1796875 0.052734375 0.0703125
1 0.25048828125 0.04931640625 0.0517578125 0.0751953125
1 0.1806640625 0.06591796875 0.078125 0.0595703125
1 0.4521484375 0.09228515625 0.0703125 0.0517578125
1 0.5751953125 0.072265625 0.10546875 0.0703125
1 0.27587890625 0.17578125 0.1494140625 0.095703125
1 0.685546875 0.63134765625 0.068359375 0.1044921875
1 0.71044921875 0.615234375 0.0693359375 0.099609375
1 0.650390625 0.6455078125 0.05859375 0.078125
1 0.4267578125 0.17138671875 0.05078125 0.0673828125
1 0.6171875 0.458984375 0.0625 0.087890625
1 0.4443359375 0.15576171875 0.048828125 0.0615234375
1 0.46533203125 0.146484375 0.0478515625 0.064453125
1 0.48828125 0.1357421875 0.056640625 0.07421875
1 0.513671875 0.12353515625 0.046875 0.0615234375
1 0.5517578125 0.3974609375 0.0625 0.0859375
1 0.537109375 0.43212890625 0.056640625 0.0771484375
1 0.509765625 0.44140625 0.05859375 0.08203125
1 0.58984375 0.47216796875 0.060546875 0.0849609375
0 0.71826171875 0.0751953125 0.0400390625 0.03125
0 0.74169921875 0.11767578125 0.0380859375 0.0322265625
1 0.88037109375 0.68408203125 0.1513671875 0.0947265625
0 0.76513671875 0.1875 0.0439453125 0.0234375
0 0.77685546875 0.212890625 0.0458984375 0.021484375
0 0.7939453125 0.23876953125 0.044921875 0.0224609375
0 0.8173828125 0.29443359375 0.041015625 0.0224609375
0 0.96240234375 0.15185546875 0.0458984375 0.0244140625
0 0.97119140625 0.17529296875 0.0498046875 0.0244140625
0 0.97705078125 0.3779296875 0.0263671875 0.044921875
0 0.95458984375 0.3876953125 0.0224609375 0.041015625
0 0.935546875 0.39013671875 0.021484375 0.0361328125
0 0.91552734375 0.45556640625 0.0322265625 0.0458984375
0 0.75341796875 0.0234375 0.0380859375 0.03125
1 0.431640625 0.810546875 0.10546875 0.03515625
1 0.7783203125 0.69384765625 0.103515625 0.0634765625
0 0.93798828125 0.1015625 0.0458984375 0.0234375
0 0.90283203125 0.04248046875 0.0576171875 0.0244140625
0 0.89208984375 0.01513671875 0.0537109375 0.0205078125
1 0.8095703125 0.54150390625 0.0625 0.1044921875
0 0.3798828125 0.267578125 0.0390625 0.03125
0 0.39990234375 0.3037109375 0.0380859375 0.03125
0 0.4140625 0.322265625 0.044921875 0.03515625
0 0.0390625 0.3447265625 0.048828125 0.033203125
1 0.87744140625 0.00341796875 0.0634765625 0.0048828125
1 0.8330078125 0.5302734375 0.0625 0.099609375
1 0.77587890625 0.376953125 0.0478515625 0.060546875
1 0.79443359375 0.4091796875 0.0517578125 0.060546875
1 0.3076171875 0.03564453125 0.080078125 0.0556640625
