0 0.78369140625 0.49658203125 0.0302734375 0.0361328125
0 0.8017578125 0.4814453125 0.029296875 0.0390625
0 0.7861328125 0.45068359375 0.025390625 0.0341796875
0 0.74365234375 0.470703125 0.0322265625 0.041015625
0 0.84814453125 0.54345703125 0.0302734375 0.0400390625
0 0.82958984375 0.62353515625 0.0283203125 0.0341796875
0 0.7421875 0.36962890625 0.02734375 0.0341796875
8 0.3828125 0.78173828125 0.17578125 0.2216796875
8 0.48876953125 0.72021484375 0.1787109375 0.2177734375
8 0.59423828125 0.6611328125 0.1787109375 0.21875
8 0.7021484375 0.60009765625 0.1796875 0.2177734375
0 0.7802734375 0.53662109375 0.03125 0.0380859375
0 0.9033203125 0.64892578125 0.029296875 0.0380859375
0 0.88525390625 0.6103515625 0.0263671875 0.033203125
0 0.97802734375 0.8037109375 0.0302734375 0.0390625
0 0.95703125 0.86279296875 0.029296875 0.0380859375
0 0.9912109375 0.84033203125 0.017578125 0.0380859375
0 0.95751953125 0.76513671875 0.0263671875 0.0361328125
0 0.9375 0.73046875 0.03125 0.0390625
0 0.91650390625 0.69140625 0.0283203125 0.037109375
8 0.27685546875 0.84228515625 0.1767578125 0.2197265625
0 0.60595703125 0.21484375 0.0283203125 0.03515625
0 0.49267578125 0.01220703125 0.0263671875 0.0224609375
0 0.58349609375 0.17529296875 0.0263671875 0.0322265625
0 0.65625 0.1943359375 0.02734375 0.033203125
0 0.7421875 0.3701171875 0.02734375 0.03515625
0 0.71484375 0.3232421875 0.029296875 0.037109375
0 0.6943359375 0.28369140625 0.03125 0.0400390625
0 0.67431640625 0.2470703125 0.0322265625 0.041015625
0 0.6376953125 0.16015625 0.029296875 0.037109375
0 0.60498046875 0.10009765625 0.0302734375 0.0380859375
0 0.5849609375 0.06494140625 0.029296875 0.0380859375
