0 0.203125 0.79052734375 0.017578125 0.0361328125
0 0.00927734375 0.97412109375 0.0185546875 0.0400390625
0 0.00244140625 0.7763671875 0.0029296875 0.01953125
0 0.20361328125 0.69873046875 0.0185546875 0.0380859375
0 0.21142578125 0.55029296875 0.0185546875 0.0361328125
0 0.20703125 0.59228515625 0.017578125 0.0361328125
0 0.2060546875 0.65185546875 0.017578125 0.0380859375
0 0.203125 0.75048828125 0.01953125 0.0400390625
3 0.08349609375 0.44384765625 0.0849609375 0.0673828125
1 0.5986328125 0.138671875 0.078125 0.03125
0 0.2158203125 0.50390625 0.015625 0.037109375
0 0.21728515625 0.45947265625 0.0166015625 0.0361328125
0 0.22119140625 0.4189453125 0.0185546875 0.037109375
0 0.19189453125 0.07421875 0.0166015625 0.037109375
0 0.193359375 0.0361328125 0.017578125 0.03515625
0 0.1982421875 0.0029296875 0.017578125 0.00390625
1 0.38916015625 0.16015625 0.0869140625 0.03125
