0 0.8740234375 0.85107421875 0.025390625 0.0341796875
0 0.21728515625 0.9453125 0.0302734375 0.0390625
0 0.1416015625 0.85595703125 0.0390625 0.0302734375
0 0.15283203125 0.8076171875 0.0361328125 0.025390625
0 0.2265625 0.8125 0.041015625 0.03125
0 0.19775390625 0.9345703125 0.0283203125 0.037109375
0 0.26611328125 0.86279296875 0.0478515625 0.0556640625
0 0.26416015625 0.830078125 0.0263671875 0.033203125
0 0.2197265625 0.8525390625 0.03125 0.041015625
0 0.14501953125 0.8349609375 0.0380859375 0.029296875
0 0.17822265625 0.92626953125 0.0263671875 0.0361328125
0 0.15869140625 0.91748046875 0.0322265625 0.0458984375
1 0.3720703125 0.93310546875 0.060546875 0.0927734375
1 0.3447265625 0.984375 0.04296875 0.03125
0 0.40966796875 0.98095703125 0.0283203125 0.0380859375
1 0.3173828125 0.97802734375 0.04296875 0.0439453125
0 0.4248046875 0.94189453125 0.02734375 0.0361328125
0 0.2177734375 0.94580078125 0.03125 0.0439453125
0 0.83642578125 0.77392578125 0.0439453125 0.0322265625
0 0.849609375 0.75390625 0.03515625 0.02734375
0 0.857421875 0.73681640625 0.0390625 0.0263671875
0 0.7822265625 0.13818359375 0.02734375 0.0380859375
1 0.7724609375 0.71923828125 0.056640625 0.0849609375
1 0.9296875 0.86865234375 0.044921875 0.0595703125
1 0.90087890625 0.85693359375 0.0458984375 0.0595703125
1 0.7802734375 0.77880859375 0.044921875 0.0576171875
1 0.85791015625 0.58837890625 0.0595703125 0.0849609375
1 0.7685546875 0.50048828125 0.064453125 0.0458984375
1 0.7177734375 0.6552734375 0.060546875 0.044921875
1 0.6943359375 0.76220703125 0.05078125 0.0556640625
1 0.55322265625 0.84130859375 0.0302734375 0.0400390625
0 0.5869140625 0.0537109375 0.044921875 0.033203125
0 0.640625 0.07421875 0.041015625 0.029296875
1 0.3466796875 0.916015625 0.056640625 0.09375
1 0.31982421875 0.9111328125 0.0537109375 0.08984375
0 0.13916015625 0.87451171875 0.0478515625 0.0341796875
1 0.1474609375 0.33544921875 0.083984375 0.0556640625
1 0.02587890625 0.70166015625 0.0498046875 0.0458984375
1 0.083984375 0.732421875 0.08203125 0.052734375
1 0.1689453125 0.76904296875 0.078125 0.0576171875
0 0.02978515625 0.3974609375 0.0322265625 0.044921875
0 0.1015625 0.89892578125 0.033203125 0.0458984375
0 0.126953125 0.916015625 0.033203125 0.04296875
0 0.177734375 0.92578125 0.02734375 0.0390625
0 0.1455078125 0.83447265625 0.0390625 0.0322265625
0 0.1416015625 0.853515625 0.041015625 0.03125
1 0.29443359375 0.900390625 0.0576171875 0.09765625
0 0.15283203125 0.80712890625 0.0400390625 0.0263671875
0 0.1591796875 0.91796875 0.03125 0.044921875
1 0.1318359375 0.1171875 0.076171875 0.14453125
1 0.3154296875 0.36474609375 0.078125 0.0498046875
1 0.48291015625 0.34814453125 0.0498046875 0.0810546875
1 0.45654296875 0.345703125 0.0380859375 0.060546875
1 0.2294921875 0.451171875 0.052734375 0.078125
0 0.6845703125 0.08837890625 0.044921875 0.0302734375
0 0.71240234375 0.2421875 0.0283203125 0.0390625
0 0.87158203125 0.68896484375 0.0419921875 0.0302734375
0 0.68994140625 0.2998046875 0.0341796875 0.046875
0 0.419921875 0.5341796875 0.0546875 0.033203125
0 0.408203125 0.552734375 0.052734375 0.033203125
0 0.40087890625 0.57275390625 0.0537109375 0.0322265625
0 0.63720703125 0.55029296875 0.0263671875 0.0361328125
0 0.623046875 0.583984375 0.02734375 0.037109375
0 0.60595703125 0.626953125 0.0244140625 0.03515625
0 0.5869140625 0.66796875 0.02734375 0.037109375
0 0.625 0.6796875 0.029296875 0.0390625
0 0.5673828125 0.716796875 0.03125 0.044921875
0 0.52587890625 0.81494140625 0.0302734375 0.0439453125
0 0.4248046875 0.94140625 0.02734375 0.037109375
0 0.673828125 0.56005859375 0.029296875 0.0380859375
0 0.771484375 0.53857421875 0.04296875 0.0283203125
0 0.916015625 0.5791015625 0.041015625 0.03125
0 0.86279296875 0.70703125 0.0400390625 0.03125
0 0.72705078125 0.62158203125 0.0380859375 0.0263671875
0 0.90771484375 0.599609375 0.0361328125 0.025390625
0 0.900390625 0.6201171875 0.04296875 0.0234375
0 0.8916015625 0.64306640625 0.044921875 0.0283203125
0 0.8818359375 0.66015625 0.044921875 0.029296875
0 0.90185546875 0.705078125 0.0361328125 0.044921875
0 0.42822265625 0.5146484375 0.0517578125 0.03515625
0 0.4453125 0.4970703125 0.060546875 0.037109375
0 0.39990234375 0.47998046875 0.0361328125 0.0263671875
0 0.86328125 0.3349609375 0.0234375 0.03515625
0 0.71484375 0.30810546875 0.02734375 0.0341796875
0 0.80126953125 0.30712890625 0.0302734375 0.0400390625
0 0.78759765625 0.39306640625 0.0302734375 0.0380859375
0 0.81298828125 0.396484375 0.0263671875 0.03515625
0 0.83642578125 0.4091796875 0.0263671875 0.0390625
0 0.9013671875 0.43994140625 0.025390625 0.0341796875
0 0.54443359375 0.03271484375 0.0419921875 0.0302734375
0 0.5009765625 0.0166015625 0.041015625 0.03125
0 0.435546875 0.0498046875 0.04296875 0.03125
0 0.8408203125 0.322265625 0.025390625 0.03125
0 0.36279296875 0.53369140625 0.0419921875 0.0283203125
0 0.98828125 0.4169921875 0.0234375 0.0234375
0 0.56005859375 0.359375 0.0361328125 0.052734375
0 0.537109375 0.35546875 0.03515625 0.052734375
0 0.408203125 0.44091796875 0.037109375 0.0283203125
0 0.45068359375 0.458984375 0.0517578125 0.03515625
0 0.45263671875 0.435546875 0.0556640625 0.0390625
0 0.2001953125 0.375 0.02734375 0.037109375
0 0.3076171875 0.39013671875 0.052734375 0.0361328125
0 0.3388671875 0.4365234375 0.02734375 0.0390625
