0 0.021484375 0.9140625 0.033203125 0.037109375
0 0.68896484375 0.71728515625 0.0341796875 0.0283203125
0 0.64404296875 0.6435546875 0.0361328125 0.025390625
0 0.43359375 0.6103515625 0.0390625 0.029296875
0 0.38671875 0.59130859375 0.037109375 0.0263671875
0 0.31640625 0.5634765625 0.033203125 0.025390625
0 0.71142578125 0.77392578125 0.0263671875 0.0322265625
0 0.720703125 0.861328125 0.037109375 0.052734375
0 0.8173828125 0.697265625 0.025390625 0.03515625
0 0.25244140625 0.478515625 0.0361328125 0.02734375
0 0.05322265625 0.396484375 0.0341796875 0.0234375
0 0.00537109375 0.41357421875 0.0087890625 0.0166015625
0 0.31640625 0.50634765625 0.037109375 0.0283203125
0 0.97119140625 0.71044921875 0.0283203125 0.0400390625
0 0.392578125 0.5400390625 0.03515625 0.025390625
0 0.56103515625 0.6064453125 0.0341796875 0.0234375
0 0.58740234375 0.669921875 0.0419921875 0.03125
0 0.84375 0.07568359375 0.0390625 0.0283203125
1 0.63916015625 0.0400390625 0.0498046875 0.037109375
0 0.76953125 0.04638671875 0.03515625 0.0244140625
0 0.86865234375 0.1396484375 0.0380859375 0.029296875
0 0.92578125 0.11474609375 0.03125 0.0244140625
1 0.64208984375 0.04052734375 0.0517578125 0.0400390625
0 0.77001953125 0.0478515625 0.0341796875 0.025390625
0 0.56689453125 0.0087890625 0.0361328125 0.015625
0 0.685546875 0.01220703125 0.033203125 0.0224609375
0 0.84423828125 0.07568359375 0.0380859375 0.0263671875
0 0.60205078125 0.0185546875 0.0322265625 0.025390625
