1 0.7255859375 0.67724609375 0.05859375 0.0224609375
0 0.95166015625 0.70361328125 0.0400390625 0.0205078125
1 0.458984375 0.49951171875 0.048828125 0.1552734375
1 0.50439453125 0.57763671875 0.0400390625 0.0830078125
1 0.71826171875 0.0087890625 0.0341796875 0.015625
1 0.77783203125 0.0244140625 0.0595703125 0.046875
1 0.54248046875 0.1328125 0.0693359375 0.056640625
1 0.53857421875 0.16650390625 0.0908203125 0.0673828125
1 0.052734375 0.0185546875 0.095703125 0.03515625
1 0.55517578125 0.23974609375 0.0849609375 0.0634765625
1 0.55810546875 0.30322265625 0.0908203125 0.0712890625
1 0.57177734375 0.37353515625 0.0849609375 0.0654296875
0 0.87158203125 0.27197265625 0.0478515625 0.0244140625
0 0.8564453125 0.37158203125 0.046875 0.0224609375
0 0.697265625 0.255859375 0.06640625 0.05859375
0 0.10009765625 0.85546875 0.0556640625 0.056640625
0 0.15185546875 0.833984375 0.0517578125 0.05859375
1 0.46142578125 0.85205078125 0.0849609375 0.0537109375
1 0.5302734375 0.791015625 0.078125 0.0546875
1 0.576171875 0.5498046875 0.078125 0.076171875
1 0.5703125 0.58544921875 0.076171875 0.0810546875
1 0.62158203125 0.66015625 0.0224609375 0.064453125
1 0.66552734375 0.64013671875 0.0244140625 0.0732421875
1 0.77783203125 0.6630859375 0.0732421875 0.041015625
1 0.74072265625 0.6259765625 0.0712890625 0.02734375
1 0.7333984375 0.599609375 0.07421875 0.029296875
1 0.73779296875 0.57470703125 0.0673828125 0.0263671875
1 0.7265625 0.54833984375 0.076171875 0.0263671875
0 0.54052734375 0.82177734375 0.0615234375 0.0419921875
0 0.54296875 0.84765625 0.068359375 0.048828125
0 0.55712890625 0.87353515625 0.0634765625 0.0576171875
0 0.86865234375 0.2998046875 0.0576171875 0.0234375
0 0.86962890625 0.20068359375 0.0478515625 0.0224609375
1 0.5830078125 0.47705078125 0.09375 0.0693359375
0 0.85546875 0.0576171875 0.03515625 0.044921875
1 0.72705078125 0.50244140625 0.0712890625 0.0673828125
1 0.728515625 0.46435546875 0.0703125 0.0693359375
1 0.73193359375 0.4287109375 0.0654296875 0.060546875
1 0.71435546875 0.40673828125 0.0732421875 0.0732421875
1 0.76416015625 0.3251953125 0.0654296875 0.064453125
1 0.755859375 0.27099609375 0.068359375 0.0693359375
1 0.701171875 0.322265625 0.068359375 0.068359375
1 0.7177734375 0.2724609375 0.06640625 0.0625
1 0.70849609375 0.208984375 0.0712890625 0.0703125
1 0.66796875 0.15625 0.041015625 0.0859375
1 0.69775390625 0.14990234375 0.0322265625 0.0771484375
1 0.728515625 0.1435546875 0.03125 0.0703125
1 0.75634765625 0.14794921875 0.0302734375 0.0654296875
1 0.849609375 0.14306640625 0.05859375 0.0283203125
0 0.87158203125 0.17041015625 0.0498046875 0.0224609375
1 0.86865234375 0.2255859375 0.0791015625 0.02734375
