1 0.447265625 0.97998046875 0.060546875 0.0380859375
1 0.44189453125 0.9501953125 0.0673828125 0.0390625
1 0.435546875 0.92333984375 0.06640625 0.0361328125
1 0.42724609375 0.8955078125 0.0654296875 0.0390625
1 0.41357421875 0.837890625 0.0673828125 0.0390625
1 0.4013671875 0.78369140625 0.064453125 0.0361328125
1 0.39208984375 0.75634765625 0.0673828125 0.0400390625
1 0.38720703125 0.7265625 0.0693359375 0.0390625
1 0.3642578125 0.640625 0.0703125 0.037109375
1 0.35595703125 0.6123046875 0.0693359375 0.041015625
1 0.4140625 0.56640625 0.0703125 0.0390625
1 0.40625 0.53662109375 0.0703125 0.0380859375
1 0.33837890625 0.5537109375 0.0673828125 0.044921875
1 0.33251953125 0.52490234375 0.0654296875 0.0439453125
1 0.18603515625 0.63525390625 0.0751953125 0.0400390625
1 0.1796875 0.60693359375 0.076171875 0.0419921875
1 0.17919921875 0.572265625 0.0849609375 0.04296875
1 0.17724609375 0.5439453125 0.0693359375 0.03515625
1 0.44921875 0.70751953125 0.068359375 0.0400390625
1 0.45751953125 0.7392578125 0.0673828125 0.0390625
1 0.4638671875 0.7685546875 0.06640625 0.037109375
1 0.52001953125 0.98681640625 0.0712890625 0.0263671875
1 0.5107421875 0.96630859375 0.078125 0.0419921875
1 0.50537109375 0.93359375 0.0693359375 0.0390625
1 0.4921875 0.87890625 0.068359375 0.0390625
1 0.48095703125 0.8515625 0.0634765625 0.0390625
1 0.47900390625 0.82275390625 0.0673828125 0.0400390625
1 0.47314453125 0.79541015625 0.0673828125 0.0400390625
1 0.14501953125 0.46533203125 0.0673828125 0.0361328125
