0 0.94970703125 0.31396484375 0.0283203125 0.0380859375
0 0.86279296875 0.05517578125 0.0302734375 0.0419921875
0 0.80810546875 0.0546875 0.0283203125 0.03515625
0 0.89111328125 0.20556640625 0.0263671875 0.0322265625
0 0.826171875 0.087890625 0.029296875 0.03515625
0 0.9921875 0.3984375 0.015625 0.033203125
0 0.90771484375 0.23828125 0.0283203125 0.037109375
0 0.97998046875 0.24365234375 0.0302734375 0.0361328125
0 0.92138671875 0.19189453125 0.0322265625 0.0400390625
0 0.93310546875 0.1572265625 0.0302734375 0.037109375
0 0.912109375 0.1240234375 0.03125 0.041015625
0 0.8662109375 0.15869140625 0.03125 0.0400390625
0 0.8466796875 0.125 0.03125 0.0390625
8 0.04833984375 0.9345703125 0.0947265625 0.130859375
