0 0.5029296875 0.9140625 0.029296875 0.037109375
0 0.1982421875 0.48876953125 0.029296875 0.0380859375
0 0.22021484375 0.5263671875 0.0322265625 0.037109375
0 0.31982421875 0.609375 0.0283203125 0.03515625
0 0.2880859375 0.64404296875 0.02734375 0.0322265625
0 0.38330078125 0.71630859375 0.0302734375 0.0380859375
0 0.42626953125 0.7900390625 0.0283203125 0.0390625
0 0.37353515625 0.7421875 0.0380859375 0.048828125
0 0.46240234375 0.935546875 0.0322265625 0.037109375
0 0.5283203125 0.9619140625 0.03125 0.0390625
0 0.69482421875 0.93701171875 0.0322265625 0.0263671875
0 0.4404296875 0.89990234375 0.03125 0.0361328125
0 0.4775390625 0.8759765625 0.03125 0.0390625
0 0.3955078125 0.82470703125 0.029296875 0.0380859375
0 0.357421875 0.671875 0.029296875 0.03515625
0 0.31005859375 0.67724609375 0.0302734375 0.0380859375
0 0.2998046875 0.57470703125 0.029296875 0.0361328125
0 0.2705078125 0.61083984375 0.029296875 0.0361328125
0 0.24169921875 0.56298828125 0.0302734375 0.0400390625
0 0.2333984375 0.5009765625 0.03515625 0.046875
0 0.25048828125 0.490234375 0.0341796875 0.041015625
0 0.7724609375 0.953125 0.04296875 0.033203125
0 0.85791015625 0.8544921875 0.0341796875 0.0234375
0 0.79736328125 0.876953125 0.0341796875 0.02734375
0 0.15966796875 0.33642578125 0.0302734375 0.0400390625
0 0.25048828125 0.4912109375 0.0322265625 0.0390625
0 0.19873046875 0.4892578125 0.0283203125 0.0390625
0 0.23388671875 0.501953125 0.0341796875 0.044921875
0 0.1484375 0.40673828125 0.02734375 0.0361328125
0 0.18408203125 0.3779296875 0.0341796875 0.044921875
0 0.12451171875 0.3623046875 0.0302734375 0.0390625
0 0.10009765625 0.3232421875 0.0302734375 0.037109375
0 0.0283203125 0.20458984375 0.025390625 0.0322265625
0 0.05517578125 0.24365234375 0.0283203125 0.0361328125
0 0.54248046875 0.1259765625 0.0302734375 0.0234375
0 0.564453125 0.08642578125 0.03515625 0.0263671875
0 0.73486328125 0.1572265625 0.0361328125 0.025390625
0 0.6474609375 0.1201171875 0.041015625 0.03125
0 0.7998046875 0.18359375 0.03515625 0.02734375
0 0.6865234375 0.18408203125 0.0390625 0.0283203125
0 0.7021484375 0.1416015625 0.03515625 0.02734375
0 0.5224609375 0.06787109375 0.033203125 0.0244140625
0 0.48095703125 0.05078125 0.0439453125 0.03125
0 0.49658203125 0.10693359375 0.0361328125 0.0263671875
0 0.98486328125 0.2568359375 0.0302734375 0.0234375
