1 0.70947265625 0.30712890625 0.0283203125 0.0595703125
1 0.68212890625 0.345703125 0.0263671875 0.0625
1 0.7080078125 0.3671875 0.029296875 0.060546875
1 0.70556640625 0.4267578125 0.0322265625 0.060546875
1 0.65087890625 0.41943359375 0.0302734375 0.0634765625
1 0.6240234375 0.4228515625 0.03125 0.0625
1 0.654296875 0.3544921875 0.03125 0.064453125
1 0.63330078125 0.2978515625 0.0302734375 0.064453125
1 0.6259765625 0.3583984375 0.02734375 0.056640625
1 0.60498046875 0.32958984375 0.0341796875 0.0634765625
1 0.57568359375 0.30029296875 0.0341796875 0.0751953125
1 0.46533203125 0.296875 0.0302734375 0.05859375
1 0.455078125 0.4091796875 0.029296875 0.060546875
1 0.478515625 0.412109375 0.02734375 0.05859375
1 0.48486328125 0.3310546875 0.0302734375 0.056640625
1 0.51806640625 0.2783203125 0.0263671875 0.056640625
1 0.51708984375 0.34765625 0.0380859375 0.083984375
1 0.18310546875 0.3720703125 0.0361328125 0.091796875
1 0.21630859375 0.30078125 0.0380859375 0.0625
0 0.9619140625 0.0869140625 0.033203125 0.01953125
0 0.81982421875 0.44873046875 0.0244140625 0.0419921875
0 0.93212890625 0.41650390625 0.0400390625 0.0224609375
0 0.7822265625 0.4287109375 0.037109375 0.0234375
0 0.7890625 0.34375 0.041015625 0.01953125
0 0.78515625 0.36376953125 0.03515625 0.0166015625
0 0.78857421875 0.38720703125 0.0361328125 0.0166015625
0 0.8984375 0.3759765625 0.03515625 0.01953125
0 0.9423828125 0.33740234375 0.048828125 0.0263671875
0 0.576171875 0.3583984375 0.0234375 0.044921875
0 0.65576171875 0.2978515625 0.0244140625 0.046875
0 0.4580078125 0.353515625 0.0234375 0.048828125
0 0.421875 0.3271484375 0.048828125 0.025390625
0 0.423828125 0.298828125 0.05078125 0.0234375
0 0.4228515625 0.26806640625 0.046875 0.0244140625
1 0.40966796875 0.39697265625 0.0537109375 0.0244140625
0 0.26220703125 0.296875 0.0400390625 0.021484375
1 0.4482421875 0.0791015625 0.052734375 0.15625
1 0.533203125 0.08837890625 0.0546875 0.1611328125
1 0.802734375 0.0888671875 0.044921875 0.09765625
1 0.8994140625 0.12158203125 0.048828125 0.1591796875
1 0.1943359375 0.27880859375 0.03515625 0.0693359375
