1 0.3046875 0.650390625 0.041015625 0.0625
1 0.33251953125 0.6455078125 0.0439453125 0.0625
1 0.45458984375 0.453125 0.0654296875 0.0390625
1 0.447265625 0.42529296875 0.060546875 0.0380859375
1 0.44189453125 0.3955078125 0.0673828125 0.0390625
1 0.435546875 0.36865234375 0.06640625 0.0361328125
1 0.42724609375 0.3408203125 0.0654296875 0.0390625
1 0.41357421875 0.283203125 0.0673828125 0.0390625
1 0.4013671875 0.22900390625 0.064453125 0.0361328125
1 0.39208984375 0.20166015625 0.0673828125 0.0400390625
1 0.38720703125 0.171875 0.0693359375 0.0390625
1 0.3642578125 0.0859375 0.0703125 0.037109375
1 0.35595703125 0.0576171875 0.0693359375 0.041015625
1 0.4130859375 0.01611328125 0.068359375 0.0302734375
1 0.33837890625 0.01123046875 0.0673828125 0.0205078125
1 0.18603515625 0.08056640625 0.0751953125 0.0400390625
1 0.1796875 0.05224609375 0.076171875 0.0419921875
1 0.17919921875 0.02001953125 0.0849609375 0.0380859375
1 0.46142578125 0.48388671875 0.0634765625 0.0380859375
1 0.44921875 0.15283203125 0.068359375 0.0400390625
1 0.45751953125 0.1845703125 0.0673828125 0.0390625
1 0.666015625 0.556640625 0.044921875 0.064453125
1 0.36181640625 0.63671875 0.0458984375 0.06640625
1 0.41796875 0.62109375 0.04296875 0.068359375
1 0.4453125 0.61572265625 0.04296875 0.0654296875
1 0.47314453125 0.6064453125 0.0419921875 0.06640625
1 0.5009765625 0.60107421875 0.041015625 0.0673828125
1 0.58203125 0.5810546875 0.04296875 0.064453125
1 0.60791015625 0.57177734375 0.0439453125 0.0673828125
1 0.63818359375 0.5634765625 0.0419921875 0.064453125
1 0.7138671875 0.54248046875 0.03515625 0.0615234375
1 0.4638671875 0.2138671875 0.06640625 0.037109375
1 0.74169921875 0.533203125 0.0361328125 0.060546875
1 0.52001953125 0.439453125 0.0712890625 0.041015625
1 0.5107421875 0.41162109375 0.078125 0.0419921875
1 0.50537109375 0.37890625 0.0693359375 0.0390625
1 0.4921875 0.32421875 0.068359375 0.0390625
1 0.48095703125 0.296875 0.0634765625 0.0390625
1 0.47900390625 0.26806640625 0.0673828125 0.0400390625
1 0.47314453125 0.24072265625 0.0673828125 0.0400390625
