0 0.33203125 0.98486328125 0.02734375 0.0302734375
0 0.2646484375 0.95654296875 0.029296875 0.0380859375
0 0.8681640625 0.98388671875 0.03125 0.0322265625
0 0.33154296875 0.98486328125 0.0263671875 0.0302734375
0 0.291015625 0.90966796875 0.029296875 0.0361328125
0 0.26318359375 0.95654296875 0.0302734375 0.0400390625
0 0.27099609375 0.87841796875 0.0302734375 0.0380859375
0 0.25244140625 0.841796875 0.0322265625 0.041015625
0 0.21728515625 0.77978515625 0.0302734375 0.0400390625
0 0.173828125 0.7001953125 0.02734375 0.033203125
0 0.162109375 0.76513671875 0.03125 0.0419921875
0 0.13671875 0.71923828125 0.033203125 0.0458984375
0 0.103515625 0.65966796875 0.033203125 0.0419921875
0 0.0556640625 0.5810546875 0.029296875 0.0390625
0 0.078125 0.52880859375 0.03125 0.0380859375
0 0.03955078125 0.45751953125 0.0283203125 0.0341796875
0 0.0146484375 0.501953125 0.02734375 0.041015625
0 0.60986328125 0.53369140625 0.0302734375 0.0361328125
0 0.68701171875 0.671875 0.0283203125 0.037109375
0 0.9111328125 0.87939453125 0.025390625 0.0361328125
0 0.85693359375 0.78564453125 0.0380859375 0.0322265625
0 0.56787109375 0.4599609375 0.0341796875 0.04296875
0 0.58935546875 0.49755859375 0.0302734375 0.0380859375
0 0.57666015625 0.36083984375 0.0322265625 0.0439453125
0 0.45166015625 0.25634765625 0.0322265625 0.0380859375
0 0.01806640625 0.42041015625 0.0322265625 0.0400390625
0 0.03662109375 0.54638671875 0.0302734375 0.0380859375
0 0.05810546875 0.49267578125 0.0302734375 0.0380859375
0 0.4296875 0.01904296875 0.03125 0.0263671875
0 0.419921875 0.2060546875 0.03125 0.0390625
0 0.49560546875 0.33349609375 0.0283203125 0.0380859375
0 0.53369140625 0.3017578125 0.0380859375 0.05078125
0 0.541015625 0.41015625 0.029296875 0.037109375
0 0.5166015625 0.37109375 0.03125 0.0390625
0 0.66455078125 0.62841796875 0.0302734375 0.0400390625
0 0.85546875 0.853515625 0.033203125 0.04296875
0 0.81591796875 0.70947265625 0.0419921875 0.0263671875
0 0.9482421875 0.93115234375 0.037109375 0.0302734375
0 0.7275390625 0.548828125 0.03515625 0.02734375
0 0.7392578125 0.56640625 0.03515625 0.029296875
0 0.390625 0.14599609375 0.02734375 0.0361328125
0 0.4755859375 0.2978515625 0.02734375 0.03515625
