0 0.9326171875 0.9482421875 0.0546875 0.0390625
1 0.712890625 0.4150390625 0.06640625 0.09765625
1 0.73583984375 0.47412109375 0.0673828125 0.0517578125
1 0.8896484375 0.546875 0.10546875 0.064453125
1 0.86767578125 0.49462890625 0.1083984375 0.0673828125
1 0.8818359375 0.462890625 0.064453125 0.044921875
1 0.86865234375 0.4404296875 0.0693359375 0.048828125
1 0.81201171875 0.35693359375 0.0615234375 0.0986328125
1 0.78759765625 0.36962890625 0.0634765625 0.0986328125
1 0.740234375 0.40185546875 0.068359375 0.1025390625
1 0.90625 0.50927734375 0.048828125 0.0341796875
1 0.861328125 0.52734375 0.05078125 0.037109375
1 0.68896484375 0.42919921875 0.0634765625 0.0908203125
1 0.17626953125 0.2900390625 0.0908203125 0.048828125
1 0.00634765625 0.1572265625 0.0107421875 0.02734375
1 0.16943359375 0.072265625 0.0634765625 0.037109375
1 0.14892578125 0.0927734375 0.0888671875 0.046875
1 0.13134765625 0.115234375 0.0595703125 0.041015625
1 0.13330078125 0.14208984375 0.0927734375 0.0458984375
1 0.1279296875 0.16748046875 0.0859375 0.0478515625
1 0.10986328125 0.21240234375 0.0595703125 0.0380859375
1 0.08935546875 0.25537109375 0.0869140625 0.0517578125
1 0.0869140625 0.28857421875 0.091796875 0.0458984375
1 0.08056640625 0.31298828125 0.0908203125 0.0458984375
1 0.21044921875 0.1904296875 0.0908203125 0.04296875
1 0.19189453125 0.23876953125 0.0693359375 0.0400390625
1 0.18408203125 0.265625 0.0927734375 0.048828125
0 0.51806640625 0.83447265625 0.0400390625 0.0322265625
0 0.5263671875 0.72607421875 0.03125 0.0380859375
0 0.55859375 0.71044921875 0.029296875 0.0419921875
0 0.52294921875 0.654296875 0.0419921875 0.029296875
0 0.58447265625 0.70068359375 0.0322265625 0.0380859375
0 0.6103515625 0.68603515625 0.029296875 0.0419921875
0 0.697265625 0.6728515625 0.0390625 0.02734375
0 0.66845703125 0.66259765625 0.0537109375 0.0361328125
0 0.822265625 0.57861328125 0.048828125 0.0185546875
1 0.90625 0.51123046875 0.048828125 0.0361328125
1 0.86083984375 0.529296875 0.0517578125 0.037109375
0 0.82373046875 0.5517578125 0.0361328125 0.025390625
0 0.85888671875 0.6005859375 0.0380859375 0.01953125
0 0.80615234375 0.60595703125 0.0361328125 0.0185546875
0 0.83154296875 0.75341796875 0.0341796875 0.0244140625
0 0.9287109375 0.716796875 0.044921875 0.03515625
0 0.86328125 0.8095703125 0.0546875 0.041015625
0 0.90234375 0.89794921875 0.041015625 0.0283203125
0 0.91748046875 0.92919921875 0.0478515625 0.0322265625
0 0.5048828125 0.8056640625 0.041015625 0.03125
0 0.49853515625 0.77587890625 0.0439453125 0.0322265625
1 0.20947265625 0.73095703125 0.0419921875 0.0615234375
1 0.18994140625 0.7412109375 0.0478515625 0.064453125
1 0.11767578125 0.77392578125 0.0458984375 0.0654296875
0 0.146484375 0.779296875 0.0234375 0.03515625
1 0.009765625 0.12890625 0.017578125 0.02734375
1 0.013671875 0.107421875 0.025390625 0.03125
1 0.01708984375 0.080078125 0.0322265625 0.033203125
1 0.0205078125 0.0546875 0.0390625 0.033203125
1 0.025390625 0.02587890625 0.048828125 0.0380859375
