0 0.37939453125 0.56982421875 0.0322265625 0.0419921875
0 0.39892578125 0.58056640625 0.0341796875 0.0439453125
0 0.37890625 0.67138671875 0.041015625 0.0556640625
0 0.32373046875 0.6865234375 0.0341796875 0.04296875
0 0.33203125 0.7744140625 0.02734375 0.033203125
0 0.27734375 0.79345703125 0.029296875 0.0400390625
0 0.29541015625 0.80615234375 0.0322265625 0.0439453125
0 0.33154296875 0.82421875 0.0263671875 0.041015625
0 0.46728515625 0.83740234375 0.0283203125 0.0361328125
0 0.20654296875 0.95166015625 0.0302734375 0.0419921875
0 0.22314453125 0.90869140625 0.0302734375 0.0439453125
0 0.24462890625 0.91845703125 0.0283203125 0.0380859375
0 0.56494140625 0.84716796875 0.0419921875 0.0322265625
0 0.99951171875 0.7900390625 0.0009765625 0.03515625
0 0.6162109375 0.8251953125 0.0390625 0.02734375
0 0.6611328125 0.80810546875 0.041015625 0.0283203125
0 0.70068359375 0.7998046875 0.0361328125 0.0234375
0 0.74609375 0.7880859375 0.037109375 0.021484375
0 0.75341796875 0.97802734375 0.0205078125 0.0419921875
0 0.79052734375 0.9765625 0.0205078125 0.041015625
0 0.81396484375 0.97412109375 0.0185546875 0.0400390625
0 0.7900390625 0.77880859375 0.037109375 0.0244140625
0 0.55712890625 0.4599609375 0.0283203125 0.044921875
0 0.5283203125 0.484375 0.03125 0.046875
0 0.47021484375 0.4619140625 0.0263671875 0.037109375
3 0.88818359375 0.44384765625 0.0849609375 0.0673828125
0 0.3212890625 0.35205078125 0.0390625 0.0537109375
0 0.994140625 0.07421875 0.01171875 0.037109375
0 0.99462890625 0.03564453125 0.0107421875 0.0341796875
0 0.9970703125 0.00244140625 0.005859375 0.0029296875
1 0.798828125 0.08447265625 0.041015625 0.0634765625
1 0.78515625 0.20068359375 0.041015625 0.0595703125
1 0.748046875 0.28076171875 0.06640625 0.0947265625
0 0.5771484375 0.0078125 0.0234375 0.013671875
0 0.6298828125 0.01953125 0.03125 0.037109375
