0 0.556640625 0.17529296875 0.0390625 0.0615234375
0 0.32080078125 0.017578125 0.0439453125 0.033203125
0 0.2734375 0.0458984375 0.05078125 0.04296875
0 0.18408203125 0.109375 0.0498046875 0.04296875
0 0.11279296875 0.15966796875 0.0439453125 0.0380859375
0 0.04150390625 0.03173828125 0.0224609375 0.0400390625
0 0.01953125 0.04931640625 0.037109375 0.0478515625
0 0.05419921875 0.107421875 0.0439453125 0.0390625
0 0.453125 0.21875 0.04296875 0.06640625
0 0.4775390625 0.2080078125 0.04296875 0.06640625
0 0.52880859375 0.18310546875 0.0419921875 0.0693359375
0 0.72314453125 0.11376953125 0.0322265625 0.0458984375
1 0.31591796875 0.07861328125 0.1005859375 0.0771484375
1 0.404296875 0.037109375 0.05859375 0.072265625
1 0.3349609375 0.11279296875 0.146484375 0.1025390625
1 0.45849609375 0.064453125 0.1025390625 0.072265625
1 0.4287109375 0.02783203125 0.05078125 0.0537109375
1 0.45458984375 0.0244140625 0.0478515625 0.046875
1 0.556640625 0.03125 0.1015625 0.060546875
1 0.7958984375 0.0185546875 0.095703125 0.03515625
1 0.57666015625 0.07177734375 0.1767578125 0.0986328125
1 0.6181640625 0.02783203125 0.10546875 0.0537109375
1 0.41943359375 0.13134765625 0.1572265625 0.0849609375
1 0.2900390625 0.30419921875 0.15234375 0.0869140625
1 0.1845703125 0.3291015625 0.046875 0.076171875
1 0.5634765625 0.97021484375 0.07421875 0.0439453125
0 0.6474609375 0.9345703125 0.060546875 0.0546875
0 0.6767578125 0.92431640625 0.05859375 0.0537109375
0 0.7060546875 0.91064453125 0.056640625 0.0498046875
0 0.84326171875 0.85546875 0.0556640625 0.056640625
0 0.89501953125 0.833984375 0.0517578125 0.05859375
