0 0.33984375 0.53515625 0.02734375 0.037109375
0 0.244140625 0.146484375 0.037109375 0.033203125
0 0.1796875 0.19921875 0.03125 0.037109375
0 0.26171875 0.40771484375 0.0234375 0.0341796875
0 0.24365234375 0.400390625 0.0263671875 0.0390625
0 0.3134765625 0.435546875 0.029296875 0.03515625
0 0.44482421875 0.39697265625 0.0380859375 0.0263671875
0 0.46337890625 0.48095703125 0.0244140625 0.0322265625
0 0.4296875 0.57080078125 0.02734375 0.0380859375
0 0.5419921875 0.626953125 0.0390625 0.029296875
0 0.26953125 0.56005859375 0.029296875 0.0419921875
0 0.39404296875 0.556640625 0.0302734375 0.041015625
0 0.52734375 0.66162109375 0.044921875 0.0322265625
0 0.21630859375 0.63671875 0.0302734375 0.04296875
0 0.30908203125 0.66845703125 0.0224609375 0.0341796875
0 0.341796875 0.68505859375 0.0234375 0.0361328125
0 0.3984375 0.70263671875 0.02734375 0.0380859375
0 0.419921875 0.70556640625 0.029296875 0.0400390625
0 0.435546875 0.71728515625 0.02734375 0.0380859375
0 0.2802734375 0.41357421875 0.025390625 0.0380859375
0 0.74169921875 0.53369140625 0.0380859375 0.0361328125
0 0.52978515625 0.64013671875 0.0380859375 0.0302734375
0 0.36181640625 0.68896484375 0.0263671875 0.0400390625
0 0.17919921875 0.19970703125 0.0302734375 0.0361328125
0 0.244140625 0.146484375 0.03515625 0.033203125
0 0.208984375 0.17431640625 0.033203125 0.0322265625
0 0.16162109375 0.2421875 0.0341796875 0.041015625
0 0.2890625 0.6650390625 0.025390625 0.037109375
0 0.20947265625 0.1748046875 0.0322265625 0.03125
0 0.162109375 0.23974609375 0.03515625 0.0419921875
0 0.38916015625 0.453125 0.0283203125 0.0390625
0 0.40869140625 0.4619140625 0.0244140625 0.03515625
0 0.44384765625 0.47314453125 0.0224609375 0.0322265625
0 0.4453125 0.41552734375 0.0390625 0.0283203125
0 0.37939453125 0.595703125 0.0283203125 0.04296875
0 0.32373046875 0.57421875 0.0263671875 0.037109375
0 0.19482421875 0.6318359375 0.0263671875 0.0390625
0 0.5341796875 0.91552734375 0.037109375 0.0361328125
0 0.5205078125 0.89697265625 0.037109375 0.0361328125
0 0.5048828125 0.8828125 0.044921875 0.0390625
0 0.42138671875 0.89697265625 0.0341796875 0.0341796875
0 0.5380859375 0.984375 0.03515625 0.03125
0 0.52294921875 0.9921875 0.0244140625 0.015625
