0 0.3642578125 0.02392578125 0.044921875 0.0361328125
0 0.14208984375 0.044921875 0.0458984375 0.041015625
0 0.1943359375 0.03857421875 0.046875 0.0380859375
1 0.59716796875 0.69775390625 0.0732421875 0.0244140625
1 0.58642578125 0.6689453125 0.0693359375 0.029296875
1 0.552734375 0.61474609375 0.076171875 0.0302734375
1 0.53857421875 0.5869140625 0.0751953125 0.03125
1 0.49951171875 0.52685546875 0.0791015625 0.0361328125
1 0.48583984375 0.498046875 0.0751953125 0.03515625
1 0.4658203125 0.4697265625 0.076171875 0.03125
1 0.57861328125 0.5087890625 0.0595703125 0.078125
1 0.45361328125 0.43994140625 0.0751953125 0.0302734375
1 0.49560546875 0.37548828125 0.0654296875 0.0791015625
1 0.5537109375 0.3701171875 0.0703125 0.05859375
1 0.61865234375 0.3291015625 0.0791015625 0.060546875
1 0.60205078125 0.3056640625 0.0751953125 0.056640625
1 0.51318359375 0.2919921875 0.0908203125 0.07421875
1 0.48974609375 0.23828125 0.0888671875 0.0703125
1 0.2509765625 0.31787109375 0.087890625 0.0361328125
1 0.330078125 0.3115234375 0.07421875 0.05859375
1 0.19873046875 0.2314453125 0.0498046875 0.06640625
1 0.23291015625 0.23291015625 0.0693359375 0.1005859375
1 0.26171875 0.22265625 0.076171875 0.103515625
1 0.29736328125 0.18701171875 0.0673828125 0.0966796875
1 0.322265625 0.17431640625 0.072265625 0.1005859375
1 0.35693359375 0.181640625 0.0791015625 0.10546875
1 0.373046875 0.15673828125 0.0625 0.0791015625
1 0.3955078125 0.14404296875 0.076171875 0.0986328125
1 0.42333984375 0.138671875 0.0595703125 0.076171875
1 0.4453125 0.12255859375 0.056640625 0.0771484375
1 0.45703125 0.078125 0.05078125 0.0625
0 0.18212890625 0.0234375 0.0439453125 0.03515625
0 0.16455078125 0.0771484375 0.0458984375 0.03515625
0 0.00927734375 0.22802734375 0.0185546875 0.0419921875
0 0.12646484375 0.10009765625 0.0458984375 0.0361328125
0 0.76806640625 0.7763671875 0.0595703125 0.033203125
0 0.73291015625 0.1640625 0.0380859375 0.041015625
0 0.720703125 0.056640625 0.0390625 0.04296875
0 0.01513671875 0.400390625 0.0244140625 0.04296875
0 0.04541015625 0.36767578125 0.0224609375 0.0419921875
0 0.0654296875 0.40771484375 0.021484375 0.0400390625
0 0.10595703125 0.34423828125 0.0419921875 0.0205078125
0 0.10888671875 0.3037109375 0.0439453125 0.029296875
0 0.10791015625 0.279296875 0.0439453125 0.029296875
0 0.11279296875 0.23583984375 0.0458984375 0.0205078125
0 0.013671875 0.2666015625 0.025390625 0.04296875
0 0.12841796875 0.1875 0.0419921875 0.048828125
0 0.14599609375 0.17724609375 0.0341796875 0.0439453125
0 0.19873046875 0.1474609375 0.0380859375 0.046875
0 0.2158203125 0.134765625 0.0390625 0.05078125
0 0.24462890625 0.09521484375 0.0380859375 0.0517578125
0 0.2333984375 0.12548828125 0.03515625 0.0478515625
0 0.03271484375 0.2509765625 0.0244140625 0.048828125
0 0.0869140625 0.02734375 0.04296875 0.03515625
0 0.0400390625 0.03271484375 0.044921875 0.0380859375
0 0.04833984375 0.05322265625 0.0537109375 0.0439453125
0 0.0966796875 0.04736328125 0.044921875 0.0380859375
0 0.12939453125 0.02783203125 0.0419921875 0.0361328125
0 0.06982421875 0.083984375 0.0439453125 0.033203125
0 0.10498046875 0.06494140625 0.0478515625 0.0380859375
0 0.115234375 0.0859375 0.04296875 0.03515625
0 0.08056640625 0.103515625 0.0478515625 0.03515625
0 0.0546875 0.14111328125 0.041015625 0.0361328125
0 0.0888671875 0.1201171875 0.04296875 0.033203125
1 0.4931640625 0.142578125 0.052734375 0.078125
