0 0.51513671875 0.01708984375 0.0439453125 0.0322265625
1 0.4853515625 0.07861328125 0.052734375 0.0478515625
0 0.30517578125 0.66748046875 0.0283203125 0.0458984375
0 0.36572265625 0.6953125 0.0478515625 0.0390625
0 0.37255859375 0.5390625 0.0341796875 0.046875
0 0.34326171875 0.60107421875 0.0380859375 0.0458984375
0 0.3994140625 0.451171875 0.03515625 0.046875
0 0.28515625 0.57373046875 0.033203125 0.0439453125
0 0.32666015625 0.3740234375 0.0361328125 0.03125
1 0.12841796875 0.98486328125 0.0361328125 0.0302734375
