6 0.86669921875 0.72021484375 0.2666015625 0.5595703125
0 0.70703125 0.046875 0.029296875 0.046875
0 0.6845703125 0.048828125 0.02734375 0.046875
0 0.6416015625 0.048828125 0.033203125 0.046875
0 0.61962890625 0.0546875 0.0283203125 0.044921875
0 0.44677734375 0.0869140625 0.0283203125 0.046875
0 0.3984375 0.0908203125 0.029296875 0.046875
0 0.33544921875 0.10205078125 0.0400390625 0.0458984375
0 0.21435546875 0.2470703125 0.0498046875 0.025390625
0 0.24560546875 0.11279296875 0.0458984375 0.0361328125
0 0.16748046875 0.10498046875 0.0263671875 0.0400390625
7 0.7177734375 0.6982421875 0.564453125 0.603515625
0 0.07080078125 0.279296875 0.0439453125 0.021484375
0 0.1005859375 0.12548828125 0.04296875 0.0224609375
0 0.021484375 0.1533203125 0.041015625 0.025390625
0 0.787109375 0.02880859375 0.029296875 0.0478515625
0 0.8173828125 0.02685546875 0.0234375 0.0458984375
0 0.412109375 0.04248046875 0.02734375 0.0439453125
