0 0.0361328125 0.7822265625 0.025390625 0.041015625
0 0.015625 0.771484375 0.02734375 0.041015625
0 0.02490234375 0.82080078125 0.0263671875 0.0380859375
0 0.1181640625 0.525390625 0.025390625 0.04296875
0 0.0966796875 0.5185546875 0.029296875 0.04296875
0 0.05615234375 0.50341796875 0.0244140625 0.0419921875
0 0.00390625 0.4921875 0.005859375 0.041015625
0 0.27197265625 0.412109375 0.0205078125 0.03515625
0 0.3876953125 0.5791015625 0.029296875 0.04296875
0 0.150390625 0.4814453125 0.02734375 0.037109375
0 0.06494140625 0.46337890625 0.0244140625 0.0419921875
0 0.107421875 0.47412109375 0.02734375 0.0419921875
0 0.37060546875 0.68115234375 0.0283203125 0.0439453125
0 0.22900390625 0.82666015625 0.0263671875 0.0400390625
0 0.0771484375 0.79052734375 0.021484375 0.0380859375
0 0.11962890625 0.8046875 0.0244140625 0.04296875
0 0.09912109375 0.79638671875 0.0244140625 0.0400390625
0 0.11474609375 0.9482421875 0.0283203125 0.044921875
0 0.2041015625 0.82666015625 0.021484375 0.0341796875
0 0.1416015625 0.8134765625 0.021484375 0.037109375
0 0.162109375 0.81201171875 0.0234375 0.0419921875
0 0.18408203125 0.818359375 0.0205078125 0.0390625
0 0.1748046875 0.85986328125 0.025390625 0.0419921875
0 0.3212890625 0.9130859375 0.037109375 0.0390625
6 0.7880859375 0.6943359375 0.423828125 0.611328125
1 0.89013671875 0.22900390625 0.0947265625 0.0341796875
0 0.24853515625 0.9375 0.0341796875 0.0390625
0 0.13916015625 0.705078125 0.0283203125 0.044921875
0 0.0576171875 0.787109375 0.025390625 0.04296875
0 0.32666015625 0.56005859375 0.0244140625 0.0439453125
0 0.646484375 0.06201171875 0.041015625 0.0302734375
1 0.83935546875 0.0791015625 0.0244140625 0.048828125
0 0.23095703125 0.4013671875 0.0244140625 0.041015625
0 0.314453125 0.41796875 0.015625 0.029296875
0 0.29296875 0.41455078125 0.0234375 0.0439453125
0 0.1904296875 0.3876953125 0.021484375 0.033203125
0 0.01416015625 0.4931640625 0.0283203125 0.044921875
0 0.13623046875 0.52587890625 0.0263671875 0.0419921875
0 0.1796875 0.53466796875 0.029296875 0.0439453125
0 0.2109375 0.49609375 0.02734375 0.046875
0 0.02490234375 0.45068359375 0.0263671875 0.0439453125
0 0.0068359375 0.45068359375 0.01171875 0.0400390625
0 0.1337890625 0.62890625 0.02734375 0.04296875
0 0.08544921875 0.4716796875 0.0263671875 0.0390625
0 0.36572265625 0.580078125 0.0283203125 0.046875
0 0.32275390625 0.66552734375 0.0302734375 0.0517578125
0 0.345703125 0.5703125 0.021484375 0.044921875
0 0.2001953125 0.5400390625 0.029296875 0.044921875
0 0.2509765625 0.51171875 0.025390625 0.046875
0 0.35546875 0.52880859375 0.025390625 0.0400390625
0 0.2958984375 0.5185546875 0.03515625 0.046875
0 0.169921875 0.48779296875 0.025390625 0.0419921875
0 0.18994140625 0.49267578125 0.0283203125 0.0458984375
0 0.28173828125 0.55615234375 0.0302734375 0.0439453125
0 0.3447265625 0.67626953125 0.037109375 0.0576171875
0 0.22119140625 0.72021484375 0.0244140625 0.0439453125
0 0.45166015625 0.60400390625 0.0341796875 0.0517578125
0 0.376953125 0.53369140625 0.029296875 0.0400390625
0 0.35546875 0.73974609375 0.03125 0.0498046875
0 0.158203125 0.70751953125 0.02734375 0.0419921875
0 0.23779296875 0.6513671875 0.0283203125 0.046875
