7 0.39599609375 0.6640625 0.7900390625 0.671875
8 0.6748046875 0.916015625 0.177734375 0.16796875
8 0.0634765625 0.07177734375 0.125 0.1416015625
8 0.3740234375 0.466796875 0.181640625 0.21484375
8 0.267578125 0.5361328125 0.18359375 0.21484375
8 0.16162109375 0.60107421875 0.1826171875 0.2177734375
8 0.0732421875 0.67431640625 0.14453125 0.2001953125
8 0.20751953125 0.89892578125 0.1806640625 0.2021484375
8 0.3125 0.83984375 0.18359375 0.216796875
8 0.419921875 0.771484375 0.18359375 0.21875
8 0.5263671875 0.703125 0.181640625 0.212890625
8 0.548828125 0.94970703125 0.140625 0.1005859375
