0 0.07763671875 0.20751953125 0.0380859375 0.0302734375
1 0.7119140625 0.46875 0.0703125 0.08984375
1 0.68505859375 0.62109375 0.0751953125 0.0625
1 0.70263671875 0.64599609375 0.0791015625 0.0634765625
1 0.71728515625 0.671875 0.0771484375 0.064453125
1 0.55517578125 0.39990234375 0.0947265625 0.0673828125
1 0.62451171875 0.39404296875 0.0693359375 0.0869140625
1 0.662109375 0.390625 0.072265625 0.083984375
1 0.67529296875 0.35693359375 0.0751953125 0.0888671875
1 0.61572265625 0.4912109375 0.0654296875 0.080078125
1 0.6396484375 0.4794921875 0.076171875 0.087890625
1 0.67138671875 0.4716796875 0.0732421875 0.087890625
1 0.7353515625 0.44970703125 0.07421875 0.0869140625
1 0.66162109375 0.56884765625 0.0810546875 0.0615234375
1 0.7158203125 0.54541015625 0.0703125 0.0927734375
1 0.76025390625 0.55029296875 0.0732421875 0.0888671875
1 0.78125 0.52294921875 0.07421875 0.0888671875
1 0.76318359375 0.62548828125 0.0751953125 0.0908203125
1 0.82470703125 0.59765625 0.0712890625 0.083984375
1 0.806640625 0.62744140625 0.0703125 0.0888671875
1 0.7333984375 0.697265625 0.080078125 0.064453125
1 0.74853515625 0.72412109375 0.0751953125 0.0615234375
1 0.80908203125 0.705078125 0.0732421875 0.087890625
1 0.857421875 0.6953125 0.05078125 0.064453125
1 0.67138671875 0.59814453125 0.0771484375 0.0634765625
1 0.64404296875 0.54345703125 0.0791015625 0.0654296875
0 0.33935546875 0.0771484375 0.0322265625 0.037109375
1 0.30029296875 0.43017578125 0.0908203125 0.0693359375
0 0.27099609375 0.1181640625 0.0341796875 0.041015625
0 0.236328125 0.13818359375 0.033203125 0.0419921875
0 0.18798828125 0.1669921875 0.0361328125 0.04296875
1 0.14794921875 0.5654296875 0.0888671875 0.06640625
1 0.14208984375 0.53173828125 0.0908203125 0.0693359375
1 0.13916015625 0.49560546875 0.0908203125 0.0791015625
1 0.24853515625 0.54638671875 0.0908203125 0.0712890625
1 0.2294921875 0.5205078125 0.0859375 0.06640625
1 0.22021484375 0.48193359375 0.0908203125 0.0693359375
1 0.2119140625 0.4453125 0.08203125 0.064453125
1 0.2861328125 0.3984375 0.091796875 0.072265625
1 0.62109375 0.26708984375 0.07421875 0.0888671875
1 0.38134765625 0.4287109375 0.0888671875 0.068359375
1 0.37841796875 0.38232421875 0.0908203125 0.0693359375
1 0.36328125 0.349609375 0.087890625 0.0703125
1 0.45849609375 0.33642578125 0.0888671875 0.0693359375
1 0.4609375 0.3759765625 0.091796875 0.0703125
1 0.4462890625 0.3017578125 0.091796875 0.072265625
1 0.4853515625 0.3984375 0.08984375 0.06640625
1 0.52978515625 0.3349609375 0.0615234375 0.09375
1 0.5791015625 0.31591796875 0.0703125 0.0849609375
1 0.57275390625 0.2626953125 0.0849609375 0.0859375
1 0.87255859375 0.67578125 0.0712890625 0.0859375
