0 0.9794921875 0.05224609375 0.041015625 0.0283203125
0 0.970703125 0.0302734375 0.048828125 0.025390625
0 0.98583984375 0.07470703125 0.0283203125 0.0244140625
1 0.03125 0.56103515625 0.060546875 0.1005859375
1 0.33837890625 0.015625 0.0458984375 0.029296875
1 0.41650390625 0.1220703125 0.0595703125 0.072265625
1 0.39453125 0.13623046875 0.056640625 0.0693359375
1 0.37109375 0.14404296875 0.05078125 0.0673828125
1 0.3525390625 0.15771484375 0.052734375 0.0654296875
1 0.3330078125 0.17236328125 0.0546875 0.0693359375
1 0.283203125 0.18310546875 0.052734375 0.0576171875
1 0.38671875 0.0283203125 0.05078125 0.0546875
1 0.310546875 0.02392578125 0.0546875 0.0458984375
1 0.21435546875 0.01220703125 0.0419921875 0.0224609375
1 0.185546875 0.02001953125 0.05078125 0.0380859375
1 0.15576171875 0.02685546875 0.0634765625 0.0517578125
1 0.140625 0.0439453125 0.060546875 0.0703125
1 0.046875 0.5498046875 0.078125 0.09765625
1 0.02001953125 0.587890625 0.0380859375 0.0703125
0 0.49560546875 0.95068359375 0.0361328125 0.0498046875
0 0.61962890625 0.595703125 0.0400390625 0.04296875
0 0.5947265625 0.6044921875 0.041015625 0.048828125
0 0.56298828125 0.673828125 0.0439453125 0.033203125
0 0.7646484375 0.451171875 0.060546875 0.046875
0 0.86669921875 0.43408203125 0.0419921875 0.0361328125
0 0.88427734375 0.46142578125 0.0400390625 0.0322265625
0 0.89501953125 0.4814453125 0.0439453125 0.03515625
0 0.9345703125 0.53759765625 0.0390625 0.0322265625
0 0.9443359375 0.5517578125 0.04296875 0.03515625
0 0.47998046875 0.93212890625 0.0380859375 0.0439453125
0 0.9873046875 0.634765625 0.025390625 0.03125
0 0.2119140625 0.7802734375 0.037109375 0.03125
0 0.2001953125 0.73828125 0.04296875 0.037109375
0 0.15673828125 0.68994140625 0.0400390625 0.0322265625
0 0.19482421875 0.43994140625 0.0419921875 0.0341796875
0 0.18994140625 0.41552734375 0.0380859375 0.0322265625
1 0.72314453125 0.62109375 0.0810546875 0.05859375
1 0.5166015625 0.666015625 0.048828125 0.056640625
1 0.2802734375 0.22998046875 0.048828125 0.0576171875
1 0.25146484375 0.23486328125 0.0595703125 0.0673828125
1 0.46484375 0.1962890625 0.0546875 0.060546875
0 0.83447265625 0.29052734375 0.0380859375 0.0322265625
0 0.98974609375 0.66162109375 0.0205078125 0.0283203125
1 0.4130859375 0.212890625 0.05859375 0.072265625
0 0.2041015625 0.76025390625 0.041015625 0.0341796875
0 0.2822265625 0.28515625 0.0625 0.05078125
0 0.8798828125 0.32958984375 0.048828125 0.0439453125
0 0.8203125 0.44287109375 0.0390625 0.0302734375
0 0.75244140625 0.48486328125 0.0458984375 0.0400390625
0 0.6611328125 0.5654296875 0.0390625 0.033203125
0 0.4599609375 0.62255859375 0.033203125 0.0380859375
0 0.23779296875 0.7353515625 0.0439453125 0.0390625
1 0.43701171875 0.20458984375 0.0595703125 0.0712890625
1 0.3896484375 0.22021484375 0.0546875 0.0693359375
0 0.07861328125 0.3447265625 0.0400390625 0.048828125
0 0.15771484375 0.68994140625 0.0400390625 0.0322265625
0 0.0908203125 0.52392578125 0.037109375 0.0341796875
0 0.1259765625 0.3818359375 0.01953125 0.0390625
0 0.111328125 0.55908203125 0.060546875 0.0400390625
0 0.10009765625 0.3310546875 0.0361328125 0.04296875
1 0.01513671875 0.3935546875 0.0283203125 0.05859375
1 0.18798828125 0.24609375 0.0869140625 0.10546875
1 0.16455078125 0.26123046875 0.0830078125 0.1025390625
1 0.14208984375 0.29150390625 0.0732421875 0.0810546875
1 0.37548828125 0.236328125 0.0576171875 0.0703125
1 0.35498046875 0.2509765625 0.0537109375 0.0703125
1 0.95947265625 0.59228515625 0.0634765625 0.0439453125
1 0.69677734375 0.533203125 0.0693359375 0.056640625
1 0.57568359375 0.62255859375 0.0517578125 0.0615234375
1 0.11328125 0.0732421875 0.076171875 0.099609375
