1 0.908203125 0.49755859375 0.076171875 0.1591796875
1 0.0205078125 0.25048828125 0.041015625 0.0654296875
1 0.13427734375 0.08203125 0.0869140625 0.052734375
1 0.1201171875 0.11083984375 0.08984375 0.0537109375
1 0.1103515625 0.14453125 0.087890625 0.05859375
1 0.0986328125 0.17578125 0.0859375 0.052734375
1 0.08837890625 0.208984375 0.0908203125 0.048828125
1 0.08984375 0.24658203125 0.08984375 0.0498046875
1 0.08203125 0.2734375 0.087890625 0.048828125
1 0.0361328125 0.17041015625 0.044921875 0.0654296875
0 0.0126953125 0.37841796875 0.0234375 0.0498046875
1 0.0634765625 0.09326171875 0.041015625 0.0595703125
1 0.81591796875 0.61181640625 0.0556640625 0.0986328125
1 0.28125 0.17529296875 0.064453125 0.0537109375
1 0.31201171875 0.27978515625 0.0712890625 0.0400390625
1 0.47314453125 0.1064453125 0.0732421875 0.04296875
1 0.626953125 0.15966796875 0.06640625 0.0380859375
0 0.56298828125 0.13671875 0.0478515625 0.033203125
1 0.79150390625 0.333984375 0.0419921875 0.08203125
1 0.81787109375 0.33935546875 0.0439453125 0.0830078125
1 0.84716796875 0.3447265625 0.0458984375 0.080078125
1 0.7880859375 0.60400390625 0.052734375 0.0986328125
1 0.18115234375 0.12890625 0.0576171875 0.09765625
