1 0.84912109375 0.61962890625 0.0693359375 0.0263671875
1 0.181640625 0.3271484375 0.056640625 0.037109375
1 0.05810546875 0.2802734375 0.0556640625 0.03515625
1 0.01708984375 0.2880859375 0.0322265625 0.029296875
1 0.171875 0.28076171875 0.0546875 0.0302734375
1 0.1162109375 0.29296875 0.056640625 0.033203125
1 0.06298828125 0.3037109375 0.0615234375 0.03515625
1 0.01904296875 0.31103515625 0.0361328125 0.0302734375
1 0.1201171875 0.31591796875 0.05859375 0.0341796875
1 0.16650390625 0.26025390625 0.0576171875 0.0302734375
1 0.0654296875 0.3251953125 0.05859375 0.03515625
1 0.021484375 0.3349609375 0.041015625 0.033203125
1 0.60009765625 0.337890625 0.0244140625 0.060546875
1 0.42626953125 0.43359375 0.0283203125 0.060546875
1 0.451171875 0.43994140625 0.029296875 0.0634765625
1 0.1123046875 0.26904296875 0.060546875 0.0341796875
1 0.0146484375 0.26416015625 0.02734375 0.0283203125
1 0.591796875 0.1708984375 0.091796875 0.033203125
1 0.701171875 0.0908203125 0.099609375 0.033203125
1 0.69580078125 0.12158203125 0.1044921875 0.0380859375
1 0.6962890625 0.15380859375 0.099609375 0.0361328125
1 0.693359375 0.1806640625 0.1015625 0.0390625
1 0.68310546875 0.20947265625 0.1044921875 0.0361328125
1 0.6015625 0.23486328125 0.09765625 0.0341796875
1 0.59375 0.14208984375 0.099609375 0.0400390625
1 0.0556640625 0.25732421875 0.056640625 0.0341796875
1 0.58740234375 0.11083984375 0.1044921875 0.0380859375
1 0.4697265625 0.0830078125 0.033203125 0.099609375
1 0.07275390625 0.228515625 0.0576171875 0.033203125
1 0.130859375 0.2197265625 0.0546875 0.03125
1 0.16357421875 0.23779296875 0.0537109375 0.0302734375
1 0.1123046875 0.24560546875 0.056640625 0.0302734375
1 0.87841796875 0.64599609375 0.0693359375 0.0263671875
1 0.9267578125 0.46533203125 0.056640625 0.0283203125
1 0.8212890625 0.5078125 0.0546875 0.0234375
1 0.822265625 0.486328125 0.056640625 0.021484375
1 0.9140625 0.55029296875 0.05859375 0.0283203125
1 0.916015625 0.53125 0.05859375 0.029296875
1 0.9208984375 0.50830078125 0.05859375 0.0302734375
1 0.92333984375 0.4873046875 0.0576171875 0.02734375
1 0.93115234375 0.44384765625 0.0537109375 0.0283203125
1 0.818359375 0.55029296875 0.05859375 0.0244140625
1 0.93408203125 0.41943359375 0.0556640625 0.0302734375
1 0.88818359375 0.42529296875 0.0283203125 0.0634765625
1 0.95361328125 0.38916015625 0.0537109375 0.0263671875
1 0.9560546875 0.3681640625 0.0546875 0.029296875
1 0.8720703125 0.7099609375 0.0703125 0.033203125
1 0.861328125 0.6767578125 0.068359375 0.0234375
1 0.82080078125 0.5283203125 0.0556640625 0.025390625
1 0.818359375 0.57275390625 0.0546875 0.0224609375
0 0.5634765625 0.01171875 0.017578125 0.021484375
0 0.0830078125 0.1083984375 0.0390625 0.017578125
0 0.48291015625 0.48193359375 0.0400390625 0.0205078125
0 0.486328125 0.4560546875 0.037109375 0.01953125
0 0.49609375 0.431640625 0.056640625 0.025390625
0 0.49951171875 0.396484375 0.0576171875 0.02734375
0 0.50634765625 0.06396484375 0.0205078125 0.0439453125
0 0.48193359375 0.50244140625 0.0458984375 0.0263671875
1 0.82568359375 0.595703125 0.0673828125 0.025390625
1 0.701171875 0.05908203125 0.099609375 0.0302734375
