1 0.40625 0.3271484375 0.056640625 0.037109375
1 0.28271484375 0.2802734375 0.0556640625 0.03515625
1 0.22705078125 0.29052734375 0.0615234375 0.0341796875
1 0.396484375 0.28076171875 0.0546875 0.0302734375
1 0.3408203125 0.29296875 0.056640625 0.033203125
1 0.28759765625 0.3037109375 0.0615234375 0.03515625
1 0.2314453125 0.3125 0.060546875 0.033203125
1 0.3447265625 0.31591796875 0.05859375 0.0341796875
1 0.39111328125 0.26025390625 0.0576171875 0.0302734375
1 0.2900390625 0.3251953125 0.05859375 0.03515625
1 0.23779296875 0.33642578125 0.0576171875 0.0361328125
1 0.82470703125 0.337890625 0.0244140625 0.060546875
1 0.65087890625 0.43359375 0.0283203125 0.060546875
1 0.67578125 0.43994140625 0.029296875 0.0634765625
0 0.02197265625 0.646484375 0.0283203125 0.052734375
1 0.3369140625 0.26904296875 0.060546875 0.0341796875
1 0.22509765625 0.26708984375 0.0556640625 0.0341796875
0 0.0986328125 0.6611328125 0.03125 0.060546875
1 0.81640625 0.1708984375 0.091796875 0.033203125
1 0.92578125 0.0908203125 0.099609375 0.033203125
1 0.92041015625 0.12158203125 0.1044921875 0.0380859375
1 0.9208984375 0.15380859375 0.099609375 0.0361328125
1 0.91796875 0.1806640625 0.1015625 0.0390625
1 0.90771484375 0.20947265625 0.1044921875 0.0361328125
1 0.826171875 0.23486328125 0.09765625 0.0341796875
1 0.818359375 0.14208984375 0.099609375 0.0400390625
1 0.2802734375 0.25732421875 0.056640625 0.0341796875
1 0.81201171875 0.11083984375 0.1044921875 0.0380859375
1 0.6943359375 0.0830078125 0.033203125 0.099609375
1 0.29736328125 0.228515625 0.0576171875 0.033203125
1 0.35546875 0.2197265625 0.0546875 0.03125
1 0.38818359375 0.23779296875 0.0537109375 0.0302734375
1 0.3369140625 0.24560546875 0.056640625 0.0302734375
0 0.07568359375 0.64013671875 0.0283203125 0.0498046875
0 0.07275390625 0.099609375 0.0634765625 0.03125
0 0.1943359375 0.111328125 0.037109375 0.017578125
0 0.7880859375 0.01171875 0.017578125 0.021484375
0 0.3076171875 0.1083984375 0.0390625 0.017578125
0 0.70751953125 0.48193359375 0.0400390625 0.0205078125
0 0.7109375 0.4560546875 0.037109375 0.01953125
0 0.720703125 0.431640625 0.056640625 0.025390625
0 0.72412109375 0.396484375 0.0576171875 0.02734375
0 0.73095703125 0.06396484375 0.0205078125 0.0439453125
0 0.70654296875 0.50244140625 0.0458984375 0.0263671875
1 0.92578125 0.05908203125 0.099609375 0.0302734375
