1 0.3193359375 0.28662109375 0.041015625 0.0654296875
1 0.43310546875 0.1181640625 0.0869140625 0.052734375
1 0.4189453125 0.14697265625 0.08984375 0.0537109375
1 0.4091796875 0.1806640625 0.087890625 0.05859375
1 0.3974609375 0.2119140625 0.0859375 0.052734375
1 0.38720703125 0.2451171875 0.0908203125 0.048828125
1 0.388671875 0.28271484375 0.08984375 0.0498046875
1 0.380859375 0.3095703125 0.087890625 0.048828125
1 0.3349609375 0.20654296875 0.044921875 0.0654296875
1 0.05859375 0.84423828125 0.0703125 0.0458984375
0 0.3046875 0.4130859375 0.037109375 0.052734375
0 0.2822265625 0.40283203125 0.03515625 0.0517578125
1 0.3623046875 0.12939453125 0.041015625 0.0595703125
1 0.580078125 0.21142578125 0.064453125 0.0537109375
1 0.61083984375 0.31591796875 0.0712890625 0.0400390625
1 0.77197265625 0.142578125 0.0732421875 0.04296875
1 0.92578125 0.19580078125 0.06640625 0.0380859375
0 0.86181640625 0.1728515625 0.0478515625 0.033203125
0 0.1240234375 0.8623046875 0.05078125 0.03125
0 0.1767578125 0.87353515625 0.04296875 0.0263671875
1 0.47998046875 0.1650390625 0.0576171875 0.09765625
