1 0.9658203125 0.03173828125 0.029296875 0.0615234375
1 0.97607421875 0.13037109375 0.0302734375 0.0830078125
1 0.92626953125 0.5126953125 0.0400390625 0.083984375
1 0.9326171875 0.8291015625 0.033203125 0.08984375
1 0.96875 0.83203125 0.03515625 0.0859375
1 0.97998046875 0.5048828125 0.0380859375 0.083984375
1 0.74609375 0.73583984375 0.087890625 0.0341796875
1 0.8623046875 0.52294921875 0.04296875 0.0830078125
1 0.6875 0.56201171875 0.046875 0.0869140625
1 0.72509765625 0.64208984375 0.0888671875 0.0400390625
1 0.73095703125 0.68359375 0.0849609375 0.03515625
1 0.74658203125 0.71044921875 0.0849609375 0.0361328125
1 0.7451171875 0.763671875 0.087890625 0.03125
0 0.390625 0.6689453125 0.04296875 0.033203125
1 0.74755859375 0.78759765625 0.0869140625 0.0302734375
1 0.74755859375 0.810546875 0.0869140625 0.03515625
1 0.8603515625 0.87451171875 0.03125 0.0478515625
0 0.18896484375 0.36572265625 0.0400390625 0.0634765625
0 0.33251953125 0.51953125 0.0400390625 0.029296875
0 0.34326171875 0.5400390625 0.0439453125 0.03125
0 0.35205078125 0.5595703125 0.0400390625 0.029296875
0 0.3056640625 0.65087890625 0.029296875 0.0400390625
0 0.3857421875 0.64453125 0.052734375 0.03515625
