1 0.98291015625 0.037109375 0.0341796875 0.033203125
1 0.95947265625 0.13330078125 0.0576171875 0.0322265625
1 0.98876953125 0.1181640625 0.0224609375 0.029296875
1 0.3271484375 0.4833984375 0.103515625 0.041015625
1 0.8720703125 0.62353515625 0.107421875 0.0517578125
1 0.86767578125 0.65625 0.1083984375 0.046875
1 0.9638671875 0.6435546875 0.072265625 0.037109375
1 0.96337890625 0.6796875 0.0732421875 0.0390625
1 0.95654296875 0.708984375 0.0869140625 0.037109375
1 0.9560546875 0.74560546875 0.087890625 0.0341796875
1 0.88720703125 0.0166015625 0.0888671875 0.03125
0 0.08740234375 0.6083984375 0.0302734375 0.041015625
0 0.1435546875 0.619140625 0.03125 0.05078125
1 0.86865234375 0.10791015625 0.0693359375 0.0458984375
0 0.70849609375 0.0419921875 0.0537109375 0.03515625
0 0.65576171875 0.02490234375 0.0517578125 0.0302734375
0 0.69189453125 0.00927734375 0.0439453125 0.0166015625
0 0.87939453125 0.0888671875 0.0458984375 0.029296875
