0 0.921875 0.13037109375 0.05078125 0.0224609375
0 0.92431640625 0.1943359375 0.0478515625 0.02734375
1 0.609375 0.03173828125 0.029296875 0.0615234375
1 0.61962890625 0.13037109375 0.0302734375 0.0830078125
0 0.7763671875 0.12451171875 0.025390625 0.0419921875
0 0.89404296875 0.0751953125 0.0224609375 0.037109375
1 0.681640625 0.02587890625 0.03125 0.0498046875
0 0.7412109375 0.96630859375 0.0390625 0.0361328125
1 0.56982421875 0.5126953125 0.0400390625 0.083984375
1 0.576171875 0.8291015625 0.033203125 0.08984375
1 0.6123046875 0.83203125 0.03515625 0.0859375
1 0.88525390625 0.40576171875 0.0458984375 0.0869140625
1 0.904296875 0.59130859375 0.04296875 0.0810546875
0 0.73046875 0.94287109375 0.044921875 0.0322265625
0 0.701171875 0.92578125 0.01953125 0.0390625
0 0.77880859375 0.83203125 0.0224609375 0.03515625
0 0.787109375 0.8974609375 0.041015625 0.02734375
0 0.791015625 0.9541015625 0.041015625 0.033203125
1 0.712890625 0.44189453125 0.033203125 0.0869140625
0 0.9541015625 0.98046875 0.025390625 0.0390625
0 0.93115234375 0.8212890625 0.0283203125 0.046875
0 0.80908203125 0.68798828125 0.0263671875 0.0458984375
0 0.80322265625 0.64306640625 0.0263671875 0.0419921875
0 0.7958984375 0.6044921875 0.0234375 0.0390625
0 0.79150390625 0.55615234375 0.0244140625 0.0380859375
0 0.8212890625 0.41455078125 0.025390625 0.0458984375
0 0.80712890625 0.32861328125 0.0263671875 0.0400390625
1 0.62353515625 0.5048828125 0.0380859375 0.083984375
1 0.3896484375 0.73583984375 0.087890625 0.0341796875
1 0.505859375 0.52294921875 0.04296875 0.0830078125
1 0.3310546875 0.56201171875 0.046875 0.0869140625
1 0.36865234375 0.64208984375 0.0888671875 0.0400390625
1 0.37451171875 0.68359375 0.0849609375 0.03515625
1 0.39013671875 0.71044921875 0.0849609375 0.0361328125
1 0.388671875 0.763671875 0.087890625 0.03125
0 0.0341796875 0.6689453125 0.04296875 0.033203125
1 0.39111328125 0.78759765625 0.0869140625 0.0302734375
1 0.39111328125 0.810546875 0.0869140625 0.03515625
1 0.50390625 0.87451171875 0.03125 0.0478515625
0 0.00830078125 0.5556640625 0.0146484375 0.021484375
0 0.029296875 0.64453125 0.052734375 0.03515625
