0 0.828125 0.3017578125 0.046875 0.029296875
1 0.45166015625 0.15966796875 0.0556640625 0.0380859375
1 0.38134765625 0.10302734375 0.0986328125 0.0615234375
1 0.15087890625 0.0556640625 0.0712890625 0.046875
1 0.41748046875 0.25341796875 0.0576171875 0.0322265625
1 0.4638671875 0.2431640625 0.056640625 0.0390625
1 0.330078125 0.74365234375 0.107421875 0.0517578125
1 0.32568359375 0.7763671875 0.1083984375 0.046875
1 0.4375 0.7666015625 0.103515625 0.04296875
1 0.4375 0.802734375 0.10546875 0.044921875
1 0.42333984375 0.83056640625 0.1044921875 0.0400390625
1 0.42333984375 0.86669921875 0.1064453125 0.0361328125
1 0.5654296875 0.7939453125 0.10546875 0.044921875
1 0.57080078125 0.82470703125 0.1005859375 0.0341796875
1 0.53662109375 0.849609375 0.1025390625 0.037109375
1 0.53076171875 0.87890625 0.1025390625 0.03515625
1 0.34521484375 0.123046875 0.0888671875 0.05859375
1 0.5078125 0.17822265625 0.07421875 0.0498046875
0 0.73974609375 0.2744140625 0.0517578125 0.033203125
1 0.5712890625 0.17724609375 0.083984375 0.0576171875
1 0.32666015625 0.22802734375 0.0693359375 0.0458984375
1 0.85888671875 0.02099609375 0.1181640625 0.0400390625
1 0.58935546875 0.0830078125 0.1142578125 0.060546875
1 0.57568359375 0.2099609375 0.0771484375 0.052734375
1 0.7001953125 0.81689453125 0.107421875 0.0478515625
1 0.6826171875 0.841796875 0.10546875 0.046875
1 0.64453125 0.884765625 0.103515625 0.0390625
1 0.76513671875 0.900390625 0.1064453125 0.03515625
0 0.8603515625 0.40087890625 0.02734375 0.0400390625
0 0.66845703125 0.36279296875 0.0283203125 0.0458984375
1 0.89892578125 0.0498046875 0.1142578125 0.052734375
1 0.89990234375 0.0830078125 0.1142578125 0.048828125
1 0.89697265625 0.12255859375 0.1455078125 0.0556640625
0 0.16650390625 0.162109375 0.0537109375 0.03515625
0 0.0146484375 0.0859375 0.02734375 0.02734375
0 0.11376953125 0.14501953125 0.0517578125 0.0302734375
0 0.2060546875 0.072265625 0.048828125 0.033203125
0 0.23974609375 0.0888671875 0.0380859375 0.025390625
0 0.236328125 0.0654296875 0.05078125 0.037109375
0 0.14990234375 0.12109375 0.0439453125 0.033203125
0 0.33740234375 0.208984375 0.0458984375 0.029296875
0 0.2822265625 0.0849609375 0.044921875 0.03125
0 0.31103515625 0.07080078125 0.0419921875 0.0322265625
0 0.1435546875 0.03076171875 0.0390625 0.0283203125
