0 0.68994140625 0.3935546875 0.0263671875 0.037109375
1 0.494140625 0.00927734375 0.03125 0.0166015625
1 0.82421875 0.240234375 0.068359375 0.083984375
1 0.763671875 0.16943359375 0.087890625 0.0654296875
1 0.51220703125 0.08935546875 0.0908203125 0.0458984375
1 0.52001953125 0.00634765625 0.0283203125 0.0107421875
1 0.43115234375 0.02001953125 0.0322265625 0.0380859375
1 0.14306640625 0.1337890625 0.0556640625 0.0625
1 0.40771484375 0.029296875 0.0400390625 0.056640625
1 0.3642578125 0.0341796875 0.041015625 0.06640625
1 0.33349609375 0.0302734375 0.0361328125 0.05859375
1 0.40185546875 0.0791015625 0.0810546875 0.041015625
1 0.5458984375 0.17578125 0.08984375 0.048828125
1 0.17333984375 0.26611328125 0.0576171875 0.0380859375
1 0.01611328125 0.171875 0.0302734375 0.06640625
1 0.0888671875 0.15380859375 0.05859375 0.0634765625
1 0.1171875 0.14697265625 0.060546875 0.0634765625
1 0.1728515625 0.13134765625 0.056640625 0.0634765625
0 0.669921875 0.39794921875 0.025390625 0.0341796875
1 0.2021484375 0.12451171875 0.064453125 0.0771484375
1 0.23095703125 0.111328125 0.0673828125 0.080078125
1 0.26025390625 0.10400390625 0.0654296875 0.0810546875
1 0.021484375 0.09912109375 0.04296875 0.0810546875
1 0.04296875 0.080078125 0.037109375 0.05859375
1 0.09521484375 0.07470703125 0.0478515625 0.0830078125
1 0.11962890625 0.0595703125 0.0478515625 0.083984375
1 0.146484375 0.06005859375 0.05078125 0.0849609375
1 0.21240234375 0.0595703125 0.0849609375 0.044921875
1 0.205078125 0.03466796875 0.087890625 0.0478515625
1 0.193359375 0.0166015625 0.08203125 0.03125
0 0.84521484375 0.22509765625 0.0322265625 0.0361328125
0 0.6494140625 0.404296875 0.025390625 0.03515625
0 0.62939453125 0.40869140625 0.0224609375 0.0341796875
0 0.60595703125 0.41162109375 0.0263671875 0.0380859375
0 0.58154296875 0.41748046875 0.0224609375 0.0341796875
0 0.74072265625 0.404296875 0.0400390625 0.0234375
0 0.74853515625 0.43310546875 0.0478515625 0.0263671875
1 0.13134765625 0.89990234375 0.0712890625 0.0419921875
1 0.2822265625 0.869140625 0.07421875 0.041015625
1 0.35546875 0.8486328125 0.072265625 0.044921875
1 0.42529296875 0.830078125 0.0732421875 0.044921875
1 0.49951171875 0.80615234375 0.0654296875 0.0439453125
1 0.56298828125 0.78759765625 0.0634765625 0.0400390625
1 0.6318359375 0.7626953125 0.060546875 0.0390625
1 0.8046875 0.58935546875 0.060546875 0.0380859375
1 0.77978515625 0.50927734375 0.0673828125 0.0400390625
1 0.64111328125 0.64208984375 0.0419921875 0.0537109375
1 0.6162109375 0.6572265625 0.041015625 0.056640625
1 0.5986328125 0.58837890625 0.03515625 0.0576171875
1 0.6708984375 0.64013671875 0.0390625 0.0556640625
1 0.6484375 0.57421875 0.0390625 0.05859375
1 0.63037109375 0.5078125 0.0458984375 0.060546875
1 0.20458984375 0.88330078125 0.0751953125 0.0380859375
1 0.13232421875 0.78955078125 0.0771484375 0.0458984375
0 0.71728515625 0.63671875 0.0263671875 0.0390625
1 0.1796875 0.80419921875 0.060546875 0.0419921875
0 0.599609375 0.51220703125 0.0234375 0.0341796875
0 0.55078125 0.52197265625 0.0234375 0.0361328125
0 0.51904296875 0.5 0.0419921875 0.02734375
0 0.5087890625 0.470703125 0.041015625 0.021484375
0 0.52880859375 0.4501953125 0.0400390625 0.0234375
0 0.66748046875 0.55615234375 0.0322265625 0.0458984375
0 0.5322265625 0.724609375 0.044921875 0.0390625
0 0.39599609375 0.7587890625 0.0419921875 0.041015625
0 0.01953125 0.40771484375 0.037109375 0.0205078125
11 0.73095703125 0.77734375 0.1123046875 0.091796875
1 0.8681640625 0.353515625 0.044921875 0.091796875
1 0.125 0.736328125 0.0625 0.04296875
1 0.1279296875 0.763671875 0.07421875 0.04296875
