0 0.68603515625 0.994140625 0.0185546875 0.01171875
1 0.48828125 0.5966796875 0.04296875 0.068359375
1 0.2353515625 0.5 0.044921875 0.083984375
1 0.21484375 0.41064453125 0.0390625 0.0673828125
1 0.82421875 0.853515625 0.068359375 0.083984375
1 0.763671875 0.78271484375 0.087890625 0.0654296875
1 0.51220703125 0.70263671875 0.0908203125 0.0458984375
1 0.5712890625 0.59326171875 0.0859375 0.0419921875
1 0.5673828125 0.5673828125 0.091796875 0.046875
1 0.5126953125 0.5908203125 0.04296875 0.068359375
1 0.42919921875 0.619140625 0.0361328125 0.06640625
1 0.14306640625 0.7470703125 0.0556640625 0.0625
1 0.40478515625 0.62646484375 0.0458984375 0.0888671875
1 0.36279296875 0.6357421875 0.0439453125 0.08984375
1 0.3330078125 0.63330078125 0.037109375 0.0791015625
1 0.40185546875 0.6923828125 0.0810546875 0.041015625
1 0.5458984375 0.7890625 0.08984375 0.048828125
1 0.17333984375 0.87939453125 0.0576171875 0.0380859375
1 0.01611328125 0.78515625 0.0302734375 0.06640625
1 0.0888671875 0.76708984375 0.05859375 0.0634765625
1 0.265625 0.50927734375 0.044921875 0.0869140625
1 0.28955078125 0.498046875 0.0458984375 0.0859375
1 0.3359375 0.47509765625 0.05078125 0.0888671875
1 0.3623046875 0.47412109375 0.04296875 0.0810546875
1 0.291015625 0.3984375 0.041015625 0.0859375
1 0.31396484375 0.390625 0.0458984375 0.083984375
1 0.34033203125 0.3857421875 0.0439453125 0.0859375
1 0.3671875 0.3828125 0.041015625 0.0859375
1 0.43798828125 0.3564453125 0.0478515625 0.087890625
1 0.4697265625 0.376953125 0.044921875 0.08203125
1 0.49169921875 0.36669921875 0.0498046875 0.0908203125
1 0.51904296875 0.36279296875 0.0458984375 0.0849609375
1 0.5439453125 0.3544921875 0.044921875 0.087890625
1 0.56591796875 0.439453125 0.0439453125 0.091796875
1 0.5419921875 0.44775390625 0.046875 0.0908203125
1 0.51953125 0.458984375 0.044921875 0.0859375
1 0.4951171875 0.46337890625 0.044921875 0.0830078125
1 0.4677734375 0.45703125 0.05078125 0.091796875
1 0.43798828125 0.45361328125 0.0419921875 0.0810546875
1 0.412109375 0.45947265625 0.046875 0.0908203125
1 0.38720703125 0.4716796875 0.0419921875 0.08203125
1 0.1171875 0.76025390625 0.060546875 0.0634765625
1 0.1728515625 0.74462890625 0.056640625 0.0634765625
0 0.66552734375 0.9970703125 0.0166015625 0.005859375
1 0.2021484375 0.73779296875 0.064453125 0.0771484375
1 0.0390625 0.46484375 0.044921875 0.083984375
1 0.0634765625 0.45751953125 0.04296875 0.0830078125
1 0.087890625 0.4521484375 0.041015625 0.083984375
1 0.15771484375 0.451171875 0.0751953125 0.04296875
1 0.23095703125 0.724609375 0.0673828125 0.080078125
1 0.26025390625 0.71728515625 0.0654296875 0.0810546875
1 0.021484375 0.71240234375 0.04296875 0.0810546875
1 0.04296875 0.693359375 0.037109375 0.05859375
1 0.09521484375 0.68798828125 0.0478515625 0.0830078125
1 0.11962890625 0.6728515625 0.0478515625 0.083984375
1 0.146484375 0.67333984375 0.05078125 0.0849609375
1 0.21240234375 0.6728515625 0.0849609375 0.044921875
1 0.205078125 0.64794921875 0.087890625 0.0478515625
1 0.1943359375 0.62353515625 0.083984375 0.0439453125
1 0.18505859375 0.6005859375 0.0673828125 0.0390625
1 0.18212890625 0.57421875 0.0693359375 0.041015625
1 0.17041015625 0.55078125 0.0654296875 0.041015625
1 0.16748046875 0.52294921875 0.0576171875 0.0361328125
1 0.16259765625 0.50048828125 0.0556640625 0.0361328125
1 0.1533203125 0.4794921875 0.08203125 0.04296875
1 0.2646484375 0.400390625 0.046875 0.091796875
1 0.59765625 0.3330078125 0.0859375 0.046875
1 0.6015625 0.357421875 0.0859375 0.04296875
0 0.79736328125 0.380859375 0.0322265625 0.0390625
0 0.71533203125 0.337890625 0.0341796875 0.0234375
0 0.716796875 0.35986328125 0.041015625 0.0302734375
0 0.849609375 0.42236328125 0.0390625 0.0283203125
0 0.7421875 0.4609375 0.041015625 0.02734375
0 0.78515625 0.59423828125 0.046875 0.0361328125
0 0.84521484375 0.83837890625 0.0322265625 0.0361328125
0 0.7431640625 0.43896484375 0.04296875 0.0322265625
0 0.8662109375 0.462890625 0.048828125 0.03515625
0 0.70654296875 0.3173828125 0.0361328125 0.021484375
1 0.60986328125 0.38134765625 0.0869140625 0.0478515625
0 0.71923828125 0.26513671875 0.0283203125 0.0400390625
0 0.7412109375 0.26171875 0.025390625 0.04296875
0 0.76220703125 0.26025390625 0.0263671875 0.0400390625
0 0.7802734375 0.25244140625 0.025390625 0.0400390625
0 0.7998046875 0.248046875 0.02734375 0.046875
0 0.818359375 0.1005859375 0.0390625 0.025390625
0 0.8779296875 0.14599609375 0.044921875 0.0283203125
0 0.56494140625 0.23388671875 0.0419921875 0.0244140625
0 0.81982421875 0.322265625 0.0361328125 0.0390625
0 0.05126953125 0.37158203125 0.0400390625 0.0244140625
0 0.88525390625 0.4072265625 0.0361328125 0.029296875
0 0.921875 0.3935546875 0.046875 0.03125
0 0.9873046875 0.19189453125 0.021484375 0.0400390625
0 0.7333984375 0.42041015625 0.041015625 0.0302734375
0 0.81787109375 0.3701171875 0.0263671875 0.03125
0 0.83740234375 0.3671875 0.0302734375 0.03515625
0 0.892578125 0.34326171875 0.029296875 0.0341796875
0 0.90869140625 0.337890625 0.0322265625 0.03515625
0 0.92919921875 0.32958984375 0.0341796875 0.0400390625
0 0.95068359375 0.32373046875 0.0341796875 0.0380859375
0 0.97119140625 0.31689453125 0.0322265625 0.0380859375
0 0.9228515625 0.28759765625 0.037109375 0.0419921875
0 0.87939453125 0.302734375 0.0341796875 0.037109375
0 0.4794921875 0.25634765625 0.041015625 0.0244140625
1 0.6455078125 0.4755859375 0.06640625 0.037109375
1 0.6259765625 0.43115234375 0.0859375 0.0439453125
1 0.61865234375 0.404296875 0.0869140625 0.048828125
0 0.04345703125 0.5263671875 0.0498046875 0.03515625
0 0.2587890625 0.31640625 0.037109375 0.0234375
0 0.37060546875 0.220703125 0.0380859375 0.025390625
0 0.41552734375 0.20947265625 0.0439453125 0.0322265625
1 0.8671875 0.96044921875 0.04296875 0.0791015625
