1 0.96533203125 0.8251953125 0.0302734375 0.083984375
1 0.9541015625 0.7216796875 0.03125 0.080078125
1 0.97607421875 0.93505859375 0.0302734375 0.0830078125
0 0.08154296875 0.06494140625 0.0439453125 0.0458984375
1 0.29541015625 0.42529296875 0.0771484375 0.0361328125
1 0.3388671875 0.43994140625 0.078125 0.0419921875
1 0.92041015625 0.36474609375 0.0419921875 0.0888671875
1 0.95361328125 0.3544921875 0.0361328125 0.08203125
1 0.095703125 0.54248046875 0.046875 0.0615234375
0 0.3525390625 0.029296875 0.05859375 0.029296875
1 0.34228515625 0.01220703125 0.0537109375 0.0224609375
0 0.29931640625 0.03076171875 0.0419921875 0.0244140625
0 0.52783203125 0.31982421875 0.0419921875 0.0244140625
0 0.52978515625 0.33837890625 0.0419921875 0.0244140625
0 0.20947265625 0.39208984375 0.0439453125 0.0244140625
0 0.0703125 0.55078125 0.04296875 0.064453125
0 0.052734375 0.560546875 0.044921875 0.06640625
0 0.02978515625 0.56591796875 0.0439453125 0.0654296875
0 0.0244140625 0.52490234375 0.046875 0.0380859375
0 0.01708984375 0.48779296875 0.0322265625 0.0283203125
0 0.09521484375 0.59716796875 0.0419921875 0.0380859375
0 0.056640625 0.77099609375 0.029296875 0.0419921875
0 0.0390625 0.779296875 0.03125 0.044921875
1 0.29150390625 0.40234375 0.0771484375 0.041015625
