1 0.8955078125 0.5966796875 0.04296875 0.068359375
1 0.642578125 0.5 0.044921875 0.083984375
1 0.6220703125 0.41064453125 0.0390625 0.0673828125
1 0.91943359375 0.70263671875 0.0908203125 0.0458984375
1 0.9677734375 0.5947265625 0.064453125 0.0390625
1 0.96435546875 0.56884765625 0.0712890625 0.0439453125
1 0.919921875 0.5908203125 0.04296875 0.068359375
1 0.83642578125 0.619140625 0.0361328125 0.06640625
1 0.55029296875 0.7470703125 0.0556640625 0.0625
1 0.81201171875 0.62646484375 0.0458984375 0.0888671875
1 0.77001953125 0.6357421875 0.0439453125 0.08984375
1 0.740234375 0.63330078125 0.037109375 0.0791015625
1 0.80908203125 0.6923828125 0.0810546875 0.041015625
1 0.953125 0.7890625 0.08984375 0.048828125
1 0.58056640625 0.87939453125 0.0576171875 0.0380859375
1 0.41943359375 0.78466796875 0.0380859375 0.0673828125
1 0.49609375 0.76708984375 0.05859375 0.0634765625
1 0.6728515625 0.50927734375 0.044921875 0.0869140625
1 0.69677734375 0.498046875 0.0458984375 0.0859375
1 0.7431640625 0.47509765625 0.05078125 0.0888671875
1 0.76953125 0.47412109375 0.04296875 0.0810546875
1 0.6982421875 0.3984375 0.041015625 0.0859375
1 0.72119140625 0.390625 0.0458984375 0.083984375
1 0.74755859375 0.3857421875 0.0439453125 0.0859375
1 0.7744140625 0.3828125 0.041015625 0.0859375
1 0.84521484375 0.3564453125 0.0478515625 0.087890625
1 0.876953125 0.376953125 0.044921875 0.08203125
1 0.89892578125 0.36669921875 0.0498046875 0.0908203125
1 0.92626953125 0.36279296875 0.0458984375 0.0849609375
1 0.951171875 0.3544921875 0.044921875 0.087890625
1 0.97314453125 0.439453125 0.0439453125 0.091796875
1 0.94921875 0.44775390625 0.046875 0.0908203125
1 0.9267578125 0.458984375 0.044921875 0.0859375
1 0.90234375 0.46337890625 0.044921875 0.0830078125
1 0.875 0.45703125 0.05078125 0.091796875
1 0.84521484375 0.45361328125 0.0419921875 0.0810546875
1 0.8193359375 0.45947265625 0.046875 0.0908203125
1 0.79443359375 0.4716796875 0.0419921875 0.08203125
1 0.5244140625 0.76025390625 0.060546875 0.0634765625
1 0.580078125 0.74462890625 0.056640625 0.0634765625
1 0.3076171875 0.80908203125 0.080078125 0.0478515625
1 0.3974609375 0.4775390625 0.044921875 0.087890625
1 0.37109375 0.48291015625 0.041015625 0.0830078125
1 0.3466796875 0.49169921875 0.04296875 0.0849609375
1 0.31982421875 0.49755859375 0.0458984375 0.0888671875
1 0.33837890625 0.90478515625 0.0810546875 0.0419921875
1 0.33349609375 0.8818359375 0.0810546875 0.044921875
1 0.3251953125 0.85791015625 0.076171875 0.0419921875
1 0.314453125 0.8349609375 0.080078125 0.04296875
1 0.2998046875 0.78369140625 0.076171875 0.0478515625
1 0.609375 0.73779296875 0.064453125 0.0771484375
1 0.2919921875 0.75927734375 0.07421875 0.0419921875
1 0.28369140625 0.705078125 0.0810546875 0.044921875
1 0.28564453125 0.73291015625 0.0732421875 0.0439453125
1 0.27978515625 0.68359375 0.0791015625 0.041015625
1 0.27783203125 0.66015625 0.0888671875 0.048828125
1 0.26708984375 0.63525390625 0.0888671875 0.0478515625
1 0.25732421875 0.6123046875 0.0869140625 0.044921875
1 0.24658203125 0.56103515625 0.0830078125 0.0439453125
1 0.4462890625 0.46484375 0.044921875 0.083984375
1 0.470703125 0.45751953125 0.04296875 0.0830078125
1 0.4951171875 0.4521484375 0.041015625 0.083984375
1 0.56494140625 0.451171875 0.0751953125 0.04296875
1 0.63818359375 0.724609375 0.0673828125 0.080078125
1 0.66748046875 0.71728515625 0.0654296875 0.0810546875
1 0.39794921875 0.7109375 0.0419921875 0.0859375
1 0.4287109375 0.71240234375 0.04296875 0.0810546875
1 0.4501953125 0.693359375 0.037109375 0.05859375
1 0.50244140625 0.68798828125 0.0478515625 0.0830078125
1 0.52685546875 0.6728515625 0.0478515625 0.083984375
1 0.5537109375 0.67333984375 0.05078125 0.0849609375
1 0.61962890625 0.6728515625 0.0849609375 0.044921875
1 0.6123046875 0.64794921875 0.087890625 0.0478515625
1 0.6015625 0.62353515625 0.083984375 0.0439453125
1 0.59228515625 0.6005859375 0.0673828125 0.0390625
1 0.58935546875 0.57421875 0.0693359375 0.041015625
1 0.57763671875 0.55078125 0.0654296875 0.041015625
1 0.57470703125 0.52294921875 0.0576171875 0.0361328125
1 0.56982421875 0.50048828125 0.0556640625 0.0361328125
1 0.560546875 0.4794921875 0.08203125 0.04296875
1 0.671875 0.400390625 0.046875 0.091796875
1 0.98095703125 0.3388671875 0.0380859375 0.03515625
1 0.98291015625 0.36328125 0.0341796875 0.03125
1 0.98681640625 0.38818359375 0.0263671875 0.0341796875
0 0.97216796875 0.23388671875 0.0419921875 0.0244140625
0 0.16357421875 0.447265625 0.0439453125 0.025390625
0 0.45849609375 0.37158203125 0.0400390625 0.0244140625
0 0.3037109375 0.36083984375 0.029296875 0.0185546875
0 0.88671875 0.25634765625 0.041015625 0.0244140625
1 0.9951171875 0.439453125 0.009765625 0.02734375
1 0.9912109375 0.41357421875 0.017578125 0.0302734375
0 0.45068359375 0.5263671875 0.0498046875 0.03515625
0 0.666015625 0.31640625 0.037109375 0.0234375
0 0.77783203125 0.220703125 0.0380859375 0.025390625
0 0.82275390625 0.20947265625 0.0439453125 0.0322265625
1 0.23046875 0.50146484375 0.08203125 0.0419921875
