1 0.95849609375 0.93603515625 0.0830078125 0.0712890625
1 0.2783203125 0.5751953125 0.064453125 0.09375
1 0.5126953125 0.68017578125 0.060546875 0.0869140625
1 0.45361328125 0.65771484375 0.0576171875 0.0888671875
1 0.3994140625 0.625 0.0625 0.08984375
1 0.353515625 0.53515625 0.091796875 0.05859375
1 0.33349609375 0.60986328125 0.0517578125 0.0595703125
1 0.30859375 0.58544921875 0.06640625 0.0927734375
1 0.66259765625 0.732421875 0.0751953125 0.08984375
1 0.6845703125 0.66748046875 0.08203125 0.0615234375
1 0.95703125 0.59130859375 0.080078125 0.0517578125
1 0.54345703125 0.68310546875 0.0595703125 0.0947265625
1 0.47998046875 0.58642578125 0.1279296875 0.0791015625
1 0.68896484375 0.59912109375 0.0947265625 0.0576171875
1 0.90283203125 0.650390625 0.0673828125 0.044921875
1 0.89794921875 0.6044921875 0.0576171875 0.04296875
1 0.83447265625 0.65673828125 0.0810546875 0.0556640625
1 0.9306640625 0.69482421875 0.091796875 0.0595703125
1 0.58935546875 0.70849609375 0.1162109375 0.1533203125
1 0.69482421875 0.74267578125 0.0751953125 0.0947265625
1 0.72119140625 0.75341796875 0.0751953125 0.0888671875
1 0.783203125 0.78125 0.05078125 0.06640625
1 0.81103515625 0.791015625 0.0751953125 0.095703125
1 0.95263671875 0.78857421875 0.0947265625 0.0615234375
1 0.87890625 0.81982421875 0.0703125 0.0947265625
1 0.9091796875 0.83984375 0.072265625 0.08984375
1 0.93994140625 0.8515625 0.0751953125 0.095703125
1 0.96630859375 0.8662109375 0.0673828125 0.095703125
0 0.98388671875 0.65673828125 0.0322265625 0.0380859375
0 0.95751953125 0.66943359375 0.0478515625 0.0341796875
1 0.98046875 0.87939453125 0.0390625 0.0927734375
