1 0.3232421875 0.02392578125 0.04296875 0.0458984375
1 0.32470703125 0.0634765625 0.0615234375 0.04296875
1 0.3349609375 0.08740234375 0.064453125 0.0439453125
1 0.35107421875 0.11669921875 0.0693359375 0.0478515625
1 0.36376953125 0.14306640625 0.0693359375 0.0458984375
1 0.50732421875 0.36572265625 0.0478515625 0.0693359375
1 0.4599609375 0.37548828125 0.068359375 0.0537109375
1 0.5126953125 0.41845703125 0.06640625 0.0361328125
1 0.7314453125 0.3095703125 0.0703125 0.044921875
1 0.671875 0.33056640625 0.064453125 0.0400390625
1 0.6259765625 0.41552734375 0.060546875 0.0380859375
1 0.69189453125 0.38818359375 0.0537109375 0.0380859375
1 0.75634765625 0.3974609375 0.0771484375 0.046875
1 0.728515625 0.43017578125 0.078125 0.0380859375
1 0.748046875 0.45068359375 0.056640625 0.0283203125
1 0.74951171875 0.47509765625 0.0576171875 0.0283203125
1 0.916015625 0.521484375 0.080078125 0.048828125
1 0.92333984375 0.5498046875 0.0849609375 0.046875
0 0.08056640625 0.97314453125 0.0263671875 0.0400390625
0 0.05712890625 0.978515625 0.0283203125 0.041015625
0 0.5439453125 0.73828125 0.03125 0.037109375
0 0.4248046875 0.5859375 0.029296875 0.0390625
0 0.02685546875 0.5244140625 0.0341796875 0.025390625
1 0.93701171875 0.576171875 0.0830078125 0.046875
1 0.9755859375 0.6533203125 0.048828125 0.0390625
1 0.9599609375 0.69189453125 0.07421875 0.0673828125
1 0.7890625 0.6064453125 0.0390625 0.052734375
1 0.5380859375 0.5703125 0.076171875 0.05859375
1 0.4853515625 0.72314453125 0.04296875 0.0634765625
1 0.392578125 0.75732421875 0.033203125 0.0498046875
1 0.373046875 0.767578125 0.03125 0.044921875
1 0.28076171875 0.80029296875 0.0322265625 0.0458984375
1 0.74169921875 0.97705078125 0.0576171875 0.0341796875
