1 0.27734375 0.9921875 0.0234375 0.015625
1 0.32080078125 0.830078125 0.0400390625 0.072265625
1 0.31640625 0.94580078125 0.060546875 0.1083984375
1 0.9306640625 0.47119140625 0.048828125 0.0361328125
1 0.548828125 0.34228515625 0.04296875 0.0595703125
1 0.52978515625 0.35009765625 0.0419921875 0.0576171875
1 0.94970703125 0.26171875 0.0615234375 0.095703125
1 0.89306640625 0.25830078125 0.0419921875 0.0595703125
1 0.3427734375 0.95849609375 0.037109375 0.0673828125
1 0.8623046875 0.2890625 0.064453125 0.044921875
1 0.8828125 0.3251953125 0.046875 0.037109375
1 0.89306640625 0.3427734375 0.0615234375 0.044921875
1 0.953125 0.50390625 0.046875 0.041015625
1 0.96875 0.5185546875 0.056640625 0.041015625
1 0.96630859375 0.54248046875 0.0498046875 0.0380859375
1 0.97119140625 0.5625 0.0478515625 0.03515625
1 0.97705078125 0.58154296875 0.0458984375 0.0380859375
1 0.98095703125 0.6005859375 0.0380859375 0.0390625
1 0.98876953125 0.640625 0.0224609375 0.029296875
1 0.99365234375 0.65869140625 0.0126953125 0.0244140625
0 0.98974609375 0.21875 0.0205078125 0.04296875
0 0.23974609375 0.978515625 0.0205078125 0.03125
1 0.8876953125 0.67822265625 0.044921875 0.0654296875
1 0.7470703125 0.24365234375 0.041015625 0.0615234375
