0 0.85888671875 0.921875 0.0380859375 0.04296875
0 0.958984375 0.91015625 0.03125 0.03515625
0 0.06494140625 0.1748046875 0.0205078125 0.0390625
0 0.04248046875 0.16845703125 0.0244140625 0.0400390625
0 0.63671875 0.0068359375 0.041015625 0.01171875
0 0.6591796875 0.1162109375 0.0390625 0.0234375
0 0.490234375 0.04150390625 0.044921875 0.0263671875
0 0.00244140625 0.0078125 0.0029296875 0.013671875
0 0.00439453125 0.02685546875 0.0068359375 0.0205078125
0 0.130859375 0.12158203125 0.04296875 0.0224609375
0 0.0205078125 0.16455078125 0.01953125 0.0419921875
0 0.005859375 0.1650390625 0.009765625 0.0390625
1 0.85009765625 0.6083984375 0.0693359375 0.056640625
1 0.6943359375 0.66064453125 0.037109375 0.0673828125
1 0.6650390625 0.65576171875 0.03125 0.0634765625
0 0.28564453125 0.61474609375 0.0263671875 0.0400390625
0 0.40185546875 0.4501953125 0.0419921875 0.017578125
0 0.4296875 0.2109375 0.037109375 0.021484375
0 0.56103515625 0.63330078125 0.0244140625 0.0400390625
0 0.50634765625 0.626953125 0.0224609375 0.037109375
1 0.60107421875 0.35546875 0.0654296875 0.033203125
1 0.60791015625 0.32080078125 0.0654296875 0.0341796875
1 0.61376953125 0.30029296875 0.0654296875 0.0302734375
1 0.61962890625 0.27734375 0.0654296875 0.03125
1 0.6328125 0.2412109375 0.056640625 0.03125
0 0.919921875 0.8349609375 0.033203125 0.037109375
0 0.9423828125 0.8525390625 0.033203125 0.041015625
0 0.89453125 0.875 0.03125 0.033203125
0 0.98193359375 0.876953125 0.0341796875 0.04296875
1 0.79296875 0.6640625 0.033203125 0.05859375
1 0.7392578125 0.5791015625 0.03125 0.064453125
0 0.48681640625 0.28173828125 0.0537109375 0.0322265625
1 0.66259765625 0.5576171875 0.0322265625 0.056640625
0 0.470703125 0.30224609375 0.041015625 0.0283203125
0 0.45068359375 0.31884765625 0.0439453125 0.0224609375
0 0.41845703125 0.33251953125 0.0634765625 0.0341796875
0 0.39794921875 0.3720703125 0.0498046875 0.03125
1 0.16015625 0.49853515625 0.03515625 0.0654296875
1 0.1396484375 0.4951171875 0.03515625 0.0625
0 0.11962890625 0.48681640625 0.0244140625 0.0458984375
0 0.1005859375 0.48193359375 0.025390625 0.0400390625
0 0.3564453125 0.53515625 0.025390625 0.0390625
0 0.3779296875 0.54150390625 0.025390625 0.0458984375
1 0.1552734375 0.60302734375 0.03515625 0.0654296875
1 0.18017578125 0.60791015625 0.0322265625 0.0654296875
1 0.22607421875 0.61279296875 0.0322265625 0.0654296875
1 0.2490234375 0.607421875 0.029296875 0.064453125
1 0.31005859375 0.62109375 0.0302734375 0.056640625
1 0.3515625 0.6298828125 0.037109375 0.06640625
1 0.37255859375 0.634765625 0.0283203125 0.048828125
1 0.4150390625 0.62890625 0.037109375 0.068359375
1 0.43798828125 0.6337890625 0.0341796875 0.068359375
1 0.46044921875 0.64111328125 0.0283203125 0.0654296875
1 0.48291015625 0.6455078125 0.0263671875 0.060546875
