0 0.9345703125 0.791015625 0.025390625 0.037109375
0 0.94970703125 0.830078125 0.0283203125 0.0390625
0 0.7841796875 0.92724609375 0.0390625 0.0283203125
0 0.7705078125 0.89501953125 0.04296875 0.0322265625
0 0.76123046875 0.875 0.0361328125 0.025390625
0 0.74853515625 0.84033203125 0.0341796875 0.0263671875
0 0.73388671875 0.8056640625 0.0361328125 0.02734375
0 0.708984375 0.75341796875 0.0390625 0.0302734375
0 0.681640625 0.671875 0.0390625 0.02734375
0 0.84423828125 0.5693359375 0.0283203125 0.037109375
0 0.80859375 0.48291015625 0.02734375 0.0380859375
0 0.70556640625 0.23291015625 0.0283203125 0.0400390625
0 0.6875 0.1318359375 0.03125 0.041015625
0 0.63916015625 0.0732421875 0.0283203125 0.037109375
0 0.841796875 0.1201171875 0.041015625 0.03125
0 0.95751953125 0.07080078125 0.0400390625 0.0283203125
0 0.923828125 0.08447265625 0.041015625 0.0263671875
0 0.94287109375 0.125 0.0380859375 0.029296875
0 0.06005859375 0.02294921875 0.0400390625 0.0283203125
0 0.0234375 0.03857421875 0.041015625 0.0302734375
0 0.06884765625 0.0751953125 0.0380859375 0.029296875
0 0.0322265625 0.08935546875 0.041015625 0.0302734375
0 0.1455078125 0.04052734375 0.04296875 0.0302734375
0 0.640625 0.57958984375 0.037109375 0.0283203125
0 0.82666015625 0.52734375 0.0263671875 0.03515625
0 0.87158203125 0.1552734375 0.0419921875 0.029296875
0 0.83056640625 0.17236328125 0.0419921875 0.0302734375
0 0.62255859375 0.03173828125 0.0283203125 0.0380859375
0 0.70556640625 0.1181640625 0.0263671875 0.037109375
0 0.72802734375 0.28369140625 0.0302734375 0.0380859375
0 0.759765625 0.35595703125 0.029296875 0.0380859375
0 0.7744140625 0.3994140625 0.03125 0.04296875
0 0.927734375 0.51220703125 0.0390625 0.0263671875
0 0.8583984375 0.6064453125 0.02734375 0.03515625
0 0.6533203125 0.62255859375 0.03515625 0.0361328125
0 0.89111328125 0.6787109375 0.0283203125 0.037109375
0 0.9189453125 0.7548828125 0.029296875 0.0390625
0 0.96923828125 0.8759765625 0.0322265625 0.041015625
0 0.80224609375 0.9814453125 0.0419921875 0.03125
0 0.794921875 0.96435546875 0.041015625 0.0302734375
0 0.78759765625 0.9453125 0.0380859375 0.02734375
0 0.73681640625 0.82421875 0.0380859375 0.02734375
0 0.6845703125 0.69140625 0.041015625 0.03125
0 0.79736328125 0.9638671875 0.0400390625 0.029296875
0 0.787109375 0.94482421875 0.0390625 0.0283203125
0 0.8017578125 0.97998046875 0.0390625 0.0283203125
0 0.80712890625 0.99169921875 0.0419921875 0.0166015625
