0 0.83544921875 0.529296875 0.0380859375 0.01953125
8 0.2548828125 0.4580078125 0.146484375 0.2109375
8 0.3671875 0.06494140625 0.138671875 0.1279296875
8 0.2001953125 0.10986328125 0.146484375 0.2119140625
8 0.06884765625 0.15576171875 0.1357421875 0.2080078125
8 0.51611328125 0.03466796875 0.1123046875 0.0673828125
8 0.12646484375 0.49755859375 0.1435546875 0.2099609375
0 0.77099609375 0.66845703125 0.0478515625 0.0341796875
0 0.296875 0.42626953125 0.037109375 0.0283203125
0 0.48388671875 0.1884765625 0.0439453125 0.03125
0 0.0205078125 0.00830078125 0.0234375 0.0146484375
0 0.20947265625 0.4736328125 0.0419921875 0.02734375
0 0.189453125 0.41650390625 0.037109375 0.0244140625
0 0.18359375 0.39501953125 0.041015625 0.0263671875
0 0.45849609375 0.61181640625 0.0380859375 0.0283203125
0 0.34375 0.56689453125 0.041015625 0.0283203125
0 0.20849609375 0.4736328125 0.0419921875 0.029296875
0 0.23388671875 0.529296875 0.0400390625 0.029296875
0 0.3740234375 0.60791015625 0.0390625 0.0244140625
0 0.2958984375 0.630859375 0.0390625 0.02734375
0 0.2216796875 0.705078125 0.0390625 0.02734375
0 0.17529296875 0.72216796875 0.0380859375 0.0244140625
8 0.0341796875 0.53662109375 0.06640625 0.2021484375
0 0.86279296875 0.431640625 0.0400390625 0.03515625
0 0.86572265625 0.3974609375 0.0361328125 0.037109375
0 0.71923828125 0.505859375 0.0341796875 0.029296875
0 0.41455078125 0.71875 0.0302734375 0.041015625
0 0.4912109375 0.779296875 0.02734375 0.0390625
0 0.4755859375 0.7421875 0.029296875 0.0390625
0 0.92333984375 0.876953125 0.0380859375 0.029296875
0 0.71923828125 0.50439453125 0.0361328125 0.0283203125
0 0.63134765625 0.53662109375 0.0380859375 0.0224609375
0 0.505859375 0.56884765625 0.037109375 0.0263671875
0 0.5380859375 0.884765625 0.025390625 0.03515625
0 0.578125 0.9775390625 0.029296875 0.041015625
0 0.5078125 0.931640625 0.029296875 0.041015625
0 0.5234375 0.96923828125 0.029296875 0.0361328125
0 0.50634765625 0.82373046875 0.0322265625 0.0439453125
0 0.7080078125 0.5673828125 0.0390625 0.017578125
0 0.4287109375 0.75439453125 0.025390625 0.0341796875
0 0.6201171875 0.5615234375 0.03515625 0.025390625
0 0.59228515625 0.5458984375 0.0439453125 0.02734375
0 0.0517578125 0.98095703125 0.02734375 0.0361328125
0 0.466796875 0.8427734375 0.03125 0.044921875
0 0.44140625 0.5908203125 0.041015625 0.02734375
0 0.25390625 0.59326171875 0.0390625 0.0263671875
0 0.33544921875 0.61865234375 0.0341796875 0.0224609375
0 0.24462890625 0.572265625 0.0400390625 0.025390625
0 0.17919921875 0.375 0.0380859375 0.0234375
0 0.005859375 0.01171875 0.009765625 0.021484375
0 0.0498046875 0.00390625 0.01953125 0.005859375
0 0.28759765625 0.4013671875 0.0419921875 0.02734375
0 0.28125 0.380859375 0.0390625 0.025390625
0 0.20263671875 0.45263671875 0.0361328125 0.0205078125
0 0.17529296875 0.353515625 0.0361328125 0.02734375
0 0.66259765625 0.0615234375 0.0458984375 0.03125
0 0.00439453125 0.232421875 0.0068359375 0.01953125
