1 0.7353515625 0.47412109375 0.064453125 0.0302734375
1 0.6787109375 0.7587890625 0.064453125 0.03125
1 0.68505859375 0.7373046875 0.0654296875 0.03125
1 0.69091796875 0.716796875 0.0654296875 0.033203125
0 0.701171875 0.67236328125 0.03515625 0.0224609375
0 0.6767578125 0.54345703125 0.02734375 0.0439453125
1 0.71826171875 0.57763671875 0.0634765625 0.0322265625
1 0.72265625 0.5556640625 0.064453125 0.03125
1 0.6630859375 0.5234375 0.048828125 0.0625
1 0.7265625 0.51513671875 0.064453125 0.0322265625
1 0.7314453125 0.4951171875 0.064453125 0.033203125
1 0.73876953125 0.45458984375 0.0654296875 0.0341796875
1 0.7431640625 0.4345703125 0.064453125 0.03125
1 0.75146484375 0.3955078125 0.0634765625 0.033203125
1 0.7578125 0.37646484375 0.064453125 0.0341796875
1 0.59912109375 0.39306640625 0.0458984375 0.0283203125
0 0.15673828125 0.16455078125 0.0361328125 0.0224609375
0 0.021484375 0.13525390625 0.041015625 0.0244140625
0 0.0068359375 0.767578125 0.01171875 0.017578125
0 0.06494140625 0.9716796875 0.0205078125 0.0390625
0 0.04248046875 0.96533203125 0.0244140625 0.0400390625
0 0.6484375 0.7802734375 0.0390625 0.025390625
0 0.63720703125 0.796875 0.0419921875 0.025390625
0 0.6591796875 0.9130859375 0.0390625 0.0234375
0 0.490234375 0.83837890625 0.044921875 0.0263671875
0 0.515625 0.23974609375 0.044921875 0.0263671875
1 0.5419921875 0.51220703125 0.056640625 0.0283203125
0 0.57421875 0.5615234375 0.04296875 0.025390625
0 0.56396484375 0.58056640625 0.0439453125 0.0263671875
0 0.5576171875 0.5966796875 0.04296875 0.025390625
0 0.55517578125 0.61328125 0.0400390625 0.0234375
0 0.5498046875 0.638671875 0.04296875 0.025390625
0 0.0029296875 0.80322265625 0.00390625 0.0166015625
0 0.00439453125 0.82373046875 0.0068359375 0.0205078125
0 0.130859375 0.91845703125 0.04296875 0.0224609375
0 0.0205078125 0.96142578125 0.01953125 0.0419921875
0 0.005859375 0.9619140625 0.009765625 0.0390625
0 0.46923828125 0.23095703125 0.0380859375 0.0244140625
