1 0.00390625 0.0546875 0.005859375 0.021484375
1 0.02001953125 0.0390625 0.0380859375 0.076171875
0 0.6298828125 0.7109375 0.041015625 0.03125
0 0.4404296875 0.6279296875 0.037109375 0.029296875
0 0.34326171875 0.587890625 0.0380859375 0.03125
0 0.31494140625 0.57470703125 0.0361328125 0.0322265625
0 0.421875 0.9892578125 0.044921875 0.021484375
0 0.56298828125 0.68115234375 0.0380859375 0.0302734375
0 0.5810546875 0.69189453125 0.037109375 0.0302734375
0 0.541015625 0.6689453125 0.044921875 0.033203125
1 0.7431640625 0.7294921875 0.048828125 0.044921875
1 0.80224609375 0.73974609375 0.0478515625 0.0380859375
1 0.1767578125 0.0458984375 0.064453125 0.048828125
1 0.15234375 0.1005859375 0.06640625 0.046875
1 0.1416015625 0.12890625 0.0625 0.04296875
1 0.1318359375 0.154296875 0.060546875 0.041015625
1 0.10791015625 0.2099609375 0.0615234375 0.044921875
0 0.9052734375 0.8505859375 0.041015625 0.033203125
1 0.93994140625 0.53369140625 0.0263671875 0.0498046875
0 0.46435546875 0.63916015625 0.0439453125 0.0322265625
0 0.9560546875 0.43994140625 0.02734375 0.0400390625
1 0.10888671875 0.03369140625 0.0615234375 0.0654296875
1 0.32763671875 0.447265625 0.1416015625 0.078125
1 0.91796875 0.7529296875 0.15234375 0.083984375
1 0.90625 0.78173828125 0.13671875 0.0849609375
1 0.01513671875 0.53125 0.0283203125 0.048828125
1 0.0126953125 0.47216796875 0.0234375 0.0595703125
1 0.0234375 0.47998046875 0.037109375 0.0634765625
1 0.0732421875 0.15966796875 0.076171875 0.1357421875
1 0.92919921875 0.728515625 0.1396484375 0.08203125
1 0.7705078125 0.68017578125 0.052734375 0.0283203125
1 0.93505859375 0.67236328125 0.0537109375 0.0380859375
1 0.92724609375 0.625 0.1396484375 0.11328125
1 0.88623046875 0.4873046875 0.0693359375 0.119140625
1 0.8408203125 0.45947265625 0.0703125 0.1123046875
1 0.95166015625 0.22509765625 0.0576171875 0.1181640625
1 0.87548828125 0.3310546875 0.0771484375 0.11328125
1 0.85400390625 0.30126953125 0.0732421875 0.1142578125
3 0.7646484375 0.40869140625 0.0390625 0.0419921875
3 0.80029296875 0.39453125 0.0322265625 0.03515625
3 0.73193359375 0.4697265625 0.0400390625 0.04296875
3 0.77294921875 0.484375 0.0400390625 0.041015625
3 0.7138671875 0.5126953125 0.041015625 0.044921875
3 0.75537109375 0.52685546875 0.0419921875 0.0419921875
3 0.77490234375 0.3798828125 0.0283203125 0.02734375
