1 0.69873046875 0.48583984375 0.0498046875 0.0771484375
1 0.337890625 0.6171875 0.05078125 0.09375
1 0.20703125 0.82763671875 0.087890625 0.0849609375
1 0.24462890625 0.82275390625 0.0888671875 0.0849609375
1 0.27685546875 0.8115234375 0.0966796875 0.09375
1 0.31396484375 0.8076171875 0.0927734375 0.091796875
1 0.34521484375 0.79736328125 0.0947265625 0.0927734375
1 0.10498046875 0.74267578125 0.1025390625 0.0498046875
1 0.02099609375 0.6513671875 0.0400390625 0.158203125
1 0.03857421875 0.63330078125 0.0712890625 0.1552734375
1 0.11865234375 0.61328125 0.0693359375 0.15625
1 0.2978515625 0.6103515625 0.056640625 0.107421875
1 0.37646484375 0.609375 0.0517578125 0.095703125
1 0.53662109375 0.5615234375 0.0732421875 0.15625
1 0.57275390625 0.55029296875 0.0732421875 0.1552734375
1 0.181640625 0.8408203125 0.09765625 0.08984375
1 0.14404296875 0.84619140625 0.0849609375 0.0830078125
1 0.0986328125 0.84326171875 0.08984375 0.0830078125
1 0.0703125 0.85498046875 0.078125 0.0751953125
1 0.03125 0.88720703125 0.060546875 0.0771484375
1 0.04443359375 0.86669921875 0.0869140625 0.0908203125
1 0.66796875 0.50634765625 0.0625 0.1044921875
1 0.748046875 0.4521484375 0.048828125 0.078125
1 0.78564453125 0.43505859375 0.0537109375 0.0869140625
1 0.900390625 0.4140625 0.0546875 0.095703125
1 0.9462890625 0.43017578125 0.068359375 0.1455078125
1 0.97509765625 0.419921875 0.0498046875 0.142578125
1 0.751953125 0.7431640625 0.13671875 0.056640625
1 0.9580078125 0.69482421875 0.083984375 0.0517578125
0 0.9296875 0.97802734375 0.029296875 0.0419921875
0 0.97412109375 0.970703125 0.0341796875 0.0546875
