0 0.5634765625 0.515625 0.03125 0.046875
0 0.56298828125 0.56982421875 0.0283203125 0.0400390625
0 0.5830078125 0.57568359375 0.025390625 0.0439453125
0 0.41552734375 0.58837890625 0.0380859375 0.0302734375
0 0.47314453125 0.60400390625 0.0478515625 0.0283203125
0 0.416015625 0.63134765625 0.033203125 0.0439453125
0 0.56982421875 0.611328125 0.0478515625 0.02734375
0 0.435546875 0.64111328125 0.02734375 0.0439453125
0 0.49853515625 0.6533203125 0.0283203125 0.04296875
0 0.51953125 0.65771484375 0.029296875 0.0458984375
0 0.56396484375 0.66357421875 0.0283203125 0.0439453125
0 0.60693359375 0.525390625 0.0322265625 0.044921875
0 0.6298828125 0.53125 0.03125 0.04296875
0 0.6474609375 0.53564453125 0.02734375 0.0400390625
0 0.66748046875 0.5390625 0.0283203125 0.041015625
0 0.689453125 0.5419921875 0.03125 0.044921875
0 0.7119140625 0.5498046875 0.029296875 0.046875
0 0.7294921875 0.5556640625 0.02734375 0.04296875
0 0.75341796875 0.56103515625 0.0244140625 0.0419921875
0 0.6064453125 0.580078125 0.03125 0.044921875
0 0.5859375 0.51904296875 0.033203125 0.0478515625
0 0.54443359375 0.51171875 0.0283203125 0.044921875
0 0.6474609375 0.58935546875 0.029296875 0.0400390625
0 0.53173828125 0.56591796875 0.0283203125 0.0439453125
0 0.18701171875 0.27978515625 0.0283203125 0.0419921875
0 0.23095703125 0.29052734375 0.0263671875 0.0419921875
0 0.2919921875 0.3056640625 0.02734375 0.0390625
0 0.3115234375 0.30908203125 0.029296875 0.0458984375
0 0.33349609375 0.31591796875 0.0224609375 0.0341796875
0 0.35693359375 0.31494140625 0.0244140625 0.0380859375
0 0.51318359375 0.34814453125 0.0615234375 0.0341796875
0 0.47998046875 0.39013671875 0.0322265625 0.0458984375
0 0.51025390625 0.3955078125 0.0263671875 0.041015625
0 0.541015625 0.40478515625 0.02734375 0.0439453125
0 0.56103515625 0.4072265625 0.0244140625 0.041015625
0 0.5830078125 0.412109375 0.02734375 0.044921875
0 0.60595703125 0.41796875 0.0283203125 0.04296875
0 0.6259765625 0.4228515625 0.029296875 0.044921875
0 0.453125 0.48828125 0.029296875 0.046875
0 0.39404296875 0.5234375 0.0244140625 0.041015625
0 0.43798828125 0.54345703125 0.0283203125 0.0400390625
0 0.4697265625 0.544921875 0.02734375 0.041015625
0 0.4990234375 0.5537109375 0.021484375 0.03515625
0 0.62744140625 0.5830078125 0.0283203125 0.04296875
0 0.6689453125 0.5927734375 0.029296875 0.04296875
0 0.99462890625 0.63623046875 0.0107421875 0.0400390625
0 0.62158203125 0.76513671875 0.0205078125 0.0380859375
0 0.7353515625 0.73779296875 0.048828125 0.0498046875
0 0.7333984375 0.70654296875 0.05078125 0.0439453125
0 0.77099609375 0.70947265625 0.0439453125 0.0419921875
0 0.79248046875 0.69677734375 0.0400390625 0.0419921875
0 0.81103515625 0.6826171875 0.0419921875 0.048828125
0 0.82763671875 0.66748046875 0.0498046875 0.0498046875
0 0.8701171875 0.62109375 0.044921875 0.025390625
0 0.87841796875 0.59521484375 0.0419921875 0.0224609375
0 0.8828125 0.57373046875 0.04296875 0.0283203125
0 0.87451171875 0.5478515625 0.0439453125 0.029296875
0 0.86376953125 0.5244140625 0.0458984375 0.037109375
0 0.84521484375 0.50244140625 0.0419921875 0.0400390625
0 0.82666015625 0.4853515625 0.0400390625 0.04296875
0 0.80810546875 0.4697265625 0.0419921875 0.046875
0 0.78369140625 0.46435546875 0.0341796875 0.0439453125
0 0.7626953125 0.451171875 0.03125 0.0390625
0 0.697265625 0.3994140625 0.041015625 0.041015625
0 0.99658203125 0.490234375 0.0068359375 0.021484375
1 0.64453125 0.759765625 0.025390625 0.046875
0 0.603515625 0.76708984375 0.0234375 0.0439453125
0 0.6884765625 0.59521484375 0.025390625 0.0380859375
0 0.58349609375 0.76904296875 0.0205078125 0.0361328125
0 0.70751953125 0.6005859375 0.0283203125 0.04296875
0 0.7294921875 0.607421875 0.025390625 0.041015625
0 0.75244140625 0.6083984375 0.0283203125 0.0390625
0 0.01611328125 0.78369140625 0.0244140625 0.0400390625
0 0.0380859375 0.78369140625 0.025390625 0.0400390625
0 0.0576171875 0.78466796875 0.021484375 0.0419921875
0 0.08740234375 0.7958984375 0.0439453125 0.01953125
0 0.1376953125 0.794921875 0.041015625 0.01953125
0 0.322265625 0.74951171875 0.048828125 0.0458984375
0 0.3662109375 0.77734375 0.021484375 0.046875
0 0.390625 0.7783203125 0.0234375 0.041015625
0 0.41455078125 0.7783203125 0.0185546875 0.0390625
0 0.43701171875 0.775390625 0.0224609375 0.044921875
0 0.4560546875 0.7763671875 0.021484375 0.041015625
0 0.4765625 0.7734375 0.025390625 0.044921875
0 0.498046875 0.7744140625 0.0234375 0.041015625
0 0.5185546875 0.77001953125 0.025390625 0.0458984375
0 0.5419921875 0.77099609375 0.021484375 0.0419921875
0 0.56396484375 0.7685546875 0.0244140625 0.041015625
0 0.0419921875 0.2490234375 0.02734375 0.03515625
