0 0.95556640625 0.7236328125 0.0380859375 0.041015625
0 0.5126953125 0.5224609375 0.03125 0.046875
0 0.51220703125 0.57666015625 0.0283203125 0.0400390625
0 0.5322265625 0.58251953125 0.025390625 0.0439453125
0 0.36474609375 0.59521484375 0.0380859375 0.0302734375
0 0.42236328125 0.61083984375 0.0478515625 0.0283203125
0 0.365234375 0.63818359375 0.033203125 0.0439453125
0 0.51904296875 0.6181640625 0.0478515625 0.02734375
0 0.384765625 0.64794921875 0.02734375 0.0439453125
0 0.44775390625 0.66015625 0.0283203125 0.04296875
0 0.46875 0.66455078125 0.029296875 0.0458984375
0 0.51318359375 0.67041015625 0.0283203125 0.0439453125
0 0.55615234375 0.5322265625 0.0322265625 0.044921875
0 0.5791015625 0.5380859375 0.03125 0.04296875
0 0.5966796875 0.54248046875 0.02734375 0.0400390625
0 0.61669921875 0.5458984375 0.0283203125 0.041015625
0 0.638671875 0.548828125 0.03125 0.044921875
0 0.6611328125 0.556640625 0.029296875 0.046875
0 0.6787109375 0.5625 0.02734375 0.04296875
0 0.70263671875 0.56787109375 0.0244140625 0.0419921875
0 0.5556640625 0.5869140625 0.03125 0.044921875
0 0.53515625 0.52587890625 0.033203125 0.0478515625
0 0.49365234375 0.5185546875 0.0283203125 0.044921875
0 0.5966796875 0.59619140625 0.029296875 0.0400390625
0 0.48095703125 0.57275390625 0.0283203125 0.0439453125
0 0.13623046875 0.28662109375 0.0283203125 0.0419921875
0 0.18017578125 0.29736328125 0.0263671875 0.0419921875
0 0.2412109375 0.3125 0.02734375 0.0390625
0 0.2607421875 0.31591796875 0.029296875 0.0458984375
0 0.28271484375 0.32275390625 0.0224609375 0.0341796875
0 0.30615234375 0.32177734375 0.0244140625 0.0380859375
0 0.46240234375 0.35498046875 0.0615234375 0.0341796875
0 0.42919921875 0.39697265625 0.0322265625 0.0458984375
0 0.45947265625 0.40234375 0.0263671875 0.041015625
0 0.490234375 0.41162109375 0.02734375 0.0439453125
0 0.51025390625 0.4140625 0.0244140625 0.041015625
0 0.5322265625 0.4189453125 0.02734375 0.044921875
0 0.55517578125 0.4248046875 0.0283203125 0.04296875
0 0.5751953125 0.4296875 0.029296875 0.044921875
0 0.40234375 0.4951171875 0.029296875 0.046875
0 0.34326171875 0.5302734375 0.0244140625 0.041015625
0 0.38720703125 0.55029296875 0.0283203125 0.0400390625
0 0.4189453125 0.5517578125 0.02734375 0.041015625
0 0.4482421875 0.560546875 0.021484375 0.03515625
0 0.57666015625 0.58984375 0.0283203125 0.04296875
0 0.6181640625 0.599609375 0.029296875 0.04296875
0 0.953125 0.64501953125 0.029296875 0.0439453125
0 0.57080078125 0.77197265625 0.0205078125 0.0380859375
0 0.6845703125 0.74462890625 0.048828125 0.0498046875
0 0.6826171875 0.71337890625 0.05078125 0.0439453125
0 0.72021484375 0.71630859375 0.0439453125 0.0419921875
0 0.74169921875 0.70361328125 0.0400390625 0.0419921875
0 0.76025390625 0.689453125 0.0419921875 0.048828125
0 0.77685546875 0.67431640625 0.0498046875 0.0498046875
0 0.8193359375 0.6279296875 0.044921875 0.025390625
0 0.82763671875 0.60205078125 0.0419921875 0.0224609375
0 0.83203125 0.58056640625 0.04296875 0.0283203125
0 0.82373046875 0.5546875 0.0439453125 0.029296875
0 0.81298828125 0.53125 0.0458984375 0.037109375
0 0.79443359375 0.50927734375 0.0419921875 0.0400390625
0 0.77587890625 0.4921875 0.0400390625 0.04296875
0 0.75732421875 0.4765625 0.0419921875 0.046875
0 0.73291015625 0.47119140625 0.0341796875 0.0439453125
0 0.7119140625 0.4580078125 0.03125 0.0390625
0 0.646484375 0.40625 0.041015625 0.041015625
0 0.9658203125 0.49365234375 0.046875 0.0283203125
0 0.96875 0.51611328125 0.046875 0.0302734375
1 0.59375 0.7666015625 0.025390625 0.046875
0 0.552734375 0.77392578125 0.0234375 0.0439453125
0 0.6376953125 0.60205078125 0.025390625 0.0380859375
0 0.53271484375 0.77587890625 0.0205078125 0.0361328125
0 0.65673828125 0.607421875 0.0283203125 0.04296875
0 0.6787109375 0.6142578125 0.025390625 0.041015625
0 0.70166015625 0.615234375 0.0283203125 0.0390625
0 0.00927734375 0.79150390625 0.0166015625 0.0419921875
0 0.03662109375 0.802734375 0.0439453125 0.01953125
0 0.0869140625 0.8017578125 0.041015625 0.01953125
0 0.271484375 0.75634765625 0.048828125 0.0458984375
0 0.3154296875 0.7841796875 0.021484375 0.046875
0 0.33984375 0.78515625 0.0234375 0.041015625
0 0.36376953125 0.78515625 0.0185546875 0.0390625
0 0.38623046875 0.7822265625 0.0224609375 0.044921875
0 0.4052734375 0.783203125 0.021484375 0.041015625
0 0.42578125 0.7802734375 0.025390625 0.044921875
0 0.447265625 0.78125 0.0234375 0.041015625
0 0.4677734375 0.77685546875 0.025390625 0.0458984375
0 0.4912109375 0.77783203125 0.021484375 0.0419921875
0 0.51318359375 0.775390625 0.0244140625 0.041015625
