1 0.64501953125 0.45751953125 0.0908203125 0.0849609375
1 0.5 0.27783203125 0.099609375 0.0908203125
1 0.4443359375 0.37451171875 0.09765625 0.0869140625
1 0.53173828125 0.34130859375 0.0986328125 0.0888671875
1 0.4814453125 0.4189453125 0.099609375 0.087890625
1 0.59765625 0.39697265625 0.09765625 0.0908203125
1 0.529296875 0.48681640625 0.09375 0.0791015625
1 0.5458984375 0.50830078125 0.09375 0.0810546875
1 0.63525390625 0.56103515625 0.1220703125 0.1083984375
1 0.65625 0.59375 0.123046875 0.1171875
1 0.66259765625 0.646484375 0.0927734375 0.087890625
1 0.72900390625 0.69189453125 0.1083984375 0.1005859375
1 0.7685546875 0.75244140625 0.10546875 0.1025390625
1 0.8681640625 0.89794921875 0.078125 0.0869140625
1 0.88525390625 0.8779296875 0.0771484375 0.0859375
1 0.90576171875 0.8642578125 0.0791015625 0.0859375
1 0.41064453125 0.3408203125 0.0947265625 0.08984375
1 0.392578125 0.32080078125 0.099609375 0.0927734375
1 0.525390625 0.15380859375 0.099609375 0.0927734375
1 0.46923828125 0.05908203125 0.1005859375 0.0908203125
0 0.2158203125 0.98779296875 0.041015625 0.0244140625
0 0.02099609375 0.955078125 0.0400390625 0.052734375
0 0.2021484375 0.830078125 0.044921875 0.041015625
0 0.02490234375 0.814453125 0.0458984375 0.05078125
0 0.13037109375 0.43701171875 0.0478515625 0.0419921875
0 0.10302734375 0.4072265625 0.0439453125 0.041015625
1 0.328125 0.0146484375 0.052734375 0.02734375
1 0.240234375 0.1416015625 0.09765625 0.087890625
1 0.27587890625 0.18115234375 0.0986328125 0.0888671875
1 0.29345703125 0.20361328125 0.0947265625 0.0908203125
1 0.95947265625 0.80908203125 0.0810546875 0.0947265625
1 0.986328125 0.74853515625 0.02734375 0.0478515625
0 0.91748046875 0.5029296875 0.0419921875 0.046875
0 0.931640625 0.48828125 0.0390625 0.044921875
0 0.94873046875 0.4755859375 0.0400390625 0.044921875
0 0.974609375 0.5107421875 0.041015625 0.046875
0 0.96484375 0.4609375 0.0390625 0.04296875
0 0.984375 0.49462890625 0.03125 0.0458984375
0 0.98095703125 0.4453125 0.0380859375 0.041015625
0 0.98828125 0.4296875 0.0234375 0.041015625
0 0.9453125 0.537109375 0.041015625 0.044921875
0 0.92724609375 0.548828125 0.0419921875 0.044921875
1 0.75146484375 0.4287109375 0.0888671875 0.095703125
0 0.90234375 0.51611328125 0.03515625 0.0380859375
0 0.654296875 0.0693359375 0.044921875 0.046875
0 0.92041015625 0.60107421875 0.0478515625 0.0361328125
0 0.97119140625 0.6328125 0.0419921875 0.046875
0 0.8857421875 0.53173828125 0.0390625 0.0439453125
0 0.9833984375 0.6171875 0.033203125 0.0390625
0 0.9892578125 0.59765625 0.021484375 0.037109375
