1 0.876953125 0.0625 0.037109375 0.10546875
1 0.68115234375 0.15673828125 0.0849609375 0.0302734375
1 0.70556640625 0.19140625 0.1201171875 0.03125
1 0.70654296875 0.22412109375 0.1083984375 0.0263671875
1 0.70703125 0.25244140625 0.1171875 0.0283203125
1 0.69091796875 0.28564453125 0.1083984375 0.0283203125
1 0.89697265625 0.17919921875 0.0400390625 0.0712890625
1 0.78955078125 0.27294921875 0.0302734375 0.1357421875
1 0.79931640625 0.36376953125 0.0576171875 0.0244140625
1 0.81689453125 0.06201171875 0.0322265625 0.1103515625
1 0.97216796875 0.0263671875 0.0556640625 0.025390625
1 0.97900390625 0.0615234375 0.0419921875 0.029296875
1 0.9755859375 0.099609375 0.048828125 0.029296875
1 0.97216796875 0.134765625 0.0556640625 0.03125
1 0.96240234375 0.16552734375 0.0576171875 0.0244140625
1 0.66650390625 0.01806640625 0.0888671875 0.0341796875
1 0.2099609375 0.021484375 0.033203125 0.041015625
1 0.35205078125 0.01611328125 0.0673828125 0.0302734375
1 0.53515625 0.03076171875 0.025390625 0.0595703125
1 0.25341796875 0.05712890625 0.0751953125 0.0361328125
1 0.33984375 0.04833984375 0.07421875 0.0361328125
1 0.37451171875 0.0751953125 0.0732421875 0.037109375
1 0.3955078125 0.1044921875 0.068359375 0.03515625
1 0.3046875 0.119140625 0.06640625 0.0390625
1 0.3134765625 0.1474609375 0.08984375 0.0390625
1 0.38037109375 0.1708984375 0.1064453125 0.041015625
1 0.40625 0.203125 0.111328125 0.044921875
1 0.2431640625 0.09033203125 0.05859375 0.0283203125
1 0.95947265625 0.2021484375 0.0576171875 0.025390625
0 0.875 0.28759765625 0.021484375 0.0400390625
0 0.55419921875 0.931640625 0.0302734375 0.044921875
0 0.935546875 0.10595703125 0.01953125 0.0341796875
0 0.59912109375 0.853515625 0.0400390625 0.029296875
0 0.6259765625 0.9208984375 0.041015625 0.029296875
0 0.607421875 0.88134765625 0.0390625 0.0283203125
0 0.50341796875 0.84765625 0.0302734375 0.04296875
0 0.6953125 0.8857421875 0.03515625 0.041015625
0 0.37744140625 0.91064453125 0.0400390625 0.0244140625
0 0.41259765625 0.84375 0.0380859375 0.01953125
0 0.13525390625 0.78369140625 0.0361328125 0.0185546875
0 0.4404296875 0.69384765625 0.0390625 0.0439453125
1 0.91845703125 0.265625 0.0263671875 0.05078125
1 0.5869140625 0.830078125 0.0546875 0.037109375
8 0.7255859375 0.63134765625 0.087890625 0.1123046875
8 0.841796875 0.58154296875 0.0859375 0.1123046875
1 0.56640625 0.77734375 0.072265625 0.046875
