0 0.318359375 0.5673828125 0.0234375 0.037109375
0 0.28466796875 0.70458984375 0.0244140625 0.0419921875
1 0.9658203125 0.24267578125 0.056640625 0.0673828125
0 0.3076171875 0.70654296875 0.0234375 0.0400390625
0 0.34130859375 0.57080078125 0.0244140625 0.0419921875
0 0.44580078125 0.5419921875 0.0419921875 0.025390625
0 0.314453125 0.6630859375 0.021484375 0.037109375
0 0.1123046875 0.77099609375 0.025390625 0.0419921875
0 0.134765625 0.78076171875 0.025390625 0.0478515625
0 0.16015625 0.78173828125 0.029296875 0.0458984375
0 0.2021484375 0.78857421875 0.02734375 0.0419921875
0 0.271484375 0.80810546875 0.021484375 0.0341796875
0 0.2490234375 0.75927734375 0.046875 0.0224609375
0 0.29345703125 0.8076171875 0.0224609375 0.041015625
0 0.18212890625 0.6826171875 0.0224609375 0.037109375
0 0.20556640625 0.68701171875 0.0244140625 0.0400390625
0 0.2294921875 0.69189453125 0.02734375 0.0380859375
0 0.25048828125 0.6962890625 0.0244140625 0.0390625
