0 0.73046875 0.5673828125 0.0234375 0.037109375
0 0.69677734375 0.70458984375 0.0244140625 0.0419921875
0 0.7197265625 0.70654296875 0.0234375 0.0400390625
0 0.75341796875 0.57080078125 0.0244140625 0.0419921875
0 0.85791015625 0.5419921875 0.0419921875 0.025390625
0 0.7265625 0.6630859375 0.021484375 0.037109375
0 0.5244140625 0.77099609375 0.025390625 0.0419921875
0 0.546875 0.78076171875 0.025390625 0.0478515625
0 0.572265625 0.78173828125 0.029296875 0.0458984375
0 0.6142578125 0.78857421875 0.02734375 0.0419921875
0 0.68359375 0.80810546875 0.021484375 0.0341796875
0 0.6611328125 0.75927734375 0.046875 0.0224609375
0 0.70556640625 0.8076171875 0.0224609375 0.041015625
0 0.59423828125 0.6826171875 0.0224609375 0.037109375
0 0.61767578125 0.68701171875 0.0244140625 0.0400390625
0 0.6416015625 0.69189453125 0.02734375 0.0380859375
0 0.66259765625 0.6962890625 0.0244140625 0.0390625
