0 0.908203125 0.2255859375 0.04296875 0.041015625
0 0.81396484375 0.1533203125 0.0634765625 0.05859375
0 0.9921875 0.0322265625 0.015625 0.02734375
0 0.7470703125 0.06884765625 0.046875 0.0517578125
0 0.8310546875 0.01806640625 0.04296875 0.0341796875
0 0.25439453125 0.98876953125 0.0224609375 0.0224609375
0 0.09423828125 0.02001953125 0.0263671875 0.0380859375
0 0.1591796875 0.11572265625 0.029296875 0.0478515625
1 0.62451171875 0.7548828125 0.0341796875 0.072265625
1 0.751953125 0.7236328125 0.08984375 0.09375
1 0.61962890625 0.47509765625 0.0869140625 0.0927734375
1 0.7099609375 0.4013671875 0.08203125 0.087890625
1 0.73876953125 0.38916015625 0.0791015625 0.0791015625
1 0.896484375 0.423828125 0.05859375 0.0625
0 0.943359375 0.4150390625 0.03515625 0.044921875
1 0.9150390625 0.59326171875 0.076171875 0.0869140625
1 0.88818359375 0.61279296875 0.0771484375 0.0849609375
1 0.86669921875 0.6328125 0.0791015625 0.083984375
1 0.8486328125 0.6572265625 0.0625 0.0625
1 0.81787109375 0.662109375 0.0888671875 0.1015625
1 0.79638671875 0.68359375 0.0908203125 0.095703125
1 0.78125 0.712890625 0.0703125 0.072265625
1 0.4716796875 0.99169921875 0.03515625 0.0166015625
0 0.3095703125 0.9765625 0.03125 0.046875
1 0.65478515625 0.75830078125 0.0400390625 0.0791015625
1 0.59375 0.755859375 0.03515625 0.07421875
0 0.0849609375 0.16015625 0.02734375 0.048828125
1 0.5361328125 0.7607421875 0.03125 0.0546875
0 0.1943359375 0.232421875 0.029296875 0.04296875
1 0.31640625 0.2373046875 0.052734375 0.05859375
0 0.07177734375 0.21728515625 0.0283203125 0.0458984375
0 0.05078125 0.2978515625 0.02734375 0.041015625
0 0.28173828125 0.337890625 0.0439453125 0.029296875
0 0.2900390625 0.3603515625 0.046875 0.029296875
0 0.30029296875 0.40576171875 0.0419921875 0.0283203125
0 0.3330078125 0.515625 0.04296875 0.03515625
0 0.29638671875 0.57568359375 0.0322265625 0.0419921875
0 0.3720703125 0.568359375 0.048828125 0.04296875
1 0.41943359375 0.6318359375 0.0498046875 0.056640625
1 0.642578125 0.63037109375 0.0390625 0.0439453125
0 0.298828125 0.81640625 0.02734375 0.04296875
1 0.27392578125 0.91162109375 0.0322265625 0.0498046875
0 0.32421875 0.9091796875 0.033203125 0.05078125
