0 0.08251953125 0.3525390625 0.0400390625 0.021484375
0 0.0302734375 0.20947265625 0.01953125 0.0439453125
0 0.0498046875 0.2138671875 0.021484375 0.037109375
0 0.125 0.203125 0.021484375 0.04296875
0 0.1533203125 0.2041015625 0.021484375 0.041015625
0 0.1826171875 0.20654296875 0.01953125 0.0419921875
0 0.2197265625 0.16162109375 0.0390625 0.0205078125
0 0.22265625 0.19287109375 0.041015625 0.0185546875
0 0.22216796875 0.22265625 0.0380859375 0.021484375
0 0.08837890625 0.25 0.0361328125 0.021484375
0 0.00634765625 0.2919921875 0.0107421875 0.01953125
0 0.033203125 0.3056640625 0.01953125 0.0390625
0 0.00634765625 0.3125 0.0107421875 0.017578125
0 0.00634765625 0.33251953125 0.0107421875 0.0185546875
0 0.00830078125 0.353515625 0.0146484375 0.01953125
0 0.00537109375 0.3720703125 0.0087890625 0.017578125
0 0.00537109375 0.4287109375 0.0087890625 0.017578125
0 0.080078125 0.2939453125 0.0390625 0.01953125
0 0.08154296875 0.31396484375 0.0361328125 0.0205078125
0 0.0810546875 0.33203125 0.033203125 0.017578125
0 0.12255859375 0.29443359375 0.0380859375 0.0224609375
0 0.12158203125 0.314453125 0.0380859375 0.021484375
0 0.96826171875 0.0302734375 0.0439453125 0.0234375
0 0.6220703125 0.171875 0.021484375 0.0390625
0 0.7236328125 0.14794921875 0.041015625 0.0205078125
0 0.72509765625 0.12890625 0.0439453125 0.01953125
0 0.7265625 0.1083984375 0.0390625 0.01953125
0 0.72607421875 0.08935546875 0.0361328125 0.0224609375
0 0.73046875 0.068359375 0.037109375 0.021484375
0 0.7275390625 0.048828125 0.0390625 0.01953125
0 0.73095703125 0.02880859375 0.0361328125 0.0205078125
0 0.7275390625 0.009765625 0.037109375 0.01953125
0 0.88623046875 0.0205078125 0.0224609375 0.0390625
0 0.1201171875 0.333984375 0.033203125 0.017578125
0 0.0810546875 0.37255859375 0.033203125 0.0224609375
0 0.583984375 0.1767578125 0.01953125 0.037109375
0 0.12255859375 0.3525390625 0.0361328125 0.0234375
0 0.0693359375 0.65771484375 0.04296875 0.0439453125
0 0.08203125 0.67529296875 0.037109375 0.0361328125
0 0.0947265625 0.69091796875 0.04296875 0.0380859375
0 0.11767578125 0.720703125 0.0458984375 0.037109375
0 0.13037109375 0.73828125 0.0400390625 0.03515625
0 0.13916015625 0.75732421875 0.0439453125 0.0380859375
0 0.15869140625 0.78759765625 0.0380859375 0.0341796875
0 0.20458984375 0.853515625 0.0419921875 0.04296875
0 0.2421875 0.884765625 0.02734375 0.046875
0 0.28955078125 0.89453125 0.0146484375 0.041015625
0 0.208984375 0.29345703125 0.0390625 0.0205078125
0 0.24853515625 0.29541015625 0.0400390625 0.0185546875
0 0.2080078125 0.314453125 0.037109375 0.021484375
0 0.25 0.314453125 0.0390625 0.021484375
0 0.205078125 0.33544921875 0.03515625 0.0205078125
0 0.24951171875 0.3359375 0.0400390625 0.01953125
0 0.20654296875 0.35498046875 0.0361328125 0.0185546875
0 0.2470703125 0.35400390625 0.03515625 0.0185546875
0 0.20458984375 0.375 0.0380859375 0.01953125
0 0.24609375 0.373046875 0.03515625 0.01953125
0 0.2021484375 0.39208984375 0.037109375 0.0166015625
0 0.24169921875 0.3935546875 0.0400390625 0.017578125
0 0.2041015625 0.4130859375 0.037109375 0.01953125
0 0.20556640625 0.43359375 0.0419921875 0.01953125
0 0.21044921875 0.45263671875 0.0380859375 0.0224609375
0 0.2509765625 0.43505859375 0.037109375 0.0205078125
0 0.24755859375 0.453125 0.0361328125 0.01953125
0 0.052734375 0.64208984375 0.0390625 0.0439453125
0 0.03662109375 0.63037109375 0.0400390625 0.0458984375
0 0.01806640625 0.61669921875 0.0341796875 0.0419921875
0 0.11962890625 0.4287109375 0.0361328125 0.0234375
0 0.1220703125 0.3740234375 0.041015625 0.01953125
0 0.0068359375 0.46923828125 0.01171875 0.0185546875
0 0.00830078125 0.50537109375 0.0146484375 0.0205078125
0 0.12060546875 0.40771484375 0.0380859375 0.0263671875
0 0.08154296875 0.4296875 0.0341796875 0.017578125
0 0.12060546875 0.44970703125 0.0341796875 0.0166015625
0 0.08056640625 0.4697265625 0.0341796875 0.01953125
0 0.1220703125 0.470703125 0.037109375 0.01953125
0 0.08056640625 0.4892578125 0.0400390625 0.01953125
0 0.1181640625 0.48876953125 0.03125 0.0185546875
0 0.080078125 0.509765625 0.0390625 0.01953125
0 0.12158203125 0.51171875 0.0380859375 0.01953125
0 0.080078125 0.52783203125 0.0390625 0.0185546875
0 0.11865234375 0.54736328125 0.0361328125 0.0205078125
0 0.11376953125 0.57080078125 0.0361328125 0.0224609375
0 0.60400390625 0.17431640625 0.0185546875 0.0380859375
0 0.54345703125 0.17333984375 0.0205078125 0.0400390625
0 0.24755859375 0.47314453125 0.0400390625 0.0205078125
0 0.24755859375 0.072265625 0.0205078125 0.04296875
0 0.3310546875 0.0439453125 0.01953125 0.0390625
0 0.31201171875 0.08349609375 0.0185546875 0.0361328125
0 0.3515625 0.041015625 0.017578125 0.037109375
0 0.33447265625 0.08740234375 0.0185546875 0.0439453125
0 0.35498046875 0.08740234375 0.0185546875 0.0380859375
0 0.37255859375 0.04443359375 0.0185546875 0.0419921875
0 0.37255859375 0.0859375 0.0205078125 0.041015625
0 0.3916015625 0.046875 0.01953125 0.041015625
0 0.39013671875 0.08544921875 0.0185546875 0.0361328125
0 0.41015625 0.048828125 0.01953125 0.0390625
0 0.41357421875 0.08837890625 0.0205078125 0.0380859375
0 0.52392578125 0.173828125 0.0185546875 0.04296875
0 0.42822265625 0.046875 0.0205078125 0.041015625
0 0.46923828125 0.04833984375 0.0205078125 0.0439453125
0 0.490234375 0.04541015625 0.021484375 0.0400390625
0 0.509765625 0.04296875 0.01953125 0.04296875
0 0.52783203125 0.0458984375 0.0185546875 0.037109375
0 0.43017578125 0.0908203125 0.0185546875 0.037109375
0 0.44921875 0.087890625 0.01953125 0.041015625
0 0.46728515625 0.08837890625 0.0205078125 0.0400390625
0 0.486328125 0.08837890625 0.01953125 0.0400390625
0 0.50830078125 0.08447265625 0.0205078125 0.0400390625
0 0.52734375 0.087890625 0.021484375 0.0390625
0 0.619140625 0.009765625 0.041015625 0.01953125
0 0.619140625 0.0302734375 0.037109375 0.01953125
0 0.61181640625 0.0673828125 0.0341796875 0.01953125
0 0.61474609375 0.087890625 0.0419921875 0.021484375
0 0.46826171875 0.17138671875 0.0205078125 0.0419921875
0 0.50439453125 0.169921875 0.0185546875 0.03515625
0 0.4482421875 0.17236328125 0.017578125 0.0361328125
0 0.31103515625 0.17333984375 0.0205078125 0.0419921875
0 0.35107421875 0.17578125 0.0205078125 0.03515625
0 0.36962890625 0.1748046875 0.0166015625 0.03515625
0 0.38818359375 0.1728515625 0.0185546875 0.03515625
0 0.408203125 0.1708984375 0.01953125 0.03515625
0 0.42822265625 0.1767578125 0.0205078125 0.041015625
0 0.20458984375 0.46923828125 0.0400390625 0.0224609375
0 0.24462890625 0.49072265625 0.0341796875 0.0185546875
0 0.4677734375 0.88671875 0.021484375 0.041015625
0 0.42431640625 0.54541015625 0.0205078125 0.0361328125
0 0.50390625 0.5498046875 0.0234375 0.041015625
0 0.5986328125 0.55322265625 0.01953125 0.0380859375
0 0.4052734375 0.591796875 0.021484375 0.041015625
0 0.4814453125 0.5927734375 0.025390625 0.044921875
0 0.52099609375 0.59228515625 0.0224609375 0.0361328125
0 0.5595703125 0.59326171875 0.0234375 0.0498046875
0 0.61962890625 0.59326171875 0.0205078125 0.0380859375
0 0.40380859375 0.681640625 0.0224609375 0.04296875
0 0.60009765625 0.68115234375 0.0185546875 0.0341796875
0 0.61767578125 0.681640625 0.0185546875 0.037109375
0 0.42431640625 0.71875 0.0224609375 0.0390625
0 0.46044921875 0.7197265625 0.0205078125 0.041015625
0 0.48095703125 0.716796875 0.0205078125 0.0390625
0 0.5009765625 0.7177734375 0.01953125 0.037109375
0 0.52001953125 0.72216796875 0.0205078125 0.0361328125
0 0.57470703125 0.724609375 0.0205078125 0.041015625
0 0.61669921875 0.7197265625 0.0205078125 0.041015625
0 0.40234375 0.8037109375 0.017578125 0.04296875
0 0.4228515625 0.8046875 0.01953125 0.044921875
0 0.44677734375 0.806640625 0.0205078125 0.04296875
0 0.470703125 0.80615234375 0.021484375 0.0439453125
0 0.494140625 0.8056640625 0.017578125 0.037109375
0 0.51611328125 0.80419921875 0.0166015625 0.0439453125
0 0.5400390625 0.80712890625 0.021484375 0.0439453125
0 0.5615234375 0.802734375 0.01953125 0.044921875
0 0.58642578125 0.80224609375 0.0205078125 0.0419921875
0 0.392578125 0.52392578125 0.033203125 0.0439453125
0 0.64697265625 0.494140625 0.0380859375 0.041015625
0 0.56103515625 0.4658203125 0.0185546875 0.03515625
0 0.4072265625 0.41748046875 0.01953125 0.0400390625
0 0.4267578125 0.298828125 0.01953125 0.037109375
0 0.4072265625 0.29638671875 0.021484375 0.0380859375
0 0.46630859375 0.3388671875 0.0185546875 0.0390625
0 0.486328125 0.3359375 0.01953125 0.037109375
0 0.5048828125 0.33544921875 0.01953125 0.0380859375
0 0.52294921875 0.33984375 0.0185546875 0.0390625
0 0.5419921875 0.3369140625 0.01953125 0.037109375
0 0.56201171875 0.33837890625 0.0205078125 0.0361328125
0 0.58251953125 0.33984375 0.0185546875 0.037109375
0 0.6005859375 0.33837890625 0.01953125 0.0380859375
0 0.61962890625 0.33642578125 0.0205078125 0.0380859375
0 0.4345703125 0.3896484375 0.03515625 0.0390625
0 0.447265625 0.42724609375 0.017578125 0.0400390625
0 0.5400390625 0.46142578125 0.021484375 0.0400390625
0 0.4658203125 0.4228515625 0.017578125 0.0390625
0 0.484375 0.423828125 0.017578125 0.037109375
0 0.50390625 0.41796875 0.017578125 0.033203125
0 0.521484375 0.41845703125 0.017578125 0.0380859375
0 0.583984375 0.42578125 0.017578125 0.03515625
0 0.60302734375 0.4267578125 0.0205078125 0.037109375
0 0.623046875 0.4228515625 0.01953125 0.037109375
0 0.4248046875 0.46337890625 0.021484375 0.0400390625
0 0.443359375 0.46435546875 0.017578125 0.0341796875
0 0.462890625 0.46337890625 0.01953125 0.0400390625
0 0.501953125 0.46240234375 0.01953125 0.0400390625
0 0.52197265625 0.4609375 0.0185546875 0.037109375
0 0.40576171875 0.8955078125 0.0185546875 0.041015625
0 0.7109375 0.82568359375 0.04296875 0.0205078125
0 0.486328125 0.294921875 0.01953125 0.04296875
0 0.716796875 0.79541015625 0.04296875 0.0224609375
0 0.95751953125 0.8408203125 0.0361328125 0.021484375
0 0.9619140625 0.85888671875 0.037109375 0.0205078125
0 0.96337890625 0.87646484375 0.0322265625 0.0185546875
0 0.96142578125 0.90087890625 0.0361328125 0.0205078125
0 0.9609375 0.9189453125 0.041015625 0.021484375
0 0.87548828125 0.8857421875 0.0185546875 0.0390625
0 0.49169921875 0.88671875 0.0185546875 0.041015625
0 0.54052734375 0.88134765625 0.0224609375 0.0419921875
1 0.767578125 0.99462890625 0.05078125 0.0107421875
0 0.67724609375 0.87890625 0.0205078125 0.060546875
0 0.65185546875 0.87353515625 0.0185546875 0.0322265625
0 0.95654296875 0.82373046875 0.0400390625 0.0205078125
0 0.95751953125 0.791015625 0.0380859375 0.01953125
0 0.95703125 0.76904296875 0.037109375 0.0185546875
0 0.71875 0.76513671875 0.05078125 0.0224609375
0 0.71826171875 0.74072265625 0.0537109375 0.0263671875
0 0.71533203125 0.69189453125 0.0517578125 0.0205078125
0 0.71533203125 0.65380859375 0.0537109375 0.0244140625
0 0.7197265625 0.59521484375 0.033203125 0.0185546875
0 0.71337890625 0.57275390625 0.0478515625 0.0205078125
0 0.72265625 0.53369140625 0.0390625 0.0205078125
0 0.7138671875 0.49658203125 0.056640625 0.0185546875
0 0.68115234375 0.3974609375 0.0185546875 0.03515625
0 0.7197265625 0.3994140625 0.04296875 0.021484375
0 0.720703125 0.30322265625 0.04296875 0.0224609375
0 0.72314453125 0.2421875 0.0419921875 0.021484375
0 0.87890625 0.779296875 0.017578125 0.03515625
0 0.8818359375 0.25927734375 0.021484375 0.0458984375
0 0.96337890625 0.3427734375 0.0361328125 0.01953125
0 0.8818359375 0.31201171875 0.017578125 0.0380859375
0 0.880859375 0.35546875 0.01953125 0.037109375
0 0.96484375 0.3818359375 0.041015625 0.0234375
0 0.8798828125 0.42236328125 0.01953125 0.0380859375
0 0.96337890625 0.4541015625 0.0400390625 0.021484375
0 0.96142578125 0.5537109375 0.0380859375 0.021484375
0 0.96044921875 0.5986328125 0.0419921875 0.021484375
0 0.9609375 0.6318359375 0.0390625 0.01953125
0 0.87890625 0.662109375 0.021484375 0.04296875
0 0.876953125 0.73486328125 0.021484375 0.0419921875
0 0.46728515625 0.29931640625 0.0185546875 0.0341796875
0 0.50537109375 0.2939453125 0.0224609375 0.04296875
0 0.2451171875 0.51220703125 0.041015625 0.0185546875
0 0.3291015625 0.2109375 0.021484375 0.0390625
0 0.349609375 0.212890625 0.01953125 0.0390625
0 0.36962890625 0.21533203125 0.0205078125 0.0400390625
0 0.38916015625 0.212890625 0.0205078125 0.0390625
0 0.40966796875 0.21533203125 0.0224609375 0.0439453125
0 0.4296875 0.21533203125 0.01953125 0.0361328125
0 0.447265625 0.2119140625 0.021484375 0.037109375
0 0.3251953125 0.33740234375 0.017578125 0.0400390625
0 0.2861328125 0.3544921875 0.01953125 0.037109375
0 0.3466796875 0.33447265625 0.01953125 0.0400390625
0 0.3681640625 0.33935546875 0.01953125 0.0419921875
0 0.38818359375 0.3359375 0.0185546875 0.037109375
0 0.40771484375 0.34033203125 0.0205078125 0.0439453125
0 0.4453125 0.3369140625 0.01953125 0.037109375
0 0.38671875 0.2978515625 0.021484375 0.037109375
0 0.326171875 0.4130859375 0.017578125 0.033203125
0 0.345703125 0.4140625 0.01953125 0.037109375
0 0.36865234375 0.419921875 0.0205078125 0.041015625
0 0.38720703125 0.41650390625 0.0205078125 0.0419921875
0 0.23876953125 0.72412109375 0.0322265625 0.0166015625
0 0.2451171875 0.52978515625 0.04296875 0.0185546875
0 0.244140625 0.54638671875 0.03125 0.0185546875
0 0.24755859375 0.5693359375 0.0400390625 0.0234375
0 0.24462890625 0.59033203125 0.0400390625 0.0224609375
0 0.20361328125 0.5498046875 0.0400390625 0.01953125
0 0.20361328125 0.56884765625 0.0361328125 0.0185546875
0 0.205078125 0.60546875 0.0390625 0.01953125
0 0.203125 0.62744140625 0.037109375 0.0185546875
0 0.24755859375 0.6240234375 0.0380859375 0.01953125
0 0.24658203125 0.6455078125 0.0419921875 0.01953125
0 0.2490234375 0.685546875 0.04296875 0.021484375
0 0.24267578125 0.7431640625 0.0439453125 0.021484375
0 0.541015625 0.296875 0.021484375 0.04296875
0 0.328125 0.4580078125 0.01953125 0.0390625
0 0.46728515625 0.212890625 0.0205078125 0.0390625
0 0.486328125 0.2099609375 0.017578125 0.029296875
0 0.50634765625 0.21142578125 0.0185546875 0.0341796875
0 0.525390625 0.21533203125 0.01953125 0.0341796875
0 0.54443359375 0.21435546875 0.0205078125 0.0361328125
0 0.5625 0.21044921875 0.017578125 0.0322265625
0 0.583984375 0.21484375 0.01953125 0.041015625
0 0.60400390625 0.2158203125 0.0166015625 0.033203125
0 0.58203125 0.29931640625 0.01953125 0.0361328125
0 0.56103515625 0.29931640625 0.0185546875 0.0400390625
0 0.384765625 0.890625 0.021484375 0.044921875
0 0.36474609375 0.8916015625 0.0185546875 0.0390625
0 0.328125 0.8916015625 0.01953125 0.04296875
0 0.3671875 0.5908203125 0.01953125 0.0390625
0 0.3466796875 0.45849609375 0.025390625 0.0439453125
0 0.3671875 0.458984375 0.01953125 0.0390625
0 0.38720703125 0.4580078125 0.0205078125 0.03515625
0 0.369140625 0.5478515625 0.0234375 0.04296875
0 0.3466796875 0.548828125 0.01953125 0.04296875
0 0.32470703125 0.546875 0.0205078125 0.04296875
0 0.32470703125 0.58935546875 0.0205078125 0.0400390625
0 0.3271484375 0.6875 0.021484375 0.056640625
0 0.365234375 0.67529296875 0.01953125 0.0400390625
0 0.345703125 0.71826171875 0.01953125 0.0380859375
0 0.384765625 0.72021484375 0.021484375 0.0400390625
0 0.32275390625 0.80029296875 0.0224609375 0.0439453125
0 0.34814453125 0.80029296875 0.0185546875 0.0439453125
0 0.3818359375 0.80224609375 0.017578125 0.0439453125
