0 0.82861328125 0.92138671875 0.0439453125 0.0361328125
0 0.61572265625 0.00537109375 0.0380859375 0.0087890625
0 0.52978515625 0.00537109375 0.0380859375 0.0087890625
0 0.525390625 0.0185546875 0.03515625 0.017578125
0 0.4658203125 0.0048828125 0.04296875 0.0078125
0 0.470703125 0.01806640625 0.033203125 0.0185546875
0 0.4677734375 0.0380859375 0.041015625 0.0234375
0 0.52490234375 0.0751953125 0.0361328125 0.017578125
0 0.6142578125 0.01904296875 0.033203125 0.0224609375
0 0.65576171875 0.005859375 0.0361328125 0.009765625
0 0.6025390625 0.30419921875 0.04296875 0.0439453125
0 0.615234375 0.32177734375 0.037109375 0.0361328125
0 0.6279296875 0.33740234375 0.04296875 0.0380859375
0 0.65087890625 0.3671875 0.0458984375 0.037109375
0 0.66357421875 0.384765625 0.0400390625 0.03515625
0 0.67236328125 0.40380859375 0.0439453125 0.0380859375
0 0.69189453125 0.43408203125 0.0380859375 0.0341796875
0 0.73779296875 0.5 0.0419921875 0.04296875
0 0.775390625 0.53125 0.02734375 0.046875
0 0.82275390625 0.541015625 0.0146484375 0.041015625
0 0.73974609375 0.005859375 0.0361328125 0.009765625
0 0.77978515625 0.00537109375 0.0341796875 0.0087890625
0 0.73779296875 0.021484375 0.0380859375 0.01953125
0 0.779296875 0.01953125 0.03515625 0.01953125
0 0.7353515625 0.03857421875 0.037109375 0.0166015625
0 0.77490234375 0.0400390625 0.0400390625 0.017578125
0 0.7373046875 0.0595703125 0.037109375 0.01953125
0 0.73876953125 0.080078125 0.0419921875 0.01953125
0 0.74365234375 0.09912109375 0.0380859375 0.0224609375
0 0.7841796875 0.08154296875 0.037109375 0.0205078125
0 0.78076171875 0.099609375 0.0361328125 0.01953125
0 0.5859375 0.28857421875 0.0390625 0.0439453125
0 0.56982421875 0.27685546875 0.0400390625 0.0458984375
0 0.55029296875 0.26318359375 0.0361328125 0.0419921875
0 0.65283203125 0.0751953125 0.0361328125 0.0234375
0 0.6552734375 0.0205078125 0.041015625 0.01953125
0 0.46923828125 0.078125 0.0361328125 0.01953125
0 0.46826171875 0.095703125 0.0380859375 0.01953125
0 0.466796875 0.134765625 0.03515625 0.021484375
0 0.369140625 0.0634765625 0.04296875 0.01953125
0 0.37158203125 0.0927734375 0.0341796875 0.021484375
0 0.3681640625 0.1181640625 0.03515625 0.017578125
0 0.3681640625 0.15283203125 0.041015625 0.0205078125
0 0.52783203125 0.115234375 0.0361328125 0.01953125
0 0.52734375 0.15185546875 0.04296875 0.0205078125
0 0.65380859375 0.05419921875 0.0380859375 0.0263671875
0 0.61474609375 0.076171875 0.0341796875 0.017578125
0 0.65380859375 0.09619140625 0.0341796875 0.0166015625
0 0.52880859375 0.25146484375 0.0302734375 0.0478515625
0 0.61376953125 0.1162109375 0.0341796875 0.01953125
0 0.6552734375 0.1171875 0.037109375 0.01953125
0 0.61376953125 0.1357421875 0.0400390625 0.01953125
0 0.6513671875 0.13525390625 0.03125 0.0185546875
0 0.61328125 0.15625 0.0390625 0.01953125
0 0.65478515625 0.158203125 0.0380859375 0.01953125
0 0.61328125 0.17431640625 0.0390625 0.0185546875
0 0.65185546875 0.19384765625 0.0361328125 0.0205078125
0 0.64697265625 0.21728515625 0.0361328125 0.0224609375
0 0.40625 0.22509765625 0.0234375 0.0419921875
0 0.42724609375 0.2275390625 0.0205078125 0.0390625
0 0.46630859375 0.23681640625 0.0224609375 0.0400390625
0 0.78076171875 0.11962890625 0.0400390625 0.0205078125
0 0.73779296875 0.11572265625 0.0400390625 0.0224609375
0 0.77783203125 0.13720703125 0.0341796875 0.0185546875
0 0.8359375 0.90478515625 0.041015625 0.0322265625
0 0.9951171875 0.53271484375 0.009765625 0.0400390625
0 0.95751953125 0.19189453125 0.0205078125 0.0361328125
0 0.9384765625 0.23828125 0.021484375 0.041015625
0 0.93701171875 0.328125 0.0224609375 0.04296875
0 0.95751953125 0.365234375 0.0224609375 0.0390625
0 0.99169921875 0.3662109375 0.0166015625 0.041015625
0 0.935546875 0.4501953125 0.017578125 0.04296875
0 0.9560546875 0.451171875 0.01953125 0.044921875
0 0.97998046875 0.453125 0.0205078125 0.04296875
0 0.99658203125 0.45263671875 0.0068359375 0.0439453125
0 0.92578125 0.17041015625 0.033203125 0.0439453125
0 0.9404296875 0.06396484375 0.01953125 0.0400390625
0 0.9951171875 0.0029296875 0.009765625 0.00390625
0 0.9677734375 0.0361328125 0.03515625 0.0390625
0 0.98046875 0.07373046875 0.017578125 0.0400390625
0 0.9951171875 0.06884765625 0.009765625 0.0380859375
0 0.9580078125 0.10986328125 0.021484375 0.0400390625
0 0.9765625 0.11083984375 0.017578125 0.0341796875
0 0.9931640625 0.109375 0.013671875 0.0390625
0 0.93896484375 0.5419921875 0.0185546875 0.041015625
0 0.26513671875 0.7255859375 0.0361328125 0.04296875
0 0.3173828125 0.71240234375 0.0390625 0.0458984375
0 0.3017578125 0.72607421875 0.029296875 0.0341796875
0 0.1748046875 0.7314453125 0.03125 0.037109375
0 0.197265625 0.72119140625 0.033203125 0.0419921875
0 0.11767578125 0.72705078125 0.0205078125 0.0380859375
0 0.142578125 0.765625 0.03515625 0.0234375
0 0.07421875 0.75830078125 0.037109375 0.0224609375
0 0.05322265625 0.69873046875 0.0244140625 0.0400390625
0 0.03466796875 0.7060546875 0.0244140625 0.04296875
0 0.90185546875 0.77490234375 0.0322265625 0.0283203125
0 0.89306640625 0.79443359375 0.0400390625 0.0322265625
0 0.88330078125 0.8125 0.0419921875 0.033203125
0 0.861328125 0.849609375 0.03515625 0.03125
0 0.84716796875 0.8837890625 0.0419921875 0.03515625
0 0.7783203125 0.15869140625 0.041015625 0.0185546875
0 0.8583984375 0.00244140625 0.017578125 0.0029296875
0 0.8193359375 0.01025390625 0.01953125 0.0185546875
0 0.9013671875 0.00390625 0.01953125 0.005859375
0 0.94140625 0.0048828125 0.01953125 0.0078125
0 0.978515625 0.00146484375 0.01953125 0.0009765625
0 0.859375 0.0595703125 0.017578125 0.033203125
0 0.87890625 0.060546875 0.01953125 0.037109375
0 0.90185546875 0.06640625 0.0205078125 0.041015625
0 0.92041015625 0.06298828125 0.0205078125 0.0419921875
0 0.01904296875 0.3984375 0.0244140625 0.0390625
0 0.07666015625 0.416015625 0.0302734375 0.041015625
0 0.77197265625 0.37060546875 0.0322265625 0.0166015625
0 0.7783203125 0.17626953125 0.04296875 0.0185546875
0 0.77734375 0.19287109375 0.03125 0.0185546875
0 0.78076171875 0.2158203125 0.0400390625 0.0234375
0 0.77783203125 0.23681640625 0.0400390625 0.0224609375
0 0.73681640625 0.1962890625 0.0400390625 0.01953125
0 0.73681640625 0.21533203125 0.0361328125 0.0185546875
0 0.73828125 0.251953125 0.0390625 0.01953125
0 0.736328125 0.27392578125 0.037109375 0.0185546875
0 0.78076171875 0.2705078125 0.0380859375 0.01953125
0 0.77978515625 0.2919921875 0.0419921875 0.01953125
0 0.7822265625 0.33203125 0.04296875 0.021484375
0 0.77587890625 0.3896484375 0.0439453125 0.021484375
0 0.42236328125 0.63623046875 0.0302734375 0.0400390625
0 0.1328125 0.4189453125 0.025390625 0.037109375
0 0.40087890625 0.6708984375 0.0302734375 0.0390625
0 0.27392578125 0.41845703125 0.0263671875 0.0419921875
0 0.19775390625 0.41650390625 0.0263671875 0.0458984375
0 0.861328125 0.1044921875 0.01953125 0.0390625
0 0.91796875 0.537109375 0.021484375 0.044921875
0 0.89794921875 0.5380859375 0.0185546875 0.0390625
0 0.861328125 0.5380859375 0.01953125 0.04296875
0 0.900390625 0.2373046875 0.01953125 0.0390625
0 0.8798828125 0.10498046875 0.025390625 0.0439453125
0 0.900390625 0.10546875 0.01953125 0.0390625
0 0.92041015625 0.1044921875 0.0205078125 0.03515625
0 0.90234375 0.1943359375 0.0234375 0.04296875
0 0.8798828125 0.1953125 0.01953125 0.04296875
0 0.85791015625 0.193359375 0.0205078125 0.04296875
0 0.85791015625 0.23583984375 0.0205078125 0.0400390625
0 0.8603515625 0.333984375 0.021484375 0.056640625
0 0.8984375 0.32177734375 0.01953125 0.0400390625
0 0.87890625 0.36474609375 0.01953125 0.0380859375
0 0.91796875 0.36669921875 0.021484375 0.0400390625
0 0.85595703125 0.44677734375 0.0224609375 0.0439453125
0 0.88134765625 0.44677734375 0.0185546875 0.0439453125
0 0.9150390625 0.44873046875 0.017578125 0.0439453125
