0 0.5810546875 0.96923828125 0.056640625 0.0341796875
0 0.419921875 0.181640625 0.02734375 0.0390625
1 0.224609375 0.85498046875 0.0859375 0.0537109375
1 0.2138671875 0.82763671875 0.087890625 0.0556640625
1 0.201171875 0.72998046875 0.0625 0.0986328125
1 0.17041015625 0.7421875 0.0595703125 0.1015625
1 0.140625 0.7509765625 0.060546875 0.09765625
1 0.10498046875 0.6572265625 0.0634765625 0.09375
0 0.00830078125 0.494140625 0.0146484375 0.025390625
0 0.43798828125 0.17333984375 0.0302734375 0.0419921875
0 0.37255859375 0.3759765625 0.0478515625 0.03125
1 0.5234375 0.81494140625 0.072265625 0.0478515625
0 0.3798828125 0.3974609375 0.052734375 0.033203125
0 0.3935546875 0.4169921875 0.0390625 0.029296875
0 0.408203125 0.4541015625 0.03515625 0.025390625
0 0.41015625 0.47607421875 0.044921875 0.0302734375
0 0.42041015625 0.4970703125 0.0400390625 0.02734375
0 0.42919921875 0.5166015625 0.0380859375 0.02734375
0 0.4453125 0.55419921875 0.04296875 0.0302734375
0 0.4521484375 0.57421875 0.04296875 0.03125
0 0.470703125 0.61669921875 0.041015625 0.0283203125
0 0.47021484375 0.79541015625 0.0302734375 0.0400390625
0 0.55712890625 0.95166015625 0.0439453125 0.0283203125
0 0.2783203125 0.39404296875 0.03125 0.0419921875
1 0.23681640625 0.88427734375 0.0791015625 0.0517578125
1 0.2666015625 0.91064453125 0.078125 0.0517578125
1 0.2724609375 0.939453125 0.0859375 0.052734375
1 0.27587890625 0.97265625 0.0849609375 0.0546875
1 0.2373046875 0.2890625 0.052734375 0.078125
1 0.19921875 0.38818359375 0.078125 0.0458984375
1 0.2216796875 0.462890625 0.08984375 0.052734375
1 0.234375 0.49560546875 0.072265625 0.0439453125
1 0.3671875 0.3359375 0.048828125 0.0390625
1 0.474609375 0.67822265625 0.078125 0.0478515625
1 0.4853515625 0.7060546875 0.072265625 0.048828125
1 0.49365234375 0.7333984375 0.0712890625 0.048828125
1 0.50634765625 0.763671875 0.0732421875 0.048828125
1 0.51611328125 0.78857421875 0.0732421875 0.0458984375
1 0.53369140625 0.8466796875 0.0732421875 0.044921875
1 0.53955078125 0.8720703125 0.0791015625 0.05078125
1 0.54443359375 0.90087890625 0.0654296875 0.0458984375
1 0.55712890625 0.92578125 0.0830078125 0.052734375
1 0.306640625 0.77978515625 0.078125 0.0517578125
1 0.35107421875 0.8251953125 0.0732421875 0.046875
1 0.31298828125 0.80810546875 0.0791015625 0.0478515625
1 0.34423828125 0.85498046875 0.0732421875 0.0458984375
1 0.353515625 0.8876953125 0.08203125 0.04296875
1 0.38330078125 0.9130859375 0.0751953125 0.044921875
1 0.38525390625 0.94921875 0.0849609375 0.05078125
1 0.4619140625 0.96923828125 0.044921875 0.0615234375
1 0.39990234375 0.9765625 0.0771484375 0.046875
0 0.64501953125 0.07958984375 0.0283203125 0.0400390625
0 0.66455078125 0.07080078125 0.0283203125 0.0400390625
0 0.72802734375 0.17236328125 0.0302734375 0.0458984375
0 0.76708984375 0.16162109375 0.0283203125 0.0439453125
0 0.68701171875 0.1865234375 0.0283203125 0.044921875
0 0.6669921875 0.19091796875 0.02734375 0.0419921875
0 0.62255859375 0.0888671875 0.0302734375 0.044921875
0 0.90673828125 0.10302734375 0.0419921875 0.0263671875
0 0.97802734375 0.263671875 0.0419921875 0.029296875
0 0.96533203125 0.5234375 0.0361328125 0.02734375
1 0.0166015625 0.2724609375 0.03125 0.041015625
