0 0.5810546875 0.35791015625 0.056640625 0.0341796875
1 0.224609375 0.24365234375 0.0859375 0.0537109375
1 0.2138671875 0.21630859375 0.087890625 0.0556640625
1 0.201171875 0.11865234375 0.0625 0.0986328125
1 0.17041015625 0.130859375 0.0595703125 0.1015625
1 0.140625 0.1396484375 0.060546875 0.09765625
1 0.10498046875 0.046875 0.0634765625 0.091796875
1 0.5234375 0.20361328125 0.072265625 0.0478515625
0 0.4697265625 0.01025390625 0.0390625 0.0185546875
0 0.47021484375 0.18408203125 0.0302734375 0.0400390625
0 0.55712890625 0.34033203125 0.0439453125 0.0283203125
1 0.23681640625 0.27294921875 0.0791015625 0.0517578125
1 0.2666015625 0.29931640625 0.078125 0.0517578125
1 0.2724609375 0.328125 0.0859375 0.052734375
1 0.27587890625 0.361328125 0.0849609375 0.0546875
1 0.474609375 0.06689453125 0.078125 0.0478515625
1 0.4853515625 0.0947265625 0.072265625 0.048828125
1 0.49365234375 0.1220703125 0.0712890625 0.048828125
1 0.50634765625 0.15234375 0.0732421875 0.048828125
1 0.51611328125 0.17724609375 0.0732421875 0.0458984375
1 0.53369140625 0.2353515625 0.0732421875 0.044921875
1 0.53955078125 0.2607421875 0.0791015625 0.05078125
1 0.54443359375 0.28955078125 0.0654296875 0.0458984375
1 0.55712890625 0.314453125 0.0830078125 0.052734375
1 0.306640625 0.16845703125 0.078125 0.0517578125
1 0.35107421875 0.2138671875 0.0732421875 0.046875
1 0.31298828125 0.19677734375 0.0791015625 0.0478515625
1 0.34423828125 0.24365234375 0.0732421875 0.0458984375
1 0.353515625 0.2763671875 0.08203125 0.04296875
1 0.38330078125 0.3017578125 0.0751953125 0.044921875
1 0.38525390625 0.337890625 0.0849609375 0.05078125
1 0.46240234375 0.36474609375 0.0458984375 0.0751953125
1 0.39990234375 0.36669921875 0.0771484375 0.0498046875
0 0.6044921875 0.41845703125 0.0546875 0.0341796875
0 0.01171875 0.81103515625 0.021484375 0.0244140625
1 0.32373046875 0.46337890625 0.0732421875 0.0498046875
1 0.3232421875 0.4345703125 0.07421875 0.05078125
1 0.22119140625 0.427734375 0.0556640625 0.04296875
1 0.01806640625 0.75244140625 0.0341796875 0.0380859375
1 0.0634765625 0.85546875 0.072265625 0.0546875
1 0.0654296875 0.91357421875 0.068359375 0.0478515625
1 0.5908203125 0.64501953125 0.0546875 0.0888671875
1 0.62255859375 0.6328125 0.0517578125 0.08984375
1 0.65234375 0.61279296875 0.0546875 0.0888671875
1 0.68994140625 0.60205078125 0.0654296875 0.0888671875
1 0.8154296875 0.5078125 0.048828125 0.07421875
1 0.326171875 0.49267578125 0.076171875 0.0478515625
1 0.34619140625 0.521484375 0.0751953125 0.048828125
1 0.34130859375 0.56201171875 0.0751953125 0.0556640625
1 0.43603515625 0.58837890625 0.0732421875 0.0537109375
1 0.40869140625 0.39697265625 0.0771484375 0.0478515625
1 0.41796875 0.4267578125 0.087890625 0.052734375
1 0.41748046875 0.458984375 0.0888671875 0.0546875
1 0.4248046875 0.48388671875 0.080078125 0.0478515625
1 0.49365234375 0.490234375 0.0810546875 0.046875
1 0.49853515625 0.52001953125 0.0751953125 0.0478515625
1 0.5068359375 0.548828125 0.08203125 0.056640625
1 0.4140625 0.53076171875 0.078125 0.0458984375
1 0.43115234375 0.5556640625 0.0693359375 0.046875
