0 0.53515625 0.01171875 0.037109375 0.021484375
0 0.525390625 0.0244140625 0.044921875 0.04296875
0 0.4990234375 0.0087890625 0.029296875 0.015625
0 0.50927734375 0.04248046875 0.0458984375 0.0400390625
0 0.48095703125 0.017578125 0.0400390625 0.033203125
0 0.462890625 0.03076171875 0.044921875 0.0439453125
0 0.49462890625 0.05810546875 0.0400390625 0.0419921875
0 0.6689453125 0.01513671875 0.04296875 0.0283203125
0 0.74267578125 0.08349609375 0.0419921875 0.0400390625
0 0.7626953125 0.060546875 0.044921875 0.04296875
0 0.78759765625 0.03564453125 0.0400390625 0.0419921875
0 0.93505859375 0.052734375 0.0556640625 0.0546875
0 0.984375 0.08642578125 0.03125 0.0380859375
0 0.89501953125 0.123046875 0.0439453125 0.041015625
0 0.24462890625 0.4765625 0.0478515625 0.048828125
0 0.4169921875 0.6474609375 0.044921875 0.041015625
0 0.44873046875 0.6142578125 0.0458984375 0.04296875
0 0.46337890625 0.5986328125 0.0478515625 0.046875
0 0.4296875 0.56884765625 0.044921875 0.0400390625
0 0.4833984375 0.58349609375 0.037109375 0.0380859375
0 0.49609375 0.5654296875 0.0390625 0.037109375
0 0.47705078125 0.52001953125 0.0341796875 0.0322265625
0 0.5234375 0.53564453125 0.044921875 0.0419921875
0 0.32177734375 0.55029296875 0.0380859375 0.0380859375
0 0.3671875 0.50244140625 0.0390625 0.0419921875
0 0.3818359375 0.4853515625 0.041015625 0.041015625
0 0.3955078125 0.470703125 0.0390625 0.0390625
0 0.41064453125 0.4521484375 0.0400390625 0.0390625
0 0.5048828125 0.48583984375 0.04296875 0.0400390625
0 0.44970703125 0.40576171875 0.0419921875 0.0400390625
0 0.57275390625 0.4833984375 0.0458984375 0.04296875
0 0.59912109375 0.451171875 0.0478515625 0.046875
0 0.55322265625 0.4365234375 0.0439453125 0.04296875
0 0.56494140625 0.41796875 0.0400390625 0.037109375
0 0.57958984375 0.40234375 0.0419921875 0.0390625
0 0.62646484375 0.41650390625 0.0458984375 0.0458984375
0 0.65771484375 0.3857421875 0.0419921875 0.041015625
0 0.60595703125 0.3701171875 0.0400390625 0.041015625
0 0.6259765625 0.357421875 0.044921875 0.04296875
0 0.43408203125 0.63330078125 0.0478515625 0.0419921875
0 0.669921875 0.72607421875 0.04296875 0.0439453125
0 0.861328125 0.09521484375 0.046875 0.0419921875
0 0.6123046875 0.7373046875 0.041015625 0.04296875
0 0.87939453125 0.13916015625 0.0478515625 0.0419921875
0 0.8447265625 0.10888671875 0.04296875 0.0380859375
0 0.86767578125 0.1572265625 0.0400390625 0.037109375
0 0.81689453125 0.142578125 0.0498046875 0.041015625
0 0.85205078125 0.1708984375 0.0439453125 0.0390625
0 0.80419921875 0.162109375 0.0419921875 0.041015625
0 0.83642578125 0.1845703125 0.0380859375 0.037109375
0 0.79345703125 0.18212890625 0.0439453125 0.0400390625
0 0.96533203125 0.18115234375 0.0419921875 0.0419921875
0 0.01806640625 0.12841796875 0.0341796875 0.0380859375
0 0.15576171875 0.408203125 0.0595703125 0.056640625
0 0.06103515625 0.3212890625 0.0419921875 0.041015625
0 0.07861328125 0.30615234375 0.0419921875 0.0400390625
0 0.12158203125 0.25830078125 0.0380859375 0.0380859375
0 0.103515625 0.21337890625 0.0390625 0.0419921875
0 0.18359375 0.19287109375 0.04296875 0.0419921875
1 0.22802734375 0.75439453125 0.0751953125 0.0849609375
0 0.1845703125 0.13671875 0.046875 0.044921875
0 0.31640625 0.0478515625 0.04296875 0.0390625
0 0.33056640625 0.03125 0.0419921875 0.041015625
0 0.2998046875 0.01171875 0.0390625 0.021484375
0 0.140625 0.03515625 0.046875 0.044921875
0 0.1279296875 0.05224609375 0.04296875 0.0419921875
0 0.25634765625 0.0498046875 0.0478515625 0.044921875
0 0.2138671875 0.103515625 0.044921875 0.041015625
0 0.26171875 0.1142578125 0.041015625 0.04296875
0 0.111328125 0.068359375 0.048828125 0.046875
0 0.3037109375 0.123046875 0.044921875 0.046875
0 0.31640625 0.1943359375 0.041015625 0.0390625
0 0.3330078125 0.1796875 0.048828125 0.046875
0 0.3935546875 0.16943359375 0.046875 0.0439453125
0 0.35693359375 0.14208984375 0.0439453125 0.0400390625
0 0.40576171875 0.1513671875 0.0458984375 0.04296875
0 0.3720703125 0.123046875 0.041015625 0.041015625
0 0.2744140625 0.44677734375 0.04296875 0.0419921875
0 0.3046875 0.41552734375 0.048828125 0.0458984375
0 0.82568359375 0.20703125 0.0400390625 0.0390625
0 0.77685546875 0.1962890625 0.0458984375 0.04296875
0 0.80908203125 0.224609375 0.0419921875 0.0390625
0 0.79248046875 0.23681640625 0.0439453125 0.0419921875
0 0.75830078125 0.20849609375 0.0458984375 0.0419921875
0 0.783203125 0.26025390625 0.041015625 0.0380859375
0 0.74267578125 0.22265625 0.0458984375 0.041015625
0 0.72998046875 0.24267578125 0.0458984375 0.0458984375
0 0.75390625 0.296875 0.046875 0.044921875
0 0.7177734375 0.26220703125 0.048828125 0.0458984375
0 0.69921875 0.2763671875 0.044921875 0.044921875
0 0.734375 0.3095703125 0.037109375 0.037109375
0 0.68408203125 0.29443359375 0.0400390625 0.0380859375
0 0.98876953125 0.20947265625 0.0224609375 0.0322265625
0 0.95361328125 0.205078125 0.0458984375 0.044921875
0 0.982421875 0.23095703125 0.03515625 0.0361328125
0 0.9384765625 0.21826171875 0.0390625 0.0380859375
0 0.59521484375 0.24755859375 0.0400390625 0.0400390625
0 0.3173828125 0.39697265625 0.048828125 0.0498046875
0 0.349609375 0.3701171875 0.04296875 0.0390625
0 0.361328125 0.35107421875 0.0390625 0.0400390625
0 0.37890625 0.33740234375 0.046875 0.0419921875
0 0.20751953125 0.36474609375 0.0458984375 0.0498046875
0 0.2431640625 0.33837890625 0.044921875 0.0439453125
0 0.27001953125 0.3037109375 0.0439453125 0.04296875
0 0.25537109375 0.26025390625 0.0498046875 0.0439453125
0 0.31494140625 0.25341796875 0.0458984375 0.0419921875
0 0.2822265625 0.22314453125 0.044921875 0.0419921875
0 0.3291015625 0.23828125 0.044921875 0.044921875
0 0.34521484375 0.2216796875 0.0400390625 0.0390625
0 0.67041015625 0.5751953125 0.0439453125 0.04296875
0 0.91796875 0.23095703125 0.03515625 0.0361328125
0 0.9033203125 0.25048828125 0.04296875 0.0419921875
0 0.96826171875 0.24951171875 0.0419921875 0.0419921875
0 0.93603515625 0.28125 0.0419921875 0.0390625
0 0.89501953125 0.47265625 0.0419921875 0.044921875
0 0.943359375 0.4873046875 0.041015625 0.041015625
0 0.9560546875 0.47119140625 0.041015625 0.0400390625
0 0.990234375 0.41748046875 0.01953125 0.0341796875
11 0.59716796875 0.91015625 0.0478515625 0.048828125
1 0.845703125 0.99609375 0.087890625 0.0078125
0 0.7431640625 0.6455078125 0.046875 0.04296875
0 0.88623046875 0.28955078125 0.0458984375 0.0419921875
0 0.86376953125 0.3017578125 0.0439453125 0.04296875
0 0.83154296875 0.33642578125 0.0458984375 0.0439453125
0 0.857421875 0.37841796875 0.046875 0.0419921875
0 0.70068359375 0.5458984375 0.0439453125 0.04296875
0 0.68310546875 0.4990234375 0.0439453125 0.041015625
0 0.712890625 0.52294921875 0.0390625 0.0380859375
0 0.74267578125 0.49462890625 0.0419921875 0.0400390625
0 0.74169921875 0.43115234375 0.0380859375 0.0341796875
0 0.78955078125 0.44384765625 0.0439453125 0.0419921875
0 0.75 0.62158203125 0.0390625 0.0400390625
0 0.982421875 0.91162109375 0.029296875 0.0439453125
0 0.802734375 0.58056640625 0.052734375 0.0498046875
0 0.8505859375 0.59375 0.05078125 0.046875
0 0.8291015625 0.5439453125 0.044921875 0.04296875
0 0.93359375 0.57958984375 0.044921875 0.0302734375
0 0.888671875 0.6826171875 0.04296875 0.041015625
0 0.86474609375 0.7705078125 0.0458984375 0.0390625
0 0.93359375 0.90283203125 0.044921875 0.0458984375
1 0.89208984375 0.83984375 0.0791015625 0.078125
