0 0.521484375 0.99755859375 0.017578125 0.0048828125
0 0.5634765625 0.99609375 0.01953125 0.0078125
0 0.658203125 0.9931640625 0.021484375 0.013671875
0 0.6865234375 0.994140625 0.021484375 0.01171875
0 0.7158203125 0.9951171875 0.01953125 0.009765625
0 0.7529296875 0.96630859375 0.0390625 0.0205078125
0 0.75537109375 0.994140625 0.0400390625 0.01171875
0 0.955078125 0.59619140625 0.0390625 0.0205078125
0 0.78076171875 0.876953125 0.0205078125 0.04296875
0 0.8671875 0.76318359375 0.01953125 0.0439453125
0 0.88720703125 0.76513671875 0.0244140625 0.0458984375
0 0.91015625 0.7626953125 0.01953125 0.0390625
0 0.93310546875 0.7646484375 0.0185546875 0.0390625
0 0.8642578125 0.8486328125 0.01953125 0.0390625
0 0.84521484375 0.88818359375 0.0185546875 0.0361328125
0 0.884765625 0.845703125 0.017578125 0.037109375
0 0.86767578125 0.89208984375 0.0185546875 0.0439453125
0 0.88818359375 0.89208984375 0.0185546875 0.0380859375
0 0.90576171875 0.84912109375 0.0185546875 0.0419921875
0 0.90576171875 0.890625 0.0205078125 0.041015625
0 0.9248046875 0.8515625 0.01953125 0.041015625
0 0.92333984375 0.89013671875 0.0185546875 0.0361328125
0 0.943359375 0.853515625 0.01953125 0.0390625
0 0.94677734375 0.89306640625 0.0205078125 0.0380859375
0 0.02392578125 0.91357421875 0.0244140625 0.0458984375
0 0.96142578125 0.4208984375 0.0322265625 0.01953125
0 0.96044921875 0.43896484375 0.0380859375 0.0205078125
0 0.96044921875 0.46142578125 0.0400390625 0.0205078125
0 0.9599609375 0.478515625 0.041015625 0.01953125
0 0.95751953125 0.4970703125 0.0361328125 0.01953125
0 0.95849609375 0.5185546875 0.0458984375 0.01953125
0 0.95947265625 0.53857421875 0.0380859375 0.0224609375
0 0.95166015625 0.55615234375 0.0380859375 0.0185546875
0 0.84228515625 0.78076171875 0.0263671875 0.0400390625
0 0.9189453125 0.70263671875 0.017578125 0.0400390625
0 0.8984375 0.70068359375 0.017578125 0.0439453125
0 0.76171875 0.4814453125 0.037109375 0.01953125
1 0.4482421875 0.02099609375 0.091796875 0.0322265625
0 0.07421875 0.0595703125 0.046875 0.056640625
0 0.8349609375 0.11376953125 0.017578125 0.0419921875
0 0.84326171875 0.1904296875 0.0283203125 0.041015625
0 0.86181640625 0.107421875 0.0185546875 0.03515625
0 0.86474609375 0.14990234375 0.0263671875 0.0419921875
0 0.88232421875 0.19970703125 0.0341796875 0.0419921875
0 0.916015625 0.2373046875 0.041015625 0.033203125
0 0.8583984375 0.357421875 0.01953125 0.037109375
0 0.8857421875 0.3583984375 0.017578125 0.041015625
0 0.76171875 0.40234375 0.04296875 0.021484375
0 0.76123046875 0.453125 0.0341796875 0.01953125
0 0.76171875 0.509765625 0.03515625 0.01953125
0 0.8740234375 0.7021484375 0.01953125 0.04296875
0 0.76025390625 0.5693359375 0.0380859375 0.021484375
0 0.8857421875 0.4345703125 0.044921875 0.041015625
0 0.8564453125 0.45166015625 0.03515625 0.0205078125
0 0.853515625 0.46923828125 0.037109375 0.0185546875
0 0.85546875 0.48876953125 0.03515625 0.0205078125
0 0.85693359375 0.5087890625 0.0341796875 0.01953125
0 0.85498046875 0.52783203125 0.0361328125 0.0205078125
0 0.85546875 0.5478515625 0.0390625 0.01953125
0 0.85546875 0.56689453125 0.041015625 0.0205078125
0 0.85693359375 0.5869140625 0.0361328125 0.01953125
0 0.85791015625 0.60546875 0.0439453125 0.021484375
0 0.81494140625 0.63720703125 0.0205078125 0.0419921875
0 0.953125 0.57666015625 0.041015625 0.0205078125
0 0.95263671875 0.6162109375 0.0400390625 0.021484375
0 0.9541015625 0.6435546875 0.0390625 0.021484375
0 0.95166015625 0.666015625 0.0458984375 0.021484375
0 0.95654296875 0.765625 0.0205078125 0.041015625
0 0.9794921875 0.763671875 0.01953125 0.03515625
0 0.99658203125 0.765625 0.0068359375 0.041015625
0 0.96142578125 0.8515625 0.0205078125 0.041015625
0 0.99609375 0.85205078125 0.0078125 0.0419921875
0 0.96337890625 0.8955078125 0.0185546875 0.037109375
0 0.982421875 0.892578125 0.01953125 0.041015625
0 0.9951171875 0.89306640625 0.009765625 0.0400390625
0 0.99560546875 0.97607421875 0.0087890625 0.0419921875
0 0.9814453125 0.97705078125 0.017578125 0.0361328125
0 0.84423828125 0.97802734375 0.0205078125 0.0419921875
0 0.88427734375 0.98046875 0.0205078125 0.03515625
0 0.90283203125 0.9794921875 0.0166015625 0.03515625
0 0.92138671875 0.9775390625 0.0185546875 0.03515625
0 0.94140625 0.9755859375 0.01953125 0.03515625
0 0.96142578125 0.98046875 0.0205078125 0.0390625
0 0.86279296875 0.998046875 0.0205078125 0.00390625
0 0.8828125 0.9990234375 0.01953125 0.001953125
0 0.943359375 0.9990234375 0.021484375 0.001953125
0 0.9951171875 0.9990234375 0.009765625 0.001953125
1 0.5615234375 0.01708984375 0.091796875 0.0322265625
