0 0.0302734375 0.99609375 0.01953125 0.0078125
0 0.125 0.9931640625 0.021484375 0.013671875
0 0.1533203125 0.994140625 0.021484375 0.01171875
0 0.1826171875 0.9951171875 0.01953125 0.009765625
0 0.2197265625 0.96630859375 0.0390625 0.0205078125
0 0.22216796875 0.994140625 0.0400390625 0.01171875
0 0.96826171875 0.8349609375 0.0439453125 0.0234375
0 0.7021484375 0.61083984375 0.01953125 0.0380859375
0 0.6220703125 0.9765625 0.021484375 0.0390625
0 0.7236328125 0.95263671875 0.041015625 0.0205078125
0 0.72509765625 0.93359375 0.0439453125 0.01953125
0 0.7265625 0.9130859375 0.0390625 0.01953125
0 0.72607421875 0.89404296875 0.0361328125 0.0224609375
0 0.73046875 0.873046875 0.037109375 0.021484375
0 0.7275390625 0.853515625 0.0390625 0.01953125
0 0.73095703125 0.83349609375 0.0361328125 0.0205078125
0 0.7275390625 0.814453125 0.037109375 0.01953125
0 0.724609375 0.77294921875 0.04296875 0.0205078125
0 0.68798828125 0.71875 0.0244140625 0.03515625
0 0.69482421875 0.66259765625 0.0224609375 0.0439453125
0 0.7041015625 0.529296875 0.01953125 0.041015625
0 0.88671875 0.8203125 0.0234375 0.048828125
0 0.705078125 0.46240234375 0.01953125 0.0400390625
0 0.888671875 0.52197265625 0.017578125 0.0380859375
0 0.9697265625 0.53466796875 0.04296875 0.0244140625
0 0.88623046875 0.6220703125 0.0205078125 0.0390625
0 0.95947265625 0.5986328125 0.0380859375 0.017578125
0 0.97119140625 0.6181640625 0.0439453125 0.01953125
0 0.88671875 0.669921875 0.01953125 0.0390625
0 0.96630859375 0.66064453125 0.0400390625 0.0205078125
0 0.88671875 0.73828125 0.021484375 0.04296875
0 0.9697265625 0.69482421875 0.04296875 0.0244140625
0 0.9716796875 0.7490234375 0.041015625 0.01953125
0 0.9736328125 0.72900390625 0.041015625 0.0224609375
0 0.583984375 0.9814453125 0.01953125 0.037109375
0 0.60400390625 0.97900390625 0.0185546875 0.0380859375
0 0.54345703125 0.97802734375 0.0205078125 0.0400390625
0 0.421875 0.59619140625 0.0390625 0.0205078125
0 0.24755859375 0.876953125 0.0205078125 0.04296875
0 0.333984375 0.76318359375 0.01953125 0.0439453125
0 0.35400390625 0.76513671875 0.0244140625 0.0458984375
0 0.376953125 0.7626953125 0.01953125 0.0390625
0 0.39990234375 0.7646484375 0.0185546875 0.0390625
0 0.3310546875 0.8486328125 0.01953125 0.0390625
0 0.31201171875 0.88818359375 0.0185546875 0.0361328125
0 0.3515625 0.845703125 0.017578125 0.037109375
0 0.33447265625 0.89208984375 0.0185546875 0.0439453125
0 0.35498046875 0.89208984375 0.0185546875 0.0380859375
0 0.37255859375 0.84912109375 0.0185546875 0.0419921875
0 0.37255859375 0.890625 0.0205078125 0.041015625
0 0.3916015625 0.8515625 0.01953125 0.041015625
0 0.39013671875 0.89013671875 0.0185546875 0.0361328125
0 0.41015625 0.853515625 0.01953125 0.0390625
0 0.41357421875 0.89306640625 0.0205078125 0.0380859375
0 0.42822265625 0.4208984375 0.0322265625 0.01953125
0 0.42724609375 0.43896484375 0.0380859375 0.0205078125
0 0.42724609375 0.46142578125 0.0400390625 0.0205078125
0 0.4267578125 0.478515625 0.041015625 0.01953125
0 0.42431640625 0.4970703125 0.0361328125 0.01953125
0 0.42529296875 0.5185546875 0.0458984375 0.01953125
0 0.42626953125 0.53857421875 0.0380859375 0.0224609375
0 0.41845703125 0.55615234375 0.0380859375 0.0185546875
0 0.30908203125 0.78076171875 0.0263671875 0.0400390625
0 0.3857421875 0.70263671875 0.017578125 0.0400390625
0 0.365234375 0.70068359375 0.017578125 0.0439453125
0 0.228515625 0.4814453125 0.037109375 0.01953125
0 0.3017578125 0.11376953125 0.017578125 0.0419921875
0 0.31005859375 0.1904296875 0.0283203125 0.041015625
0 0.32861328125 0.107421875 0.0185546875 0.03515625
0 0.33154296875 0.14990234375 0.0263671875 0.0419921875
0 0.34912109375 0.19970703125 0.0341796875 0.0419921875
0 0.3828125 0.2373046875 0.041015625 0.033203125
0 0.3251953125 0.357421875 0.01953125 0.037109375
0 0.3525390625 0.3583984375 0.017578125 0.041015625
0 0.228515625 0.40234375 0.04296875 0.021484375
0 0.22802734375 0.453125 0.0341796875 0.01953125
0 0.228515625 0.509765625 0.03515625 0.01953125
0 0.3408203125 0.7021484375 0.01953125 0.04296875
0 0.22705078125 0.5693359375 0.0380859375 0.021484375
0 0.3525390625 0.4345703125 0.044921875 0.041015625
0 0.3232421875 0.45166015625 0.03515625 0.0205078125
0 0.3203125 0.46923828125 0.037109375 0.0185546875
0 0.322265625 0.48876953125 0.03515625 0.0205078125
0 0.32373046875 0.5087890625 0.0341796875 0.01953125
0 0.32177734375 0.52783203125 0.0361328125 0.0205078125
0 0.322265625 0.5478515625 0.0390625 0.01953125
0 0.322265625 0.56689453125 0.041015625 0.0205078125
0 0.32373046875 0.5869140625 0.0361328125 0.01953125
0 0.32470703125 0.60546875 0.0439453125 0.021484375
0 0.28173828125 0.63720703125 0.0205078125 0.0419921875
0 0.419921875 0.57666015625 0.041015625 0.0205078125
0 0.41943359375 0.6162109375 0.0400390625 0.021484375
0 0.52392578125 0.978515625 0.0185546875 0.04296875
0 0.4208984375 0.6435546875 0.0390625 0.021484375
0 0.41845703125 0.666015625 0.0458984375 0.021484375
0 0.42333984375 0.765625 0.0205078125 0.041015625
0 0.4462890625 0.763671875 0.01953125 0.03515625
0 0.46923828125 0.765625 0.0185546875 0.041015625
0 0.49169921875 0.76611328125 0.0185546875 0.0419921875
0 0.513671875 0.7626953125 0.01953125 0.037109375
0 0.53759765625 0.76318359375 0.0185546875 0.0322265625
0 0.55859375 0.76611328125 0.01953125 0.0400390625
0 0.58349609375 0.76318359375 0.0185546875 0.0361328125
0 0.42822265625 0.8515625 0.0205078125 0.041015625
0 0.46923828125 0.85302734375 0.0205078125 0.0439453125
0 0.490234375 0.85009765625 0.021484375 0.0400390625
0 0.509765625 0.84765625 0.01953125 0.04296875
0 0.52783203125 0.8505859375 0.0185546875 0.037109375
0 0.43017578125 0.8955078125 0.0185546875 0.037109375
0 0.44921875 0.892578125 0.01953125 0.041015625
0 0.46728515625 0.89306640625 0.0205078125 0.0400390625
0 0.486328125 0.89306640625 0.01953125 0.0400390625
0 0.50830078125 0.88916015625 0.0205078125 0.0400390625
0 0.52734375 0.892578125 0.021484375 0.0390625
0 0.62158203125 0.79443359375 0.0341796875 0.0205078125
0 0.619140625 0.814453125 0.041015625 0.01953125
0 0.619140625 0.8349609375 0.037109375 0.01953125
0 0.61181640625 0.8720703125 0.0341796875 0.01953125
0 0.61474609375 0.892578125 0.0419921875 0.021484375
0 0.46826171875 0.97607421875 0.0205078125 0.0419921875
0 0.50439453125 0.974609375 0.0185546875 0.03515625
0 0.4482421875 0.97705078125 0.017578125 0.0361328125
0 0.31103515625 0.97802734375 0.0205078125 0.0419921875
0 0.35107421875 0.98046875 0.0205078125 0.03515625
0 0.36962890625 0.9794921875 0.0166015625 0.03515625
0 0.38818359375 0.9775390625 0.0185546875 0.03515625
0 0.408203125 0.9755859375 0.01953125 0.03515625
0 0.42822265625 0.98046875 0.0205078125 0.0390625
0 0.32958984375 0.998046875 0.0205078125 0.00390625
0 0.349609375 0.9990234375 0.01953125 0.001953125
0 0.41015625 0.9990234375 0.021484375 0.001953125
0 0.505859375 0.99951171875 0.017578125 0.0009765625
1 0.03759765625 0.015625 0.0732421875 0.029296875
