4 0.9951171875 0.0224609375 0.009765625 0.04296875
4 0.89697265625 0.02099609375 0.0244140625 0.0400390625
4 0.86279296875 0.02783203125 0.0302734375 0.0537109375
4 0.18701171875 0.060546875 0.0263671875 0.080078125
4 0.22509765625 0.06005859375 0.0283203125 0.0732421875
4 0.3359375 0.05224609375 0.03125 0.0849609375
4 0.529296875 0.04443359375 0.02734375 0.0810546875
4 0.759765625 0.0322265625 0.025390625 0.0625
4 0.7939453125 0.03466796875 0.03125 0.0673828125
4 0.82763671875 0.0322265625 0.0244140625 0.0625
4 0.96630859375 0.029296875 0.0263671875 0.056640625
4 0.60693359375 0.0439453125 0.0341796875 0.0859375
4 0.06640625 0.0693359375 0.02734375 0.087890625
4 0.5673828125 0.04541015625 0.033203125 0.0888671875
4 0.4892578125 0.048828125 0.025390625 0.080078125
4 0.435546875 0.05517578125 0.05859375 0.0908203125
4 0.38232421875 0.05419921875 0.0302734375 0.0810546875
4 0.2978515625 0.06640625 0.03515625 0.087890625
4 0.25830078125 0.060546875 0.0244140625 0.080078125
4 0.14794921875 0.06689453125 0.0341796875 0.0927734375
4 0.1103515625 0.06787109375 0.037109375 0.0927734375
4 0.0283203125 0.07275390625 0.03125 0.0947265625
4 0.29541015625 0.705078125 0.0302734375 0.087890625
4 0.0390625 0.72216796875 0.056640625 0.0966796875
4 0.0556640625 0.84716796875 0.037109375 0.1044921875
4 0.11376953125 0.8525390625 0.0380859375 0.10546875
4 0.263671875 0.83203125 0.033203125 0.091796875
4 0.5869140625 0.69140625 0.02734375 0.095703125
5 0.50048828125 0.05029296875 0.9990234375 0.0986328125
5 0.5078125 0.33935546875 0.984375 0.2373046875
4 0.3330078125 0.6982421875 0.033203125 0.103515625
4 0.54931640625 0.6884765625 0.0322265625 0.099609375
4 0.12744140625 0.43017578125 0.0283203125 0.0869140625
4 0.904296875 0.255859375 0.02734375 0.068359375
4 0.86767578125 0.26171875 0.0322265625 0.07421875
4 0.71826171875 0.26904296875 0.0322265625 0.0771484375
4 0.63720703125 0.26513671875 0.0341796875 0.0869140625
4 0.55126953125 0.26806640625 0.0302734375 0.0947265625
4 0.59521484375 0.26806640625 0.0283203125 0.0888671875
4 0.2158203125 0.28564453125 0.03515625 0.0927734375
4 0.25537109375 0.28515625 0.0361328125 0.08984375
4 0.0556640625 0.408203125 0.01953125 0.048828125
4 0.9970703125 0.25341796875 0.005859375 0.0771484375
4 0.21875 0.41064453125 0.03125 0.0771484375
4 0.2626953125 0.4111328125 0.033203125 0.091796875
4 0.306640625 0.41748046875 0.0390625 0.1181640625
4 0.43408203125 0.40234375 0.0302734375 0.0859375
4 0.47265625 0.396484375 0.03125 0.091796875
4 0.51611328125 0.40478515625 0.0400390625 0.0888671875
4 0.55810546875 0.40185546875 0.0322265625 0.0888671875
4 0.6005859375 0.39892578125 0.03515625 0.1083984375
4 0.93896484375 0.25830078125 0.0302734375 0.0634765625
4 0.759765625 0.2734375 0.02734375 0.060546875
4 0.76025390625 0.3798828125 0.0302734375 0.08984375
4 0.08740234375 0.29833984375 0.0458984375 0.0205078125
4 0.98046875 0.3671875 0.033203125 0.08984375
4 0.72412109375 0.3828125 0.0283203125 0.08203125
4 0.642578125 0.38330078125 0.02734375 0.0830078125
4 0.390625 0.4072265625 0.03515625 0.1015625
4 0.34619140625 0.4130859375 0.0361328125 0.095703125
4 0.095703125 0.46044921875 0.025390625 0.0498046875
4 0.09326171875 0.400390625 0.0263671875 0.048828125
4 0.1748046875 0.27880859375 0.03125 0.0517578125
4 0.79248046875 0.267578125 0.0302734375 0.068359375
4 0.13525390625 0.3330078125 0.0224609375 0.015625
4 0.37890625 0.287109375 0.03125 0.076171875
4 0.2958984375 0.2880859375 0.033203125 0.0859375
4 0.51123046875 0.2744140625 0.0322265625 0.0859375
4 0.4619140625 0.28076171875 0.0234375 0.0595703125
4 0.4267578125 0.28271484375 0.033203125 0.0732421875
4 0.97607421875 0.25537109375 0.0341796875 0.0771484375
4 0.83544921875 0.26416015625 0.0263671875 0.0634765625
4 0.68505859375 0.388671875 0.0341796875 0.09375
4 0.80029296875 0.3818359375 0.0302734375 0.08203125
4 0.4609375 0.70361328125 0.033203125 0.0791015625
4 0.89892578125 0.6806640625 0.0302734375 0.080078125
4 0.974609375 0.7861328125 0.025390625 0.07421875
4 0.86328125 0.6904296875 0.02734375 0.0703125
4 0.90283203125 0.79150390625 0.0322265625 0.0830078125
4 0.80810546875 0.8095703125 0.0341796875 0.1015625
4 0.76513671875 0.8125 0.0263671875 0.09375
4 0.72265625 0.8134765625 0.037109375 0.1015625
4 0.638671875 0.82568359375 0.033203125 0.1103515625
4 0.51171875 0.8251953125 0.037109375 0.103515625
4 0.38232421875 0.8330078125 0.0380859375 0.1015625
4 0.427734375 0.83544921875 0.0390625 0.1064453125
4 0.34130859375 0.83837890625 0.0361328125 0.1123046875
4 0.6796875 0.82861328125 0.033203125 0.1103515625
4 0.8349609375 0.36572265625 0.033203125 0.0771484375
4 0.71142578125 0.68798828125 0.0244140625 0.0732421875
4 0.93408203125 0.6806640625 0.0224609375 0.068359375
4 0.99609375 0.68505859375 0.0078125 0.0673828125
4 0.96875 0.6826171875 0.025390625 0.06640625
4 0.50439453125 0.69921875 0.0322265625 0.087890625
4 0.59228515625 0.828125 0.0361328125 0.11328125
4 0.37841796875 0.69677734375 0.0380859375 0.0966796875
4 0.2529296875 0.70556640625 0.037109375 0.1025390625
4 0.1669921875 0.7109375 0.0390625 0.09765625
4 0.10595703125 0.7109375 0.0400390625 0.09375
4 0.2197265625 0.84228515625 0.041015625 0.1044921875
4 0.302734375 0.83349609375 0.03125 0.1025390625
4 0.26416015625 0.88720703125 0.0283203125 0.0185546875
4 0.46923828125 0.8232421875 0.0341796875 0.1015625
