2 0.03857421875 0.974609375 0.0615234375 0.05078125
2 0.345703125 0.6953125 0.08203125 0.09765625
2 0.14794921875 0.66455078125 0.1318359375 0.1279296875
2 0.462890625 0.62744140625 0.181640625 0.1748046875
2 0.23779296875 0.5654296875 0.1103515625 0.1015625
2 0.2314453125 0.486328125 0.09765625 0.078125
2 0.01611328125 0.45849609375 0.0302734375 0.0791015625
2 0.21630859375 0.32666015625 0.1005859375 0.0830078125
2 0.03955078125 0.33203125 0.0771484375 0.14453125
2 0.015625 0.20556640625 0.029296875 0.0810546875
2 0.4736328125 0.94384765625 0.083984375 0.0791015625
2 0.84619140625 0.1318359375 0.0966796875 0.083984375
2 0.748046875 0.2607421875 0.12890625 0.13671875
2 0.76416015625 0.447265625 0.0712890625 0.095703125
2 0.431640625 0.4423828125 0.091796875 0.083984375
2 0.4287109375 0.5263671875 0.07421875 0.05859375
2 0.65771484375 0.62353515625 0.1142578125 0.1044921875
2 0.666015625 0.541015625 0.11328125 0.09765625
2 0.89404296875 0.59716796875 0.1083984375 0.1181640625
