2 0.95849609375 0.90625 0.0810546875 0.072265625
2 0.9580078125 0.79345703125 0.072265625 0.0517578125
2 0.95458984375 0.6826171875 0.0791015625 0.0703125
2 0.75439453125 0.67431640625 0.0927734375 0.0751953125
2 0.962890625 0.45751953125 0.07421875 0.0498046875
2 0.298828125 0.96826171875 0.078125 0.0634765625
2 0.1064453125 0.9755859375 0.056640625 0.046875
2 0.09912109375 0.90478515625 0.0751953125 0.0556640625
2 0.310546875 0.8173828125 0.09375 0.0625
2 0.0927734375 0.8447265625 0.060546875 0.044921875
2 0.10107421875 0.78662109375 0.0771484375 0.0556640625
2 0.0966796875 0.72607421875 0.060546875 0.0556640625
2 0.09765625 0.66943359375 0.056640625 0.0478515625
2 0.310546875 0.65380859375 0.0703125 0.0576171875
2 0.09912109375 0.61181640625 0.0595703125 0.0458984375
2 0.10009765625 0.556640625 0.0693359375 0.0625
2 0.31103515625 0.59375 0.0712890625 0.0546875
2 0.248046875 0.30908203125 0.095703125 0.0712890625
2 0.52490234375 0.314453125 0.0849609375 0.06640625
2 0.74169921875 0.45166015625 0.0927734375 0.0712890625
