1 0.90478515625 0.296875 0.0361328125 0.07421875
1 0.43310546875 0.23291015625 0.0556640625 0.0966796875
1 0.73974609375 0.3515625 0.0595703125 0.095703125
1 0.7705078125 0.34912109375 0.064453125 0.0966796875
1 0.8232421875 0.33251953125 0.064453125 0.0966796875
1 0.6142578125 0.31201171875 0.10546875 0.0556640625
1 0.41015625 0.3701171875 0.103515625 0.044921875
1 0.22265625 0.40771484375 0.109375 0.0537109375
1 0.11865234375 0.4326171875 0.0908203125 0.0390625
1 0.158203125 0.37255859375 0.103515625 0.0517578125
1 0.2958984375 0.33154296875 0.111328125 0.0439453125
1 0.40966796875 0.306640625 0.1005859375 0.046875
1 0.53662109375 0.19482421875 0.0595703125 0.0947265625
1 0.51416015625 0.20849609375 0.0556640625 0.0888671875
1 0.48876953125 0.216796875 0.0537109375 0.09375
1 0.46142578125 0.22509765625 0.0537109375 0.0947265625
1 0.3818359375 0.2509765625 0.0546875 0.091796875
1 0.353515625 0.2548828125 0.048828125 0.091796875
1 0.3291015625 0.255859375 0.05078125 0.09375
1 0.3037109375 0.26025390625 0.05078125 0.0986328125
1 0.271484375 0.26318359375 0.041015625 0.0927734375
1 0.2431640625 0.26904296875 0.04296875 0.0966796875
1 0.212890625 0.27880859375 0.048828125 0.0986328125
1 0.181640625 0.29541015625 0.046875 0.1005859375
1 0.1279296875 0.31298828125 0.044921875 0.0966796875
1 0.09912109375 0.31591796875 0.0439453125 0.0966796875
1 0.0322265625 0.404296875 0.0625 0.044921875
1 0.04541015625 0.32080078125 0.0380859375 0.0986328125
1 0.02099609375 0.32666015625 0.0400390625 0.0986328125
1 0.70703125 0.34033203125 0.056640625 0.0947265625
1 0.68408203125 0.36181640625 0.0556640625 0.0966796875
1 0.6591796875 0.369140625 0.056640625 0.09765625
1 0.6337890625 0.380859375 0.0546875 0.09765625
1 0.1767578125 0.5927734375 0.05078125 0.09765625
1 0.15234375 0.60009765625 0.046875 0.0966796875
1 0.13134765625 0.61279296875 0.0517578125 0.0966796875
1 0.10791015625 0.62353515625 0.0517578125 0.0966796875
1 0.0791015625 0.62939453125 0.0546875 0.0986328125
1 0.01416015625 0.55029296875 0.0263671875 0.0908203125
1 0.02490234375 0.5380859375 0.0478515625 0.09765625
1 0.04833984375 0.53125 0.0498046875 0.099609375
1 0.07421875 0.5263671875 0.05078125 0.09765625
1 0.09619140625 0.5078125 0.0517578125 0.09765625
1 0.12109375 0.50244140625 0.052734375 0.0986328125
1 0.14453125 0.49853515625 0.05078125 0.0986328125
1 0.1689453125 0.490234375 0.052734375 0.09765625
1 0.2001953125 0.49072265625 0.056640625 0.0986328125
1 0.224609375 0.482421875 0.048828125 0.095703125
1 0.248046875 0.47314453125 0.05078125 0.0947265625
1 0.27490234375 0.46142578125 0.0498046875 0.0966796875
1 0.30322265625 0.4521484375 0.0498046875 0.09765625
1 0.33154296875 0.44384765625 0.0517578125 0.0966796875
1 0.3623046875 0.44921875 0.05078125 0.095703125
1 0.39208984375 0.4482421875 0.0537109375 0.099609375
1 0.42041015625 0.4443359375 0.0498046875 0.09765625
1 0.4482421875 0.43896484375 0.052734375 0.0966796875
1 0.47412109375 0.43115234375 0.0498046875 0.0947265625
1 0.5 0.41796875 0.0546875 0.095703125
1 0.52880859375 0.41455078125 0.0537109375 0.0927734375
1 0.55615234375 0.40576171875 0.0556640625 0.0966796875
1 0.58203125 0.396484375 0.05859375 0.09375
1 0.60791015625 0.388671875 0.0576171875 0.095703125
0 0.69775390625 0.2783203125 0.0498046875 0.033203125
1 0.04345703125 0.0048828125 0.0244140625 0.0078125
1 0.01708984375 0.00537109375 0.0205078125 0.0087890625
1 0.2568359375 0.01171875 0.103515625 0.021484375
1 0.04443359375 0.21484375 0.0517578125 0.09765625
1 0.0234375 0.2197265625 0.044921875 0.095703125
1 0.03173828125 0.14697265625 0.0615234375 0.0361328125
1 0.041015625 0.0615234375 0.080078125 0.037109375
1 0.138671875 0.01953125 0.099609375 0.037109375
1 0.04443359375 0.033203125 0.0869140625 0.037109375
1 0.11865234375 0.12646484375 0.0986328125 0.0439453125
1 0.23388671875 0.103515625 0.1025390625 0.037109375
1 0.1494140625 0.18798828125 0.048828125 0.0986328125
1 0.1884765625 0.17578125 0.048828125 0.09765625
1 0.21923828125 0.17431640625 0.0498046875 0.0986328125
1 0.24951171875 0.1689453125 0.0478515625 0.09765625
1 0.30224609375 0.15869140625 0.0478515625 0.0966796875
1 0.32861328125 0.1513671875 0.0458984375 0.095703125
1 0.35400390625 0.1484375 0.0458984375 0.09765625
1 0.376953125 0.142578125 0.04296875 0.095703125
1 0.40283203125 0.13525390625 0.0458984375 0.0986328125
1 0.4296875 0.12890625 0.044921875 0.095703125
1 0.45849609375 0.1220703125 0.0517578125 0.099609375
1 0.484375 0.11181640625 0.041015625 0.0947265625
1 0.5107421875 0.1015625 0.041015625 0.095703125
1 0.23193359375 0.58349609375 0.0556640625 0.0947265625
1 0.203125 0.5849609375 0.052734375 0.09765625
1 0.26025390625 0.57666015625 0.0498046875 0.0947265625
0 0.283203125 0.8447265625 0.04296875 0.052734375
0 0.2578125 0.85888671875 0.04296875 0.0576171875
0 0.22998046875 0.8720703125 0.0283203125 0.03515625
0 0.2080078125 0.8837890625 0.04296875 0.0546875
0 0.185546875 0.8984375 0.04296875 0.052734375
0 0.125 0.91845703125 0.0390625 0.0498046875
0 0.0966796875 0.9248046875 0.041015625 0.056640625
0 0.06591796875 0.93408203125 0.0380859375 0.0517578125
0 0.01611328125 0.91455078125 0.0302734375 0.0380859375
1 0.28564453125 0.56982421875 0.0498046875 0.0966796875
0 0.0263671875 0.71484375 0.05078125 0.044921875
0 0.037109375 0.74267578125 0.048828125 0.0419921875
0 0.052734375 0.7646484375 0.05078125 0.037109375
0 0.06640625 0.7841796875 0.05078125 0.041015625
0 0.07763671875 0.80712890625 0.0517578125 0.0439453125
0 0.3056640625 0.83349609375 0.041015625 0.0556640625
0 0.33056640625 0.82470703125 0.0419921875 0.0537109375
0 0.9306640625 0.38427734375 0.021484375 0.0400390625
0 0.9482421875 0.2939453125 0.037109375 0.01953125
0 0.13623046875 0.70751953125 0.0400390625 0.0185546875
0 0.49951171875 0.34375 0.0654296875 0.03515625
0 0.4453125 0.00390625 0.068359375 0.005859375
0 0.638671875 0.01123046875 0.037109375 0.0185546875
0 0.59326171875 0.03369140625 0.0244140625 0.0517578125
0 0.65087890625 0.0341796875 0.0517578125 0.017578125
0 0.64892578125 0.05859375 0.0634765625 0.01953125
1 0.81689453125 0.17626953125 0.0302734375 0.0927734375
1 0.79150390625 0.18798828125 0.0263671875 0.0966796875
0 0.65478515625 0.107421875 0.0244140625 0.04296875
0 0.68505859375 0.1376953125 0.0185546875 0.04296875
0 0.70849609375 0.14990234375 0.0185546875 0.0419921875
0 0.7314453125 0.154296875 0.017578125 0.044921875
0 0.92138671875 0.15966796875 0.0224609375 0.0478515625
0 0.8857421875 0.15576171875 0.025390625 0.0458984375
0 0.8330078125 0.154296875 0.017578125 0.04296875
0 0.9638671875 0.142578125 0.041015625 0.021484375
0 0.96435546875 0.169921875 0.0419921875 0.021484375
0 0.90234375 0.20654296875 0.03515625 0.0419921875
0 0.9775390625 0.24267578125 0.044921875 0.0166015625
0 0.95751953125 0.2646484375 0.0361328125 0.017578125
0 0.95458984375 0.31787109375 0.0380859375 0.0224609375
1 0.57177734375 0.68798828125 0.0537109375 0.0986328125
1 0.599609375 0.68115234375 0.05859375 0.1005859375
1 0.62646484375 0.67041015625 0.0556640625 0.0966796875
1 0.65966796875 0.6591796875 0.0595703125 0.095703125
1 0.685546875 0.65087890625 0.05859375 0.0947265625
1 0.7109375 0.6435546875 0.056640625 0.095703125
1 0.734375 0.62548828125 0.056640625 0.0986328125
1 0.7861328125 0.61376953125 0.056640625 0.0966796875
1 0.81591796875 0.60498046875 0.0615234375 0.0986328125
1 0.8505859375 0.5810546875 0.052734375 0.095703125
1 0.88037109375 0.576171875 0.0576171875 0.09765625
1 0.95458984375 0.46630859375 0.0576171875 0.0947265625
1 0.8037109375 0.439453125 0.056640625 0.09375
1 0.77734375 0.4462890625 0.0546875 0.095703125
1 0.74169921875 0.4375 0.0517578125 0.09765625
1 0.71142578125 0.45458984375 0.0478515625 0.0927734375
1 0.68701171875 0.46728515625 0.0517578125 0.0947265625
1 0.66015625 0.47998046875 0.05078125 0.0927734375
1 0.6318359375 0.48583984375 0.046875 0.0947265625
1 0.6044921875 0.4912109375 0.048828125 0.095703125
1 0.578125 0.501953125 0.044921875 0.08984375
1 0.55029296875 0.50927734375 0.0439453125 0.0927734375
1 0.52197265625 0.517578125 0.0517578125 0.095703125
1 0.478515625 0.53076171875 0.052734375 0.0927734375
1 0.4501953125 0.53564453125 0.05078125 0.0888671875
1 0.42431640625 0.5400390625 0.0478515625 0.087890625
1 0.39453125 0.54248046875 0.05078125 0.0927734375
1 0.36328125 0.53759765625 0.0546875 0.0927734375
1 0.33642578125 0.548828125 0.0498046875 0.09375
1 0.3115234375 0.5595703125 0.05078125 0.095703125
1 0.54443359375 0.6962890625 0.0576171875 0.09765625
1 0.5205078125 0.7060546875 0.05859375 0.099609375
1 0.49365234375 0.712890625 0.0517578125 0.095703125
1 0.09912109375 0.20166015625 0.0498046875 0.0947265625
1 0.072265625 0.208984375 0.048828125 0.095703125
1 0.25927734375 0.7880859375 0.0927734375 0.052734375
1 0.35986328125 0.7783203125 0.0498046875 0.09765625
1 0.39306640625 0.7646484375 0.0517578125 0.09375
1 0.42236328125 0.75146484375 0.0517578125 0.0966796875
1 0.44580078125 0.7421875 0.0576171875 0.09765625
1 0.4697265625 0.73046875 0.056640625 0.095703125
