2 0.33984375 0.97412109375 0.080078125 0.0517578125
2 0.60888671875 0.29736328125 0.1123046875 0.1083984375
2 0.73974609375 0.4296875 0.1025390625 0.0859375
2 0.72314453125 0.54296875 0.0966796875 0.078125
2 0.4775390625 0.53564453125 0.0859375 0.1142578125
2 0.7109375 0.85986328125 0.103515625 0.0791015625
2 0.71142578125 0.955078125 0.1064453125 0.08984375
2 0.3251953125 0.8681640625 0.07421875 0.07421875
2 0.353515625 0.58154296875 0.091796875 0.0693359375
2 0.349609375 0.49169921875 0.09375 0.0732421875
2 0.36865234375 0.173828125 0.0771484375 0.0625
2 0.3759765625 0.09326171875 0.1015625 0.0849609375
2 0.365234375 0.0205078125 0.06640625 0.0390625
2 0.49072265625 0.16064453125 0.0927734375 0.1044921875
2 0.95068359375 0.0634765625 0.0947265625 0.080078125
2 0.93212890625 0.77490234375 0.1025390625 0.0830078125
2 0.93896484375 0.404296875 0.1025390625 0.080078125
2 0.9541015625 0.3154296875 0.091796875 0.072265625
2 0.94580078125 0.171875 0.0986328125 0.068359375
2 0.7470703125 0.078125 0.09765625 0.078125
2 0.7490234375 0.01171875 0.1015625 0.021484375
