8 0.95556640625 0.8271484375 0.0888671875 0.0625
8 0.9609375 0.75146484375 0.078125 0.0576171875
8 0.9638671875 0.67236328125 0.072265625 0.0576171875
8 0.96923828125 0.57373046875 0.0615234375 0.0576171875
0 0.05078125 0.560546875 0.0390625 0.01953125
8 0.8310546875 0.814453125 0.111328125 0.0625
8 0.84033203125 0.73681640625 0.1103515625 0.0595703125
8 0.84814453125 0.65771484375 0.1103515625 0.0615234375
8 0.86083984375 0.56103515625 0.1083984375 0.0615234375
0 0.05029296875 0.56201171875 0.0400390625 0.0205078125
