8 0.36572265625 0.97607421875 0.0986328125 0.0478515625
7 0.17626953125 0.80517578125 0.3505859375 0.2880859375
7 0.09375 0.27392578125 0.185546875 0.2333984375
7 0.55615234375 0.42138671875 0.7158203125 0.8408203125
0 0.7939453125 0.916015625 0.02734375 0.03515625
0 0.71630859375 0.86083984375 0.0263671875 0.0400390625
0 0.76953125 0.84228515625 0.02734375 0.0400390625
0 0.79931640625 0.9951171875 0.0146484375 0.009765625
0 0.76806640625 0.9228515625 0.0244140625 0.03515625
0 0.80615234375 0.82861328125 0.0244140625 0.0400390625
