2 0.01416015625 0.9775390625 0.0263671875 0.044921875
2 0.1064453125 0.65625 0.083984375 0.0859375
2 0.2119140625 0.61474609375 0.115234375 0.1064453125
2 0.2158203125 0.71240234375 0.087890625 0.0771484375
2 0.2314453125 0.78857421875 0.099609375 0.0986328125
2 0.21142578125 0.87548828125 0.0966796875 0.0986328125
2 0.49609375 0.68798828125 0.109375 0.1005859375
2 0.49560546875 0.77099609375 0.0986328125 0.0849609375
2 0.505859375 0.853515625 0.087890625 0.076171875
2 0.8046875 0.92138671875 0.103515625 0.0830078125
2 0.87841796875 0.34765625 0.0908203125 0.091796875
2 0.966796875 0.9560546875 0.06640625 0.087890625
