2 0.7841796875 0.98486328125 0.09765625 0.0302734375
2 0.78759765625 0.18798828125 0.0927734375 0.0751953125
2 0.6943359375 0.06103515625 0.09765625 0.0966796875
2 0.69287109375 0.01220703125 0.0712890625 0.0224609375
2 0.98388671875 0.06201171875 0.0322265625 0.0810546875
2 0.01513671875 0.7158203125 0.0283203125 0.12890625
2 0.111328125 0.203125 0.17578125 0.15625
2 0.388671875 0.17138671875 0.166015625 0.1474609375
2 0.40185546875 0.3134765625 0.1630859375 0.138671875
2 0.16357421875 0.93359375 0.1591796875 0.1328125
2 0.44921875 0.97509765625 0.134765625 0.0498046875
