4 0.54248046875 0.60205078125 0.0537109375 0.0322265625
4 0.0302734375 0.46826171875 0.0234375 0.0517578125
4 0.11279296875 0.4091796875 0.0361328125 0.115234375
4 0.15966796875 0.40234375 0.0322265625 0.109375
4 0.2099609375 0.4091796875 0.04296875 0.1328125
4 0.255859375 0.4033203125 0.0390625 0.11328125
4 0.298828125 0.40625 0.037109375 0.123046875
4 0.3935546875 0.38427734375 0.0390625 0.1005859375
4 0.33642578125 0.24853515625 0.0400390625 0.1064453125
4 0.248046875 0.2568359375 0.037109375 0.09375
4 0.193359375 0.2578125 0.048828125 0.10546875
4 0.0576171875 0.26318359375 0.0390625 0.0869140625
4 0.01806640625 0.26416015625 0.0341796875 0.0966796875
4 0.3935546875 0.2431640625 0.021484375 0.0546875
4 0.2939453125 0.26806640625 0.02734375 0.0732421875
4 0.14404296875 0.2724609375 0.0244140625 0.0625
4 0.21630859375 0.77392578125 0.0419921875 0.1005859375
5 0.2822265625 0.79345703125 0.5625 0.1708984375
5 0.21240234375 0.3330078125 0.4228515625 0.251953125
4 0.0703125 0.41015625 0.044921875 0.142578125
4 0.125 0.7490234375 0.021484375 0.048828125
4 0.34033203125 0.78955078125 0.0322265625 0.0791015625
4 0.3740234375 0.7822265625 0.025390625 0.060546875
4 0.4990234375 0.78173828125 0.0234375 0.0615234375
4 0.01611328125 0.7568359375 0.0244140625 0.046875
4 0.04833984375 0.7578125 0.0244140625 0.0546875
4 0.4306640625 0.03173828125 0.0390625 0.0244140625
4 0.4375 0.0625 0.044921875 0.02734375
4 0.0986328125 0.0029296875 0.029296875 0.00390625
4 0.0107421875 0.0166015625 0.01953125 0.03125
