2 0.4189453125 0.45556640625 0.1484375 0.1416015625
2 0.69970703125 0.75244140625 0.1513671875 0.1416015625
2 0.64013671875 0.87060546875 0.1708984375 0.1611328125
2 0.373046875 0.85986328125 0.099609375 0.0927734375
2 0.3671875 0.7509765625 0.095703125 0.091796875
2 0.19873046875 0.34375 0.1435546875 0.140625
2 0.0859375 0.30126953125 0.142578125 0.1416015625
2 0.11669921875 0.119140625 0.1552734375 0.138671875
2 0.966796875 0.39453125 0.06640625 0.146484375
2 0.85302734375 0.37353515625 0.1005859375 0.1083984375
2 0.72216796875 0.3037109375 0.1572265625 0.154296875
2 0.58056640625 0.232421875 0.1572265625 0.173828125
2 0.3134765625 0.10107421875 0.14453125 0.1357421875
2 0.21435546875 0.7021484375 0.0908203125 0.09765625
2 0.03076171875 0.580078125 0.0595703125 0.09765625
