2 0.0283203125 0.06494140625 0.0546875 0.1279296875
2 0.423828125 0.94091796875 0.087890625 0.0771484375
2 0.990234375 0.931640625 0.01953125 0.083984375
2 0.88720703125 0.091796875 0.0634765625 0.064453125
2 0.466796875 0.224609375 0.080078125 0.083984375
2 0.52734375 0.1318359375 0.09765625 0.10546875
2 0.572265625 0.0390625 0.0703125 0.076171875
2 0.3623046875 0.2744140625 0.15625 0.177734375
2 0.0302734375 0.55224609375 0.05859375 0.0693359375
2 0.1728515625 0.55029296875 0.18359375 0.1904296875
2 0.06298828125 0.46728515625 0.1240234375 0.1435546875
