2 0.03466796875 0.55419921875 0.0673828125 0.1728515625
2 0.07568359375 0.37109375 0.1494140625 0.19921875
2 0.90869140625 0.03076171875 0.1572265625 0.0595703125
2 0.861328125 0.14453125 0.21484375 0.203125
2 0.6640625 0.2568359375 0.18359375 0.189453125
2 0.53125 0.5595703125 0.21484375 0.216796875
2 0.2626953125 0.666015625 0.224609375 0.203125
2 0.2119140625 0.8505859375 0.263671875 0.244140625
2 0.8251953125 0.662109375 0.146484375 0.13671875
2 0.9873046875 0.51953125 0.025390625 0.203125
2 0.9169921875 0.39453125 0.166015625 0.2421875
