2 0.3173828125 0.6005859375 0.072265625 0.076171875
2 0.00390625 0.80810546875 0.005859375 0.0810546875
2 0.0908203125 0.81396484375 0.05859375 0.0771484375
2 0.16748046875 0.81591796875 0.0751953125 0.0771484375
2 0.234375 0.80810546875 0.048828125 0.0595703125
2 0.2919921875 0.8134765625 0.044921875 0.056640625
2 0.40625 0.7099609375 0.05078125 0.06640625
2 0.46142578125 0.708984375 0.0478515625 0.05859375
2 0.52490234375 0.7138671875 0.0439453125 0.056640625
2 0.00244140625 0.3984375 0.0029296875 0.0546875
2 0.88232421875 0.015625 0.0673828125 0.029296875
2 0.88232421875 0.0986328125 0.0732421875 0.0703125
2 0.58837890625 0.81640625 0.0634765625 0.076171875
2 0.654296875 0.8203125 0.0625 0.07421875
2 0.7177734375 0.8212890625 0.0625 0.078125
2 0.75537109375 0.8994140625 0.0595703125 0.052734375
2 0.7158203125 0.96142578125 0.0546875 0.0517578125
2 0.8125 0.958984375 0.076171875 0.06640625
2 0.73046875 0.9970703125 0.056640625 0.005859375
2 0.50048828125 0.9931640625 0.0576171875 0.013671875
