2 0.28125 0.583984375 0.111328125 0.11328125
2 0.37255859375 0.58251953125 0.0712890625 0.0791015625
2 0.45166015625 0.58349609375 0.0712890625 0.0830078125
2 0.6220703125 0.5947265625 0.103515625 0.125
2 0.783203125 0.58203125 0.06640625 0.072265625
2 0.701171875 0.59375 0.0703125 0.1015625
2 0.7666015625 0.33154296875 0.10546875 0.1220703125
2 0.9833984375 0.23388671875 0.033203125 0.0517578125
2 0.98193359375 0.2822265625 0.0361328125 0.052734375
2 0.9814453125 0.333984375 0.037109375 0.046875
2 0.9814453125 0.3798828125 0.037109375 0.04296875
2 0.30224609375 0.02734375 0.0341796875 0.0390625
