2 0.95654296875 0.22412109375 0.0869140625 0.0947265625
2 0.8291015625 0.13037109375 0.09375 0.0947265625
2 0.11376953125 0.32080078125 0.0712890625 0.0830078125
2 0.587890625 0.21337890625 0.111328125 0.1083984375
2 0.302734375 0.05615234375 0.095703125 0.0791015625
2 0.3046875 0.16259765625 0.087890625 0.0712890625
2 0.29541015625 0.6455078125 0.1298828125 0.1171875
2 0.29443359375 0.5185546875 0.1259765625 0.123046875
2 0.271484375 0.41259765625 0.076171875 0.0712890625
2 0.279296875 0.24169921875 0.091796875 0.0751953125
2 0.70703125 0.859375 0.103515625 0.083984375
2 0.6904296875 0.5986328125 0.099609375 0.0859375
2 0.69140625 0.775390625 0.1015625 0.0859375
2 0.724609375 0.94384765625 0.10546875 0.0927734375
