10 0.9443359375 0.7021484375 0.111328125 0.123046875
10 0.9052734375 0.9619140625 0.154296875 0.076171875
8 0.98681640625 0.39990234375 0.0263671875 0.0869140625
8 0.92333984375 0.39697265625 0.0458984375 0.0888671875
8 0.85888671875 0.39306640625 0.0458984375 0.0869140625
8 0.99267578125 0.2197265625 0.0146484375 0.0859375
8 0.9326171875 0.17724609375 0.044921875 0.0869140625
8 0.86767578125 0.173828125 0.0458984375 0.087890625
6 0.29638671875 0.623046875 0.3251953125 0.66015625
7 0.29541015625 0.62646484375 0.1943359375 0.4208984375
