2 0.853515625 0.419921875 0.109375 0.12109375
2 0.5908203125 0.0478515625 0.091796875 0.087890625
2 0.0283203125 0.85693359375 0.0546875 0.1533203125
2 0.88720703125 0.896484375 0.0634765625 0.064453125
2 0.52734375 0.9365234375 0.09765625 0.10546875
2 0.58056640625 0.837890625 0.0869140625 0.087890625
2 0.48291015625 0.71923828125 0.0947265625 0.0966796875
2 0.37353515625 0.64208984375 0.1005859375 0.1064453125
2 0.29052734375 0.490234375 0.0830078125 0.0703125
2 0.3681640625 0.35888671875 0.099609375 0.1005859375
2 0.451171875 0.28955078125 0.0859375 0.0947265625
