2 0.0087890625 0.11083984375 0.015625 0.0849609375
2 0.06396484375 0.1171875 0.0791015625 0.095703125
2 0.14306640625 0.162109375 0.0751953125 0.08984375
2 0.33984375 0.15673828125 0.10546875 0.1201171875
2 0.5068359375 0.13037109375 0.05078125 0.0751953125
2 0.59228515625 0.13720703125 0.0751953125 0.0810546875
2 0.70556640625 0.13427734375 0.0693359375 0.0830078125
2 0.0048828125 0.7705078125 0.0078125 0.09375
2 0.4189453125 0.79150390625 0.076171875 0.0849609375
2 0.501953125 0.79443359375 0.080078125 0.1044921875
2 0.60595703125 0.79931640625 0.0771484375 0.0927734375
2 0.69287109375 0.80029296875 0.0791015625 0.1005859375
2 0.77490234375 0.80615234375 0.0732421875 0.0849609375
2 0.8955078125 0.81396484375 0.05859375 0.0771484375
2 0.96728515625 0.8154296875 0.0654296875 0.076171875
2 0.7724609375 0.3974609375 0.072265625 0.056640625
