2 0.72265625 0.419921875 0.109375 0.12109375
2 0.4599609375 0.0478515625 0.091796875 0.087890625
2 0.75634765625 0.896484375 0.0634765625 0.064453125
2 0.396484375 0.9365234375 0.09765625 0.10546875
2 0.44970703125 0.837890625 0.0869140625 0.087890625
2 0.35205078125 0.71923828125 0.0947265625 0.0966796875
2 0.24267578125 0.64208984375 0.1005859375 0.1064453125
2 0.15966796875 0.490234375 0.0830078125 0.0703125
2 0.2373046875 0.35888671875 0.099609375 0.1005859375
2 0.3203125 0.28955078125 0.0859375 0.0947265625
