3 0.958984375 0.3359375 0.08203125 0.11328125
2 0.5107421875 0.828125 0.240234375 0.2265625
2 0.75390625 0.740234375 0.1484375 0.13671875
2 0.9599609375 0.654296875 0.080078125 0.12109375
2 0.6201171875 0.08447265625 0.224609375 0.1669921875
2 0.2802734375 0.6416015625 0.228515625 0.212890625
2 0.2333984375 0.48828125 0.197265625 0.1796875
3 0.92919921875 0.232421875 0.1064453125 0.109375
3 0.45556640625 0.31689453125 0.0986328125 0.0986328125
3 0.4853515625 0.41650390625 0.08984375 0.0888671875
3 0.52001953125 0.50830078125 0.0908203125 0.0927734375
3 0.5048828125 0.24365234375 0.05859375 0.0654296875
3 0.6083984375 0.259765625 0.123046875 0.1171875
3 0.65869140625 0.38427734375 0.1083984375 0.1162109375
3 0.73193359375 0.20556640625 0.1220703125 0.1181640625
3 0.77197265625 0.3271484375 0.1298828125 0.126953125
3 0.89794921875 0.134765625 0.1064453125 0.1171875
