0 0.611328125 0.05908203125 0.01953125 0.0166015625
0 0.4921875 0.06884765625 0.013671875 0.0205078125
0 0.52001953125 0.01611328125 0.0126953125 0.0224609375
0 0.52978515625 0.01171875 0.0126953125 0.021484375
0 0.5380859375 0.0107421875 0.013671875 0.021484375
0 0.587890625 0.0107421875 0.017578125 0.013671875
0 0.59716796875 0.02587890625 0.0244140625 0.0166015625
0 0.60107421875 0.03369140625 0.0185546875 0.0146484375
0 0.607421875 0.05078125 0.017578125 0.013671875
0 0.54736328125 0.0517578125 0.0107421875 0.01953125
0 0.53857421875 0.05517578125 0.0107421875 0.0205078125
0 0.52001953125 0.05859375 0.0185546875 0.02734375
0 0.52978515625 0.05810546875 0.0126953125 0.0205078125
0 0.50146484375 0.06591796875 0.0146484375 0.0205078125
0 0.5556640625 0.0732421875 0.015625 0.0234375
0 0.68310546875 0.40283203125 0.0185546875 0.0087890625
0 0.544921875 0.07568359375 0.013671875 0.0185546875
0 0.53369140625 0.0791015625 0.0146484375 0.021484375
0 0.5283203125 0.11328125 0.01953125 0.013671875
0 0.5322265625 0.12158203125 0.01953125 0.0146484375
0 0.54443359375 0.1259765625 0.0205078125 0.013671875
0 0.58837890625 0.1171875 0.0224609375 0.017578125
0 0.59326171875 0.1259765625 0.0224609375 0.017578125
0 0.53369140625 0.13916015625 0.0205078125 0.0146484375
0 0.53662109375 0.14892578125 0.0205078125 0.0146484375
0 0.54296875 0.16650390625 0.021484375 0.0146484375
0 0.58837890625 0.16943359375 0.0244140625 0.0185546875
0 0.59716796875 0.13525390625 0.0224609375 0.0185546875
0 0.509765625 0.0205078125 0.01171875 0.01953125
0 0.5 0.02099609375 0.009765625 0.0224609375
0 0.490234375 0.02197265625 0.013671875 0.0224609375
0 0.01123046875 0.21826171875 0.0146484375 0.0263671875
8 0.2275390625 0.14892578125 0.0625 0.0966796875
8 0.279296875 0.13525390625 0.0625 0.0966796875
8 0.3525390625 0.11572265625 0.0625 0.0947265625
8 0.404296875 0.1015625 0.0625 0.095703125
8 0.45361328125 0.0888671875 0.0615234375 0.095703125
8 0.2158203125 0.30908203125 0.064453125 0.0966796875
8 0.2666015625 0.2958984375 0.064453125 0.095703125
8 0.31787109375 0.2822265625 0.0634765625 0.095703125
0 0.2119140625 0.0380859375 0.013671875 0.021484375
0 0.22900390625 0.03271484375 0.0126953125 0.0205078125
0 0.23828125 0.03076171875 0.013671875 0.0205078125
0 0.267578125 0.02587890625 0.015625 0.0205078125
0 0.2763671875 0.02294921875 0.015625 0.0205078125
0 0.29443359375 0.01904296875 0.0126953125 0.0185546875
0 0.30615234375 0.015625 0.0126953125 0.01953125
0 0.07373046875 0.12890625 0.0126953125 0.021484375
0 0.0859375 0.17333984375 0.015625 0.0244140625
0 0.0908203125 0.1962890625 0.013671875 0.021484375
0 0.08154296875 0.19775390625 0.0146484375 0.0205078125
0 0.06689453125 0.18212890625 0.0126953125 0.0185546875
0 0.06298828125 0.20068359375 0.0146484375 0.0205078125
0 0.05419921875 0.20556640625 0.0146484375 0.0205078125
0 0.0322265625 0.19140625 0.013671875 0.0234375
0 0.0224609375 0.1904296875 0.013671875 0.01953125
0 0.01220703125 0.1923828125 0.0126953125 0.01953125
0 0.599609375 0.1435546875 0.021484375 0.015625
0 0.60400390625 0.15087890625 0.0205078125 0.0166015625
0 0.60888671875 0.15869140625 0.0205078125 0.0166015625
0 0.630859375 0.27099609375 0.01953125 0.0146484375
0 0.6552734375 0.2744140625 0.0234375 0.015625
0 0.63427734375 0.28515625 0.0185546875 0.01171875
0 0.65966796875 0.2919921875 0.0224609375 0.013671875
0 0.638671875 0.29638671875 0.01953125 0.0126953125
0 0.5986328125 0.3154296875 0.021484375 0.017578125
0 0.6005859375 0.3271484375 0.021484375 0.015625
0 0.6044921875 0.33642578125 0.021484375 0.0146484375
0 0.6083984375 0.34375 0.0234375 0.015625
0 0.6474609375 0.3310546875 0.0234375 0.017578125
0 0.64453125 0.3193359375 0.0234375 0.015625
0 0.66455078125 0.3095703125 0.0224609375 0.01171875
0 0.6611328125 0.30078125 0.0234375 0.013671875
0 0.64111328125 0.306640625 0.0205078125 0.015625
0 0.66748046875 0.318359375 0.0244140625 0.015625
0 0.66845703125 0.3271484375 0.0205078125 0.013671875
0 0.67041015625 0.3369140625 0.0224609375 0.013671875
0 0.6728515625 0.3466796875 0.021484375 0.013671875
0 0.65234375 0.3447265625 0.01953125 0.015625
0 0.654296875 0.35498046875 0.01953125 0.0126953125
0 0.67529296875 0.3564453125 0.0224609375 0.013671875
0 0.65625 0.36767578125 0.021484375 0.0166015625
0 0.67822265625 0.36572265625 0.0224609375 0.0126953125
0 0.6787109375 0.3740234375 0.021484375 0.013671875
0 0.68115234375 0.38427734375 0.0224609375 0.0126953125
0 0.6826171875 0.39453125 0.01953125 0.01171875
0 0.654296875 0.26513671875 0.02734375 0.0166015625
0 0.62841796875 0.26123046875 0.0185546875 0.0146484375
0 0.5458984375 0.1748046875 0.021484375 0.015625
0 0.62646484375 0.25 0.0205078125 0.015625
0 0.54833984375 0.1953125 0.0224609375 0.013671875
0 0.55810546875 0.20751953125 0.0244140625 0.0166015625
0 0.59912109375 0.18505859375 0.0205078125 0.0146484375
0 0.5732421875 0.22509765625 0.01953125 0.0146484375
0 0.5771484375 0.23583984375 0.0234375 0.0146484375
0 0.58447265625 0.26220703125 0.0185546875 0.0146484375
0 0.5 0.33984375 0.015625 0.025390625
0 0.4951171875 0.36279296875 0.01953125 0.0244140625
0 0.5498046875 0.3818359375 0.025390625 0.015625
0 0.54638671875 0.36962890625 0.0244140625 0.0166015625
0 0.556640625 0.40966796875 0.0234375 0.0166015625
0 0.61181640625 0.16845703125 0.0224609375 0.0166015625
0 0.6162109375 0.17626953125 0.01953125 0.0166015625
0 0.62158203125 0.18505859375 0.0224609375 0.0166015625
0 0.625 0.193359375 0.0234375 0.015625
0 0.62841796875 0.20263671875 0.0224609375 0.0166015625
0 0.63232421875 0.2109375 0.0263671875 0.017578125
0 0.61328125 0.22265625 0.021484375 0.015625
0 0.61865234375 0.23095703125 0.0205078125 0.0146484375
0 0.63818359375 0.22021484375 0.0224609375 0.0166015625
0 0.64013671875 0.2294921875 0.0224609375 0.015625
0 0.642578125 0.23681640625 0.021484375 0.0146484375
0 0.64697265625 0.24560546875 0.0224609375 0.0146484375
0 0.64892578125 0.25634765625 0.0224609375 0.0146484375
0 0.62158203125 0.2412109375 0.0224609375 0.015625
8 0.17529296875 0.16357421875 0.0615234375 0.0986328125
