0 0.94970703125 0.296875 0.0185546875 0.0234375
0 0.27685546875 0.0673828125 0.0107421875 0.01953125
0 0.015625 0.05810546875 0.009765625 0.0224609375
0 0.06689453125 0.01806640625 0.0107421875 0.0244140625
0 0.08740234375 0.01953125 0.0107421875 0.021484375
0 0.1259765625 0.1142578125 0.009765625 0.021484375
0 0.138671875 0.05908203125 0.009765625 0.0185546875
0 0.10693359375 0.01806640625 0.0087890625 0.0205078125
0 0.2978515625 0.0654296875 0.009765625 0.017578125
0 0.9599609375 0.29248046875 0.01953125 0.0224609375
0 0.3193359375 0.06640625 0.009765625 0.017578125
0 0.3583984375 0.123046875 0.009765625 0.01953125
0 0.3876953125 0.1240234375 0.01171875 0.01953125
0 0.3984375 0.123046875 0.009765625 0.021484375
0 0.40966796875 0.12451171875 0.0087890625 0.0205078125
0 0.37841796875 0.0654296875 0.0107421875 0.01953125
0 0.3896484375 0.0673828125 0.009765625 0.017578125
0 0.40625 0.072265625 0.01171875 0.025390625
0 0.4189453125 0.0712890625 0.01171875 0.021484375
8 0.5908203125 0.41259765625 0.072265625 0.1005859375
8 0.53955078125 0.43115234375 0.0732421875 0.1005859375
8 0.85693359375 0.345703125 0.0732421875 0.1015625
8 0.03759765625 0.26953125 0.0458984375 0.091796875
8 0.091796875 0.271484375 0.044921875 0.091796875
8 0.1689453125 0.2724609375 0.044921875 0.09375
8 0.22412109375 0.2744140625 0.0439453125 0.091796875
8 0.0361328125 0.41357421875 0.048828125 0.0927734375
8 0.09033203125 0.4150390625 0.0478515625 0.091796875
8 0.16455078125 0.41650390625 0.0458984375 0.0927734375
8 0.22021484375 0.41845703125 0.0458984375 0.0908203125
9 0.39208984375 0.35546875 0.1201171875 0.134765625
8 0.62841796875 0.2607421875 0.0751953125 0.103515625
8 0.6796875 0.24267578125 0.07421875 0.1025390625
8 0.751953125 0.21533203125 0.072265625 0.1025390625
8 0.8017578125 0.1962890625 0.07421875 0.1015625
8 0.68359375 0.41015625 0.072265625 0.1015625
8 0.73388671875 0.39111328125 0.0712890625 0.0986328125
8 0.806640625 0.3642578125 0.072265625 0.1015625
0 0.4306640625 0.0712890625 0.009765625 0.021484375
0 0.43994140625 0.0703125 0.0087890625 0.017578125
0 0.4501953125 0.0703125 0.009765625 0.01953125
0 0.63525390625 0.076171875 0.0107421875 0.01953125
0 0.65478515625 0.0771484375 0.0107421875 0.01953125
0 0.6396484375 0.13037109375 0.01171875 0.0205078125
0 0.64990234375 0.13134765625 0.0107421875 0.0205078125
0 0.66015625 0.1318359375 0.009765625 0.01953125
0 0.6708984375 0.1298828125 0.009765625 0.021484375
0 0.6796875 0.130859375 0.009765625 0.021484375
0 0.7109375 0.13330078125 0.009765625 0.0185546875
0 0.927734375 0.1513671875 0.021484375 0.01953125
0 0.93017578125 0.1611328125 0.0185546875 0.017578125
0 0.935546875 0.169921875 0.01953125 0.017578125
0 0.9404296875 0.17822265625 0.021484375 0.0185546875
0 0.9453125 0.18701171875 0.021484375 0.0185546875
0 0.9501953125 0.1953125 0.021484375 0.01953125
0 0.95361328125 0.2060546875 0.0244140625 0.021484375
0 0.9013671875 0.22216796875 0.021484375 0.0185546875
0 0.92578125 0.25390625 0.01953125 0.017578125
0 0.93603515625 0.2724609375 0.0205078125 0.01953125
0 0.94482421875 0.279296875 0.0205078125 0.01953125
0 0.9873046875 0.2646484375 0.021484375 0.017578125
0 0.64501953125 0.07958984375 0.0126953125 0.0205078125
0 0.625 0.0751953125 0.009765625 0.01953125
0 0.4599609375 0.0693359375 0.0078125 0.017578125
0 0.61376953125 0.07470703125 0.0107421875 0.0205078125
0 0.46875 0.0703125 0.009765625 0.017578125
0 0.47900390625 0.072265625 0.0107421875 0.01953125
0 0.490234375 0.07275390625 0.009765625 0.0205078125
0 0.50146484375 0.07275390625 0.0087890625 0.0185546875
0 0.51123046875 0.07421875 0.0087890625 0.017578125
0 0.52001953125 0.076171875 0.0087890625 0.017578125
0 0.52978515625 0.07666015625 0.0087890625 0.0185546875
0 0.541015625 0.0751953125 0.01171875 0.017578125
0 0.4423828125 0.12353515625 0.01171875 0.0244140625
0 0.45361328125 0.12353515625 0.0107421875 0.0244140625
0 0.4638671875 0.125 0.01171875 0.0234375
0 0.47412109375 0.12646484375 0.0107421875 0.0205078125
0 0.484375 0.126953125 0.01171875 0.021484375
0 0.494140625 0.12841796875 0.009765625 0.0185546875
0 0.5048828125 0.1279296875 0.01171875 0.01953125
0 0.51611328125 0.12744140625 0.0107421875 0.0205078125
0 0.52783203125 0.1279296875 0.0107421875 0.021484375
0 0.58251953125 0.07373046875 0.0107421875 0.0205078125
0 0.5927734375 0.0732421875 0.009765625 0.01953125
