0 0.60791015625 0.27685546875 0.0263671875 0.0126953125
1 0.3896484375 0.5107421875 0.046875 0.01171875
1 0.28076171875 0.45947265625 0.0302734375 0.0419921875
1 0.27392578125 0.47265625 0.0322265625 0.0390625
1 0.26953125 0.4873046875 0.03125 0.0390625
1 0.3798828125 0.43408203125 0.037109375 0.0107421875
1 0.4228515625 0.44775390625 0.046875 0.0107421875
1 0.37353515625 0.447265625 0.0380859375 0.01171875
1 0.36767578125 0.45947265625 0.0361328125 0.0107421875
1 0.36181640625 0.47216796875 0.0361328125 0.0107421875
1 0.41552734375 0.4599609375 0.0458984375 0.013671875
1 0.40966796875 0.47216796875 0.0458984375 0.0107421875
1 0.35498046875 0.48583984375 0.0380859375 0.0107421875
1 0.4033203125 0.48583984375 0.046875 0.0087890625
1 0.3486328125 0.498046875 0.0390625 0.009765625
1 0.3984375 0.49755859375 0.046875 0.0107421875
1 0.26171875 0.49853515625 0.03125 0.0400390625
1 0.28857421875 0.44677734375 0.0322265625 0.0400390625
1 0.296875 0.4345703125 0.029296875 0.041015625
1 0.6015625 0.2890625 0.02734375 0.009765625
1 0.68896484375 0.248046875 0.0341796875 0.0390625
1 0.3896484375 0.693359375 0.025390625 0.03125
1 0.38232421875 0.70654296875 0.0244140625 0.0302734375
1 0.36865234375 0.734375 0.0244140625 0.03125
1 0.36083984375 0.74755859375 0.0244140625 0.0302734375
1 0.76708984375 0.1728515625 0.0263671875 0.041015625
1 0.708984375 0.2080078125 0.033203125 0.0390625
1 0.6826171875 0.2607421875 0.033203125 0.0390625
1 0.4365234375 0.267578125 0.029296875 0.041015625
1 0.67578125 0.27197265625 0.033203125 0.0400390625
1 0.6689453125 0.2861328125 0.033203125 0.0390625
1 0.66162109375 0.29931640625 0.0322265625 0.0400390625
1 0.65380859375 0.3125 0.0341796875 0.041015625
1 0.49267578125 0.29638671875 0.0283203125 0.0439453125
1 0.453125 0.27880859375 0.021484375 0.0341796875
1 0.2548828125 0.5107421875 0.03125 0.041015625
1 0.34130859375 0.51123046875 0.0400390625 0.0126953125
0 0.61474609375 0.26513671875 0.0263671875 0.0126953125
1 0.38330078125 0.52392578125 0.0478515625 0.0107421875
1 0.3232421875 0.6396484375 0.046875 0.01171875
1 0.31689453125 0.65234375 0.0458984375 0.01171875
1 0.27490234375 0.640625 0.0400390625 0.009765625
1 0.3095703125 0.66552734375 0.04296875 0.0107421875
1 0.26171875 0.66552734375 0.041015625 0.0126953125
1 0.25439453125 0.6787109375 0.0419921875 0.01171875
1 0.3056640625 0.6787109375 0.04296875 0.009765625
1 0.29736328125 0.6923828125 0.0419921875 0.01171875
1 0.291015625 0.70458984375 0.041015625 0.0107421875
1 0.28466796875 0.71728515625 0.0419921875 0.0126953125
1 0.26904296875 0.734375 0.0361328125 0.015625
1 0.2470703125 0.69384765625 0.04296875 0.0146484375
1 0.19580078125 0.61181640625 0.0283203125 0.0361328125
1 0.1884765625 0.62548828125 0.03125 0.0361328125
1 0.18212890625 0.6376953125 0.0302734375 0.03515625
1 0.328125 0.626953125 0.044921875 0.01171875
1 0.279296875 0.62744140625 0.041015625 0.0126953125
1 0.2880859375 0.61474609375 0.041015625 0.0126953125
1 0.3623046875 0.5625 0.046875 0.009765625
1 0.33447265625 0.52490234375 0.0400390625 0.0107421875
1 0.2470703125 0.5234375 0.03125 0.0390625
1 0.2421875 0.53857421875 0.03125 0.0400390625
1 0.3271484375 0.537109375 0.041015625 0.01171875
1 0.32080078125 0.55029296875 0.0400390625 0.0107421875
1 0.37109375 0.54931640625 0.046875 0.0126953125
1 0.314453125 0.5625 0.0390625 0.009765625
1 0.33544921875 0.6142578125 0.0458984375 0.009765625
1 0.30712890625 0.5751953125 0.0400390625 0.009765625
1 0.35595703125 0.5751953125 0.0458984375 0.01171875
1 0.2998046875 0.58837890625 0.0390625 0.0107421875
1 0.34814453125 0.58837890625 0.0439453125 0.0126953125
1 0.34716796875 0.60107421875 0.0458984375 0.0126953125
1 0.29541015625 0.6015625 0.0400390625 0.009765625
1 0.39794921875 0.68310546875 0.0244140625 0.0302734375
1 0.40185546875 0.666015625 0.0263671875 0.033203125
1 0.40966796875 0.65380859375 0.0244140625 0.0341796875
1 0.4169921875 0.64111328125 0.025390625 0.0322265625
0 0.52734375 0.12744140625 0.013671875 0.0283203125
0 0.51513671875 0.12548828125 0.0126953125 0.0283203125
1 0.77978515625 0.24072265625 0.0380859375 0.0107421875
1 0.77099609375 0.25439453125 0.0380859375 0.0107421875
1 0.765625 0.267578125 0.0390625 0.009765625
1 0.7578125 0.28076171875 0.0390625 0.0107421875
1 0.75244140625 0.29296875 0.0380859375 0.01171875
1 0.74560546875 0.3056640625 0.0400390625 0.01171875
1 0.79248046875 0.30615234375 0.0341796875 0.0107421875
1 0.73974609375 0.31884765625 0.0400390625 0.0107421875
1 0.73095703125 0.33251953125 0.0400390625 0.0107421875
1 0.78564453125 0.318359375 0.0341796875 0.009765625
1 0.78076171875 0.33154296875 0.0341796875 0.0107421875
1 0.77783203125 0.34375 0.0341796875 0.009765625
1 0.7265625 0.34326171875 0.0390625 0.0107421875
0 0.54052734375 0.1328125 0.0126953125 0.029296875
0 0.5517578125 0.1474609375 0.015625 0.02734375
0 0.5810546875 0.16357421875 0.0234375 0.0302734375
0 0.541015625 0.208984375 0.029296875 0.02734375
0 0.62109375 0.2509765625 0.02734375 0.01171875
0 0.62353515625 0.236328125 0.0263671875 0.013671875
0 0.55029296875 0.25341796875 0.0244140625 0.0224609375
0 0.5390625 0.24365234375 0.025390625 0.0263671875
0 0.52685546875 0.23486328125 0.0263671875 0.0263671875
0 0.56396484375 0.22216796875 0.0302734375 0.0263671875
0 0.5263671875 0.20263671875 0.02734375 0.0283203125
0 0.591796875 0.17041015625 0.0234375 0.0302734375
0 0.50048828125 0.22119140625 0.0244140625 0.0244140625
0 0.48876953125 0.21533203125 0.0263671875 0.0263671875
0 0.515625 0.1953125 0.03125 0.02734375
0 0.4755859375 0.2080078125 0.02734375 0.025390625
0 0.4833984375 0.17236328125 0.03125 0.0263671875
0 0.603515625 0.17626953125 0.0234375 0.0302734375
1 0.7734375 0.3564453125 0.033203125 0.009765625
1 0.71923828125 0.357421875 0.0400390625 0.01171875
1 0.71142578125 0.36962890625 0.0400390625 0.0107421875
1 0.60693359375 0.623046875 0.0322265625 0.029296875
1 0.623046875 0.53564453125 0.0390625 0.0107421875
1 0.67529296875 0.53515625 0.0341796875 0.009765625
1 0.6669921875 0.5498046875 0.03515625 0.01171875
1 0.5693359375 0.6015625 0.033203125 0.029296875
1 0.58203125 0.60791015625 0.033203125 0.0302734375
1 0.59814453125 0.61376953125 0.0302734375 0.0283203125
1 0.62060546875 0.62841796875 0.0322265625 0.0283203125
1 0.63720703125 0.509765625 0.0380859375 0.009765625
1 0.6318359375 0.63671875 0.03125 0.029296875
1 0.6640625 0.650390625 0.02734375 0.044921875
1 0.44384765625 0.58935546875 0.0244140625 0.0302734375
1 0.43701171875 0.60302734375 0.0224609375 0.0322265625
1 0.43115234375 0.6171875 0.0244140625 0.03125
1 0.42333984375 0.62841796875 0.0224609375 0.0322265625
1 0.63134765625 0.52197265625 0.0380859375 0.0087890625
1 0.69482421875 0.498046875 0.0361328125 0.009765625
1 0.763671875 0.3701171875 0.03515625 0.009765625
1 0.6845703125 0.42041015625 0.041015625 0.0107421875
1 0.75439453125 0.3828125 0.0341796875 0.01171875
1 0.70263671875 0.38330078125 0.0400390625 0.0107421875
1 0.69775390625 0.39501953125 0.0400390625 0.0107421875
1 0.7470703125 0.3955078125 0.033203125 0.01171875
1 0.69287109375 0.40869140625 0.0400390625 0.0107421875
1 0.740234375 0.40869140625 0.033203125 0.0107421875
1 0.7294921875 0.43408203125 0.033203125 0.0107421875
1 0.6435546875 0.4970703125 0.0390625 0.009765625
1 0.67822265625 0.43359375 0.0419921875 0.009765625
1 0.671875 0.4462890625 0.041015625 0.009765625
1 0.7216796875 0.44775390625 0.037109375 0.0107421875
1 0.70849609375 0.47265625 0.0361328125 0.009765625
1 0.65771484375 0.47265625 0.0400390625 0.009765625
1 0.650390625 0.484375 0.041015625 0.009765625
1 0.1748046875 0.65234375 0.029296875 0.037109375
