1 0.630859375 0.62451171875 0.03515625 0.0400390625
1 0.39453125 0.46337890625 0.03515625 0.0400390625
1 0.48291015625 0.40283203125 0.0341796875 0.0400390625
1 0.4814453125 0.4658203125 0.03515625 0.041015625
1 0.46484375 0.46728515625 0.037109375 0.0400390625
1 0.44482421875 0.39892578125 0.0361328125 0.0400390625
1 0.45068359375 0.4716796875 0.0341796875 0.0390625
1 0.408203125 0.39453125 0.033203125 0.041015625
1 0.390625 0.39453125 0.03515625 0.041015625
1 0.412109375 0.4638671875 0.037109375 0.041015625
1 0.37646484375 0.4619140625 0.0380859375 0.041015625
1 0.51513671875 0.40087890625 0.0341796875 0.0380859375
1 0.3232421875 0.4580078125 0.03515625 0.041015625
1 0.3037109375 0.45556640625 0.03515625 0.0419921875
1 0.287109375 0.4580078125 0.03515625 0.041015625
1 0.265625 0.45263671875 0.03515625 0.0400390625
1 0.2099609375 0.4482421875 0.03515625 0.041015625
1 0.16845703125 0.4375 0.0361328125 0.041015625
1 0.15234375 0.439453125 0.03515625 0.041015625
1 0.13671875 0.44287109375 0.03515625 0.0400390625
1 0.49755859375 0.39990234375 0.0361328125 0.0400390625
1 0.0859375 0.5087890625 0.03125 0.037109375
1 0.33447265625 0.39013671875 0.0361328125 0.0400390625
1 0.12890625 0.5830078125 0.03125 0.037109375
1 0.36767578125 0.53515625 0.0302734375 0.03515625
1 0.34619140625 0.53125 0.0361328125 0.0390625
1 0.32568359375 0.58935546875 0.0341796875 0.0419921875
1 0.29736328125 0.6005859375 0.0322265625 0.037109375
1 0.25146484375 0.5849609375 0.0322265625 0.037109375
1 0.18212890625 0.5849609375 0.0302734375 0.037109375
1 0.1640625 0.58349609375 0.029296875 0.0380859375
1 0.1455078125 0.5830078125 0.03125 0.037109375
1 0.11181640625 0.58544921875 0.0322265625 0.0361328125
1 0.10791015625 0.513671875 0.0322265625 0.037109375
1 0.09375 0.58349609375 0.029296875 0.0380859375
1 0.0771484375 0.5849609375 0.03125 0.037109375
1 0.06103515625 0.5849609375 0.0322265625 0.037109375
1 0.21337890625 0.51904296875 0.0361328125 0.0400390625
1 0.19970703125 0.5244140625 0.0341796875 0.037109375
1 0.16162109375 0.51708984375 0.0322265625 0.0380859375
1 0.14404296875 0.5166015625 0.0322265625 0.037109375
1 0.126953125 0.5166015625 0.03125 0.0390625
1 0.349609375 0.38623046875 0.03515625 0.0400390625
1 0.32080078125 0.39306640625 0.0361328125 0.0400390625
1 0.6083984375 0.685546875 0.03515625 0.0390625
1 0.4248046875 0.2509765625 0.03515625 0.037109375
1 0.21240234375 0.3037109375 0.0341796875 0.04296875
1 0.19775390625 0.30859375 0.0341796875 0.041015625
1 0.17822265625 0.3046875 0.0341796875 0.041015625
1 0.537109375 0.26123046875 0.03125 0.0380859375
1 0.51806640625 0.25830078125 0.0322265625 0.0361328125
1 0.50537109375 0.263671875 0.0302734375 0.033203125
1 0.46533203125 0.25732421875 0.0341796875 0.0380859375
1 0.44580078125 0.25390625 0.0341796875 0.037109375
1 0.4140625 0.25927734375 0.033203125 0.0380859375
1 0.26953125 0.3125 0.03515625 0.0390625
1 0.39306640625 0.25439453125 0.0341796875 0.0380859375
1 0.37548828125 0.251953125 0.0322265625 0.037109375
1 0.337890625 0.25 0.029296875 0.037109375
1 0.318359375 0.2451171875 0.02734375 0.033203125
1 0.28271484375 0.24560546875 0.0361328125 0.0400390625
0 0.25830078125 0.23681640625 0.0205078125 0.0244140625
0 0.2421875 0.2373046875 0.021484375 0.025390625
0 0.22607421875 0.23828125 0.0185546875 0.0234375
1 0.2314453125 0.306640625 0.03515625 0.041015625
1 0.28564453125 0.310546875 0.0341796875 0.0390625
1 0.29296875 0.38134765625 0.03515625 0.0400390625
1 0.5126953125 0.33544921875 0.037109375 0.0400390625
1 0.27734375 0.3828125 0.03515625 0.041015625
1 0.26220703125 0.38525390625 0.0361328125 0.0400390625
1 0.24267578125 0.38134765625 0.0380859375 0.0400390625
1 0.2265625 0.380859375 0.037109375 0.041015625
1 0.20654296875 0.37744140625 0.0361328125 0.0400390625
1 0.1611328125 0.36474609375 0.03515625 0.0400390625
1 0.14306640625 0.365234375 0.0361328125 0.0390625
1 0.52490234375 0.32763671875 0.0361328125 0.0400390625
1 0.498046875 0.33740234375 0.037109375 0.0400390625
1 0.326171875 0.3193359375 0.03515625 0.0390625
1 0.47509765625 0.3330078125 0.0361328125 0.0390625
1 0.45361328125 0.32666015625 0.0361328125 0.0400390625
1 0.4384765625 0.32666015625 0.03515625 0.0400390625
1 0.42041015625 0.3271484375 0.0361328125 0.0390625
1 0.4013671875 0.3251953125 0.03515625 0.037109375
1 0.3857421875 0.326171875 0.03515625 0.0390625
1 0.36376953125 0.3212890625 0.0361328125 0.0390625
1 0.3447265625 0.3203125 0.03515625 0.0390625
1 0.40283203125 0.53564453125 0.0341796875 0.0400390625
1 0.41748046875 0.53466796875 0.0341796875 0.0400390625
1 0.45703125 0.5380859375 0.03515625 0.0390625
1 0.74853515625 0.28466796875 0.0322265625 0.0361328125
1 0.14794921875 0.6513671875 0.0322265625 0.037109375
1 0.12939453125 0.650390625 0.0302734375 0.037109375
1 0.1162109375 0.65625 0.03125 0.037109375
1 0.099609375 0.6572265625 0.033203125 0.037109375
1 0.08349609375 0.6572265625 0.0322265625 0.037109375
1 0.8046875 0.28369140625 0.03515625 0.0419921875
1 0.78759765625 0.28955078125 0.0322265625 0.0361328125
1 0.77099609375 0.2890625 0.0322265625 0.03515625
1 0.7294921875 0.283203125 0.03125 0.03515625
1 0.1826171875 0.65185546875 0.029296875 0.0361328125
1 0.7119140625 0.283203125 0.03125 0.037109375
1 0.693359375 0.28173828125 0.033203125 0.0361328125
1 0.67529296875 0.2822265625 0.0322265625 0.037109375
1 0.65185546875 0.27294921875 0.0322265625 0.0380859375
1 0.6357421875 0.2734375 0.033203125 0.03515625
1 0.62109375 0.27783203125 0.033203125 0.0361328125
1 0.6064453125 0.28173828125 0.03125 0.0361328125
1 0.86767578125 0.3662109375 0.0341796875 0.0390625
1 0.16552734375 0.6513671875 0.0302734375 0.037109375
1 0.20068359375 0.6533203125 0.0302734375 0.037109375
1 0.494140625 0.54296875 0.03515625 0.0390625
1 0.37744140625 0.67333984375 0.0283203125 0.0322265625
1 0.578125 0.68701171875 0.03515625 0.0400390625
1 0.56005859375 0.68798828125 0.0361328125 0.0380859375
1 0.5517578125 0.61474609375 0.03515625 0.0400390625
1 0.478515625 0.60791015625 0.03515625 0.0400390625
1 0.470703125 0.6806640625 0.03515625 0.041015625
1 0.44970703125 0.677734375 0.0302734375 0.03515625
1 0.43505859375 0.6806640625 0.0341796875 0.041015625
1 0.41455078125 0.6767578125 0.0302734375 0.03515625
1 0.337890625 0.6689453125 0.02734375 0.033203125
1 0.21875 0.65478515625 0.03125 0.0361328125
1 0.31982421875 0.67041015625 0.0244140625 0.0341796875
1 0.21875 0.58544921875 0.03125 0.0380859375
1 0.20263671875 0.5869140625 0.0302734375 0.037109375
1 0.23876953125 0.59033203125 0.0302734375 0.0361328125
1 0.3046875 0.673828125 0.02734375 0.033203125
1 0.27294921875 0.65625 0.0302734375 0.037109375
1 0.25634765625 0.65576171875 0.0283203125 0.0380859375
1 0.23681640625 0.654296875 0.0302734375 0.037109375
1 0.85009765625 0.36572265625 0.0341796875 0.0400390625
1 0.8349609375 0.3671875 0.03515625 0.041015625
1 0.8125 0.36279296875 0.03515625 0.0419921875
1 0.58349609375 0.48486328125 0.0380859375 0.0380859375
1 0.76708984375 0.498046875 0.0361328125 0.0390625
1 0.7529296875 0.501953125 0.03515625 0.0390625
1 0.69189453125 0.48876953125 0.0361328125 0.0380859375
1 0.67236328125 0.48681640625 0.0361328125 0.0380859375
1 0.65576171875 0.48779296875 0.0361328125 0.0380859375
1 0.63916015625 0.48876953125 0.0361328125 0.0400390625
1 0.62158203125 0.48681640625 0.0341796875 0.0400390625
1 0.60009765625 0.4833984375 0.0361328125 0.0390625
1 0.7568359375 0.56591796875 0.03515625 0.0400390625
1 0.79296875 0.36181640625 0.037109375 0.0380859375
1 0.7177734375 0.56201171875 0.03515625 0.0380859375
1 0.703125 0.56591796875 0.037109375 0.0400390625
1 0.673828125 0.56982421875 0.037109375 0.0400390625
1 0.63037109375 0.5595703125 0.0361328125 0.041015625
1 0.60693359375 0.5556640625 0.0341796875 0.0390625
1 0.58544921875 0.54931640625 0.0341796875 0.0400390625
1 0.5654296875 0.5478515625 0.03515625 0.041015625
1 0.54931640625 0.5498046875 0.0361328125 0.0390625
1 0.78515625 0.4990234375 0.03515625 0.0390625
1 0.802734375 0.498046875 0.03515625 0.041015625
1 0.5966796875 0.4140625 0.033203125 0.037109375
1 0.61083984375 0.41162109375 0.0341796875 0.0380859375
1 0.7783203125 0.3662109375 0.037109375 0.0390625
1 0.7353515625 0.3525390625 0.037109375 0.0390625
1 0.7197265625 0.3564453125 0.03515625 0.0390625
1 0.70361328125 0.3583984375 0.0361328125 0.0390625
1 0.6845703125 0.35498046875 0.03515625 0.0400390625
1 0.66943359375 0.35693359375 0.0361328125 0.0400390625
1 0.6455078125 0.35009765625 0.037109375 0.0400390625
1 0.62451171875 0.34521484375 0.0361328125 0.0380859375
1 0.60302734375 0.3408203125 0.0361328125 0.0390625
1 0.58544921875 0.34228515625 0.0361328125 0.0380859375
1 0.78076171875 0.4326171875 0.0380859375 0.037109375
1 0.763671875 0.43310546875 0.037109375 0.0380859375
1 0.7421875 0.42724609375 0.03515625 0.0400390625
1 0.7109375 0.42919921875 0.03515625 0.0400390625
1 0.69140625 0.42724609375 0.03515625 0.0400390625
1 0.67041015625 0.42529296875 0.0341796875 0.0361328125
1 0.62744140625 0.41162109375 0.0322265625 0.0380859375
1 0.30078125 0.17138671875 0.03515625 0.0322265625
