8 0.85791015625 0.47314453125 0.0732421875 0.0986328125
8 0.40087890625 0.4423828125 0.0732421875 0.095703125
8 0.2919921875 0.154296875 0.072265625 0.09765625
8 0.2919921875 0.29638671875 0.072265625 0.0966796875
8 0.3408203125 0.27734375 0.072265625 0.09765625
8 0.36328125 0.12744140625 0.072265625 0.0966796875
8 0.412109375 0.1083984375 0.072265625 0.09765625
8 0.48291015625 0.08056640625 0.0732421875 0.0986328125
8 0.53125 0.06103515625 0.072265625 0.0986328125
8 0.4111328125 0.25 0.072265625 0.099609375
8 0.46044921875 0.23046875 0.0732421875 0.099609375
8 0.53173828125 0.203125 0.0712890625 0.09765625
8 0.57958984375 0.18359375 0.0732421875 0.09765625
8 0.44921875 0.42236328125 0.07421875 0.0986328125
8 0.80908203125 0.49267578125 0.0712890625 0.0966796875
8 0.5205078125 0.39501953125 0.072265625 0.0966796875
8 0.5693359375 0.375 0.072265625 0.09765625
8 0.6181640625 0.3564453125 0.072265625 0.099609375
8 0.61767578125 0.498046875 0.0712890625 0.09765625
8 0.55224609375 0.521484375 0.0712890625 0.09765625
8 0.64990234375 0.1552734375 0.0732421875 0.095703125
8 0.69921875 0.13623046875 0.072265625 0.0986328125
8 0.77001953125 0.10888671875 0.0732421875 0.0966796875
8 0.818359375 0.08935546875 0.072265625 0.0966796875
8 0.666015625 0.47802734375 0.072265625 0.0986328125
8 0.76025390625 0.51171875 0.0712890625 0.09765625
8 0.24365234375 0.17431640625 0.0712890625 0.0966796875
