1 0.07666015625 0.8876953125 0.0732421875 0.080078125
1 0.18212890625 0.01220703125 0.0380859375 0.0224609375
1 0.091796875 0.03173828125 0.07421875 0.0615234375
1 0.1630859375 0.134765625 0.078125 0.08203125
1 0.091796875 0.09326171875 0.078125 0.0791015625
1 0.09326171875 0.06103515625 0.0751953125 0.0791015625
1 0.38037109375 0.07373046875 0.0673828125 0.0693359375
1 0.31396484375 0.07421875 0.0732421875 0.072265625
1 0.15576171875 0.05419921875 0.0771484375 0.0791015625
1 0.10693359375 0.01220703125 0.0380859375 0.0224609375
1 0.16552734375 0.03125 0.0693359375 0.060546875
1 0.3203125 0.0224609375 0.05859375 0.04296875
1 0.38818359375 0.021484375 0.0556640625 0.041015625
1 0.314453125 0.1474609375 0.072265625 0.07421875
1 0.31201171875 0.10888671875 0.0693359375 0.0751953125
1 0.52880859375 0.08642578125 0.0771484375 0.0732421875
1 0.1494140625 0.92333984375 0.07421875 0.0810546875
1 0.37646484375 0.64111328125 0.0732421875 0.0810546875
1 0.0830078125 0.57177734375 0.076171875 0.0791015625
1 0.0830078125 0.53662109375 0.078125 0.0810546875
1 0.0830078125 0.50634765625 0.076171875 0.0810546875
1 0.0830078125 0.47265625 0.076171875 0.080078125
1 0.14892578125 0.5732421875 0.0771484375 0.08203125
1 0.3076171875 0.5654296875 0.076171875 0.080078125
1 0.37255859375 0.56298828125 0.0771484375 0.0771484375
1 0.15478515625 0.6474609375 0.0771484375 0.08203125
1 0.3798828125 0.6044921875 0.076171875 0.080078125
1 0.52099609375 0.61279296875 0.0751953125 0.0732421875
1 0.51416015625 0.5830078125 0.0751953125 0.0703125
1 0.52392578125 0.54052734375 0.0712890625 0.0712890625
1 0.517578125 0.51171875 0.076171875 0.072265625
1 0.30908203125 0.533203125 0.0771484375 0.083984375
1 0.150390625 0.60986328125 0.076171875 0.0810546875
1 0.078125 0.6025390625 0.076171875 0.080078125
1 0.15234375 0.51025390625 0.078125 0.0810546875
1 0.5302734375 0.775390625 0.0625 0.060546875
1 0.14697265625 0.87646484375 0.0771484375 0.0810546875
1 0.0791015625 0.84814453125 0.078125 0.0810546875
1 0.07861328125 0.8056640625 0.0771484375 0.080078125
1 0.1455078125 0.841796875 0.076171875 0.08203125
1 0.150390625 0.8134765625 0.076171875 0.080078125
1 0.078125 0.7724609375 0.078125 0.080078125
1 0.50927734375 0.759765625 0.0791015625 0.072265625
1 0.078125 0.63671875 0.076171875 0.076171875
1 0.07861328125 0.73876953125 0.0771484375 0.0810546875
1 0.1484375 0.7451171875 0.076171875 0.078125
1 0.078125 0.70458984375 0.076171875 0.0771484375
1 0.0771484375 0.6708984375 0.080078125 0.08203125
1 0.1494140625 0.70947265625 0.078125 0.0791015625
1 0.14892578125 0.67578125 0.0810546875 0.078125
1 0.3056640625 0.494140625 0.07421875 0.08203125
1 0.07666015625 0.43115234375 0.0791015625 0.0791015625
1 0.5302734375 0.11865234375 0.076171875 0.0732421875
1 0.5166015625 0.26806640625 0.076171875 0.0712890625
1 0.08837890625 0.193359375 0.0751953125 0.080078125
1 0.15869140625 0.23388671875 0.0751953125 0.0791015625
1 0.30810546875 0.28125 0.0693359375 0.0703125
1 0.31494140625 0.25439453125 0.0732421875 0.0732421875
1 0.52490234375 0.330078125 0.0771484375 0.0703125
1 0.5146484375 0.30615234375 0.076171875 0.0693359375
1 0.376953125 0.2841796875 0.0703125 0.076171875
1 0.158203125 0.267578125 0.076171875 0.080078125
1 0.30859375 0.2138671875 0.072265625 0.07421875
1 0.15673828125 0.19482421875 0.0771484375 0.0791015625
1 0.0869140625 0.158203125 0.076171875 0.078125
1 0.1591796875 0.16357421875 0.076171875 0.0791015625
1 0.52197265625 0.19775390625 0.0751953125 0.0732421875
1 0.51318359375 0.16748046875 0.0771484375 0.0693359375
1 0.08642578125 0.22607421875 0.0751953125 0.0791015625
1 0.3076171875 0.31689453125 0.072265625 0.0751953125
1 0.1552734375 0.47607421875 0.078125 0.0771484375
1 0.158203125 0.33544921875 0.076171875 0.0791015625
1 0.1572265625 0.4365234375 0.07421875 0.08203125
1 0.08642578125 0.40576171875 0.0771484375 0.0810546875
1 0.0869140625 0.3623046875 0.076171875 0.078125
1 0.15966796875 0.40478515625 0.0791015625 0.0810546875
1 0.0830078125 0.32470703125 0.078125 0.0791015625
1 0.15576171875 0.36767578125 0.0751953125 0.0791015625
1 0.0849609375 0.29345703125 0.076171875 0.0791015625
1 0.37451171875 0.3515625 0.0712890625 0.07421875
1 0.08642578125 0.26123046875 0.0751953125 0.0791015625
1 0.1572265625 0.30078125 0.076171875 0.080078125
1 0.3017578125 0.3828125 0.072265625 0.07421875
1 0.30712890625 0.35107421875 0.0712890625 0.0712890625
1 0.529296875 0.39892578125 0.076171875 0.0732421875
1 0.5166015625 0.375 0.078125 0.072265625
