4 0.94287109375 0.802734375 0.0498046875 0.052734375
4 0.0625 0.908203125 0.041015625 0.04296875
4 0.01953125 0.94189453125 0.037109375 0.0439453125
4 0.0341796875 0.93212890625 0.03515625 0.0380859375
4 0.0478515625 0.9208984375 0.037109375 0.041015625
4 0.07568359375 0.8974609375 0.0380859375 0.04296875
4 0.0830078125 0.81982421875 0.037109375 0.0419921875
4 0.0888671875 0.884765625 0.0390625 0.041015625
4 0.10400390625 0.87255859375 0.0341796875 0.0419921875
4 0.017578125 0.8828125 0.033203125 0.037109375
4 0.02783203125 0.8681640625 0.0361328125 0.044921875
4 0.0400390625 0.85693359375 0.04296875 0.0400390625
4 0.05419921875 0.84326171875 0.0322265625 0.0380859375
4 0.06982421875 0.83203125 0.0400390625 0.0390625
4 0.1005859375 0.8046875 0.04296875 0.044921875
5 0.6328125 0.82177734375 0.458984375 0.3564453125
5 0.82763671875 0.884765625 0.2861328125 0.23046875
5 0.43603515625 0.75439453125 0.6318359375 0.4912109375
5 0.31640625 0.6640625 0.630859375 0.572265625
5 0.4072265625 0.3935546875 0.224609375 0.19140625
5 0.13525390625 0.5498046875 0.2685546875 0.2890625
5 0.26708984375 0.23193359375 0.0244140625 0.0244140625
5 0.23583984375 0.244140625 0.0498046875 0.044921875
5 0.2041015625 0.27001953125 0.05859375 0.0654296875
5 0.162109375 0.30029296875 0.0703125 0.0634765625
4 0.03564453125 0.1806640625 0.0341796875 0.0234375
4 0.1201171875 0.15576171875 0.017578125 0.0283203125
4 0.01611328125 0.6494140625 0.0302734375 0.048828125
4 0.0244140625 0.6416015625 0.0390625 0.044921875
4 0.04150390625 0.62451171875 0.0380859375 0.0478515625
4 0.05859375 0.61279296875 0.041015625 0.0478515625
4 0.0751953125 0.59912109375 0.0390625 0.0458984375
4 0.11083984375 0.57421875 0.0380859375 0.044921875
4 0.09228515625 0.5859375 0.0400390625 0.048828125
4 0.01513671875 0.5791015625 0.0283203125 0.046875
4 0.04443359375 0.552734375 0.0380859375 0.044921875
4 0.05908203125 0.54345703125 0.0400390625 0.0458984375
4 0.0751953125 0.5283203125 0.044921875 0.052734375
4 0.08984375 0.51416015625 0.048828125 0.0595703125
4 0.8916015625 0.8427734375 0.041015625 0.046875
4 0.5341796875 0.43603515625 0.03515625 0.0380859375
4 0.52587890625 0.50830078125 0.0361328125 0.0380859375
4 0.5400390625 0.49755859375 0.044921875 0.0478515625
4 0.55419921875 0.486328125 0.0341796875 0.041015625
4 0.568359375 0.4765625 0.037109375 0.041015625
4 0.58740234375 0.45751953125 0.0380859375 0.0419921875
4 0.56689453125 0.408203125 0.0302734375 0.0390625
4 0.552734375 0.41943359375 0.03515625 0.0361328125
4 0.521484375 0.4482421875 0.037109375 0.0390625
4 0.35498046875 0.2734375 0.0341796875 0.025390625
4 0.1376953125 0.3369140625 0.0390625 0.03125
4 0.15869140625 0.2841796875 0.0341796875 0.03515625
4 0.1982421875 0.2490234375 0.025390625 0.029296875
4 0.259765625 0.23828125 0.025390625 0.0234375
4 0.42626953125 0.26416015625 0.0244140625 0.0302734375
4 0.4365234375 0.25341796875 0.0234375 0.0302734375
4 0.39013671875 0.2275390625 0.0322265625 0.029296875
4 0.51171875 0.52197265625 0.0390625 0.0400390625
4 0.68798828125 0.5419921875 0.0341796875 0.0390625
4 0.71728515625 0.57421875 0.0341796875 0.037109375
4 0.7060546875 0.5849609375 0.037109375 0.0390625
4 0.58056640625 0.6357421875 0.0302734375 0.03515625
4 0.595703125 0.623046875 0.033203125 0.037109375
4 0.5966796875 0.68115234375 0.033203125 0.0361328125
4 0.61083984375 0.6728515625 0.0361328125 0.0390625
4 0.625 0.65771484375 0.03515625 0.0380859375
4 0.63671875 0.646484375 0.029296875 0.03125
4 0.60595703125 0.61328125 0.0361328125 0.0390625
4 0.6220703125 0.59912109375 0.033203125 0.0400390625
4 0.6337890625 0.58837890625 0.033203125 0.0380859375
4 0.65283203125 0.63525390625 0.0322265625 0.0341796875
4 0.66552734375 0.62451171875 0.0361328125 0.0380859375
4 0.67919921875 0.6103515625 0.0302734375 0.03515625
4 0.64990234375 0.576171875 0.0302734375 0.0390625
4 0.69140625 0.599609375 0.037109375 0.041015625
4 0.65869140625 0.56201171875 0.0341796875 0.0361328125
4 0.3486328125 0.2626953125 0.03515625 0.025390625
4 0.32763671875 0.2861328125 0.0322265625 0.03125
4 0.5537109375 0.6591796875 0.029296875 0.037109375
4 0.193359375 0.51220703125 0.0390625 0.0478515625
4 0.484375 0.546875 0.03515625 0.0390625
4 0.470703125 0.5556640625 0.0390625 0.041015625
4 0.1962890625 0.43994140625 0.04296875 0.0498046875
4 0.1796875 0.45361328125 0.041015625 0.0478515625
4 0.12548828125 0.48876953125 0.0380859375 0.0478515625
4 0.22998046875 0.48876953125 0.0380859375 0.0478515625
4 0.21484375 0.49951171875 0.0390625 0.0478515625
4 0.18017578125 0.5283203125 0.0419921875 0.052734375
4 0.283203125 0.32373046875 0.044921875 0.0419921875
4 0.1455078125 0.5517578125 0.037109375 0.046875
4 0.1279296875 0.5654296875 0.0390625 0.046875
4 0.4228515625 0.533203125 0.03515625 0.0390625
4 0.41015625 0.54296875 0.037109375 0.0390625
4 0.3955078125 0.55615234375 0.033203125 0.0380859375
4 0.3828125 0.56640625 0.033203125 0.037109375
4 0.36767578125 0.5771484375 0.0341796875 0.044921875
4 0.4375 0.517578125 0.03515625 0.0390625
4 0.4521484375 0.50927734375 0.033203125 0.0400390625
4 0.4990234375 0.53466796875 0.037109375 0.0419921875
4 0.4658203125 0.49609375 0.03515625 0.044921875
4 0.29296875 0.33447265625 0.04296875 0.0439453125
4 0.48583984375 0.333984375 0.0322265625 0.041015625
4 0.4697265625 0.34912109375 0.041015625 0.0498046875
4 0.45263671875 0.36083984375 0.0400390625 0.0458984375
4 0.43505859375 0.37548828125 0.0400390625 0.0478515625
4 0.41943359375 0.38671875 0.0361328125 0.044921875
4 0.40087890625 0.3994140625 0.0419921875 0.048828125
4 0.3857421875 0.41064453125 0.0390625 0.0498046875
4 0.3701171875 0.423828125 0.041015625 0.046875
4 0.353515625 0.4365234375 0.0390625 0.05078125
4 0.3369140625 0.4501953125 0.0390625 0.048828125
4 0.31689453125 0.4599609375 0.0439453125 0.0546875
4 0.505859375 0.4599609375 0.033203125 0.041015625
4 0.4951171875 0.47265625 0.033203125 0.0390625
4 0.47998046875 0.486328125 0.0322265625 0.037109375
4 0.5673828125 0.64599609375 0.03515625 0.0400390625
4 0.54150390625 0.66845703125 0.0322265625 0.0400390625
4 0.57763671875 0.9306640625 0.0244140625 0.03125
4 0.50732421875 0.98828125 0.0263671875 0.0234375
4 0.53271484375 0.97314453125 0.0341796875 0.0361328125
4 0.517578125 0.93115234375 0.033203125 0.0341796875
4 0.5283203125 0.9208984375 0.02734375 0.03515625
4 0.54248046875 0.90966796875 0.0341796875 0.0361328125
4 0.55712890625 0.9521484375 0.0322265625 0.037109375
4 0.5693359375 0.94140625 0.029296875 0.03515625
4 0.7646484375 0.96044921875 0.048828125 0.0498046875
4 0.62646484375 0.88916015625 0.0302734375 0.0361328125
4 0.77685546875 0.9423828125 0.0380859375 0.04296875
4 0.79443359375 0.92822265625 0.0517578125 0.0498046875
4 0.8115234375 0.9140625 0.046875 0.048828125
4 0.591796875 0.92138671875 0.03125 0.0361328125
4 0.5634765625 0.888671875 0.033203125 0.037109375
4 0.57421875 0.87939453125 0.02734375 0.0283203125
4 0.5859375 0.8681640625 0.033203125 0.03515625
4 0.7490234375 0.974609375 0.052734375 0.05078125
4 0.73291015625 0.98388671875 0.0439453125 0.0322265625
4 0.87548828125 0.857421875 0.0478515625 0.052734375
4 0.86279296875 0.876953125 0.0498046875 0.0546875
4 0.8466796875 0.8896484375 0.048828125 0.048828125
4 0.61572265625 0.89892578125 0.0263671875 0.0322265625
4 0.599609375 0.86083984375 0.025390625 0.0302734375
4 0.583984375 0.69384765625 0.03515625 0.0361328125
4 0.81005859375 0.67138671875 0.0302734375 0.0322265625
4 0.7744140625 0.701171875 0.029296875 0.03125
4 0.78662109375 0.69140625 0.0283203125 0.033203125
4 0.79833984375 0.6806640625 0.0302734375 0.03515625
4 0.80419921875 0.732421875 0.0302734375 0.03125
4 0.81494140625 0.72216796875 0.0283203125 0.0322265625
4 0.8251953125 0.7099609375 0.025390625 0.025390625
4 0.8369140625 0.701171875 0.029296875 0.033203125
4 0.5263671875 0.6796875 0.03125 0.03515625
4 0.63427734375 0.82568359375 0.0322265625 0.0341796875
4 0.51513671875 0.689453125 0.0341796875 0.037109375
4 0.50634765625 0.75830078125 0.0322265625 0.0341796875
4 0.521484375 0.75 0.03125 0.03515625
4 0.53369140625 0.73779296875 0.0341796875 0.0361328125
4 0.54638671875 0.7265625 0.0341796875 0.041015625
4 0.55908203125 0.71533203125 0.0361328125 0.0419921875
4 0.5712890625 0.7041015625 0.029296875 0.037109375
4 0.7626953125 0.708984375 0.03125 0.037109375
4 0.751953125 0.7216796875 0.02734375 0.033203125
4 0.740234375 0.73046875 0.02734375 0.03515625
4 0.72802734375 0.74365234375 0.0361328125 0.0361328125
4 0.64794921875 0.81884765625 0.0302734375 0.0341796875
4 0.65771484375 0.80712890625 0.0322265625 0.0341796875
4 0.65185546875 0.8701171875 0.0302734375 0.03515625
4 0.6640625 0.85986328125 0.033203125 0.0380859375
4 0.67529296875 0.84912109375 0.0302734375 0.0322265625
4 0.685546875 0.837890625 0.02734375 0.03515625
4 0.69970703125 0.828125 0.0341796875 0.033203125
4 0.66796875 0.79541015625 0.029296875 0.0322265625
4 0.67919921875 0.7822265625 0.0361328125 0.033203125
4 0.69287109375 0.77392578125 0.0302734375 0.0341796875
4 0.70458984375 0.763671875 0.0302734375 0.03125
4 0.71630859375 0.75537109375 0.0224609375 0.0244140625
4 0.73486328125 0.796875 0.0283203125 0.037109375
4 0.7568359375 0.77392578125 0.029296875 0.0341796875
4 0.771484375 0.765625 0.03125 0.033203125
4 0.353515625 0.59033203125 0.0390625 0.0400390625
4 0.337890625 0.599609375 0.03515625 0.041015625
4 0.45703125 0.57177734375 0.03515625 0.0361328125
4 0.45703125 0.97998046875 0.02734375 0.0361328125
4 0.44580078125 0.98779296875 0.0322265625 0.0244140625
4 0.427734375 0.99365234375 0.01953125 0.0126953125
4 0.44140625 0.57861328125 0.037109375 0.0380859375
4 0.42431640625 0.76611328125 0.0341796875 0.0400390625
4 0.22900390625 0.69677734375 0.0419921875 0.0458984375
4 0.27734375 0.72265625 0.03515625 0.037109375
4 0.26318359375 0.73388671875 0.0380859375 0.0419921875
4 0.2119140625 0.712890625 0.04296875 0.046875
4 0.1806640625 0.740234375 0.04296875 0.05078125
4 0.1650390625 0.74853515625 0.04296875 0.0439453125
4 0.24560546875 0.75146484375 0.0380859375 0.0439453125
4 0.412109375 0.77783203125 0.03515625 0.0380859375
4 0.396484375 0.78759765625 0.03515625 0.0380859375
4 0.46826171875 0.791015625 0.0380859375 0.041015625
4 0.45751953125 0.80419921875 0.0341796875 0.0400390625
4 0.4453125 0.81640625 0.033203125 0.0390625
4 0.41943359375 0.84326171875 0.0361328125 0.0439453125
4 0.36669921875 0.8193359375 0.0400390625 0.041015625
4 0.23193359375 0.76318359375 0.0439453125 0.0439453125
4 0.2431640625 0.68359375 0.04296875 0.046875
4 0.29638671875 0.71044921875 0.0380859375 0.0419921875
4 0.3095703125 0.69384765625 0.0390625 0.0439453125
4 0.3271484375 0.6806640625 0.033203125 0.041015625
4 0.42919921875 0.59521484375 0.0361328125 0.0380859375
4 0.4150390625 0.6044921875 0.037109375 0.04296875
4 0.40185546875 0.61767578125 0.0361328125 0.0439453125
4 0.38623046875 0.62841796875 0.0380859375 0.0419921875
4 0.37353515625 0.642578125 0.0380859375 0.044921875
4 0.36083984375 0.6533203125 0.0380859375 0.044921875
4 0.30517578125 0.62744140625 0.0361328125 0.0419921875
4 0.29443359375 0.640625 0.0400390625 0.04296875
4 0.27587890625 0.6552734375 0.0341796875 0.046875
4 0.50244140625 0.701171875 0.0380859375 0.04296875
4 0.49169921875 0.712890625 0.0322265625 0.03515625
4 0.4775390625 0.7236328125 0.03125 0.037109375
4 0.49462890625 0.7705078125 0.0283203125 0.03515625
4 0.451171875 0.7451171875 0.03515625 0.041015625
4 0.43896484375 0.7568359375 0.0361328125 0.0390625
4 0.21484375 0.7822265625 0.037109375 0.044921875
4 0.201171875 0.79345703125 0.03515625 0.0419921875
4 0.14453125 0.76123046875 0.0390625 0.0439453125
4 0.318359375 0.93017578125 0.03515625 0.0341796875
4 0.2421875 0.9248046875 0.0390625 0.0390625
4 0.3037109375 0.94091796875 0.03515625 0.0400390625
4 0.2900390625 0.9541015625 0.0390625 0.04296875
4 0.27783203125 0.96728515625 0.0419921875 0.0439453125
4 0.22900390625 0.93994140625 0.0361328125 0.0361328125
4 0.212890625 0.9501953125 0.0390625 0.0390625
4 0.19921875 0.9619140625 0.03125 0.03515625
4 0.18701171875 0.97412109375 0.0361328125 0.0400390625
4 0.17236328125 0.9853515625 0.0302734375 0.029296875
4 0.15625 0.99072265625 0.02734375 0.0185546875
4 0.2470703125 0.98583984375 0.03125 0.0283203125
4 0.22705078125 0.99072265625 0.0263671875 0.0185546875
4 0.26904296875 0.90478515625 0.0419921875 0.0439453125
4 0.33154296875 0.91796875 0.0400390625 0.041015625
4 0.1337890625 0.77783203125 0.0390625 0.0439453125
4 0.34765625 0.90625 0.037109375 0.04296875
4 0.11572265625 0.7939453125 0.0419921875 0.048828125
4 0.18115234375 0.80712890625 0.0341796875 0.0361328125
4 0.1689453125 0.8203125 0.029296875 0.04296875
4 0.150390625 0.83349609375 0.041015625 0.0400390625
4 0.13818359375 0.84716796875 0.0361328125 0.0419921875
4 0.11962890625 0.86328125 0.0380859375 0.04296875
4 0.33740234375 0.84375 0.0322265625 0.037109375
4 0.32666015625 0.85595703125 0.0419921875 0.0400390625
4 0.38720703125 0.87109375 0.0419921875 0.044921875
4 0.37255859375 0.8818359375 0.0380859375 0.037109375
4 0.310546875 0.8681640625 0.03515625 0.0390625
4 0.29736328125 0.87841796875 0.0419921875 0.0400390625
4 0.4921875 0.951171875 0.03125 0.03125
4 0.4814453125 0.96337890625 0.0234375 0.0283203125
4 0.47021484375 0.97216796875 0.0263671875 0.0302734375
5 0.12109375 0.3408203125 0.083984375 0.052734375
