0 0.21875 0.1396484375 0.06640625 0.029296875
1 0.294921875 0.490234375 0.091796875 0.06640625
1 0.42431640625 0.28662109375 0.0869140625 0.0634765625
1 0.412109375 0.3076171875 0.078125 0.056640625
1 0.3916015625 0.32568359375 0.08984375 0.0634765625
1 0.38037109375 0.3466796875 0.0908203125 0.064453125
1 0.365234375 0.36474609375 0.091796875 0.0634765625
1 0.12548828125 0.36865234375 0.1025390625 0.0322265625
1 0.3544921875 0.38671875 0.087890625 0.05859375
1 0.34326171875 0.40869140625 0.0869140625 0.0634765625
1 0.33056640625 0.42822265625 0.0888671875 0.0634765625
1 0.31982421875 0.4482421875 0.0888671875 0.064453125
1 0.306640625 0.46826171875 0.087890625 0.0634765625
1 0.28125 0.51123046875 0.08984375 0.0654296875
0 0.3046875 0.0322265625 0.04296875 0.0625
1 0.08935546875 0.47900390625 0.0791015625 0.0322265625
0 0.18896484375 0.0283203125 0.0341796875 0.046875
0 0.19677734375 0.07958984375 0.0302734375 0.0458984375
0 0.1689453125 0.18017578125 0.044921875 0.0244140625
0 0.01611328125 0.294921875 0.0322265625 0.044921875
0 0.5029296875 0.19775390625 0.060546875 0.0478515625
0 0.52197265625 0.16015625 0.0595703125 0.048828125
0 0.40283203125 0.06103515625 0.0478515625 0.0673828125
0 0.37548828125 0.05322265625 0.0439453125 0.0615234375
0 0.35302734375 0.04541015625 0.0458984375 0.0654296875
0 0.32861328125 0.03955078125 0.0419921875 0.0615234375
1 0.46044921875 0.22607421875 0.0869140625 0.0673828125
