4 0.3642578125 0.908203125 0.041015625 0.04296875
4 0.318359375 0.94189453125 0.04296875 0.0439453125
4 0.3359375 0.93212890625 0.03515625 0.0380859375
4 0.349609375 0.9208984375 0.037109375 0.041015625
4 0.37744140625 0.8974609375 0.0380859375 0.04296875
4 0.384765625 0.81982421875 0.037109375 0.0419921875
4 0.390625 0.884765625 0.0390625 0.041015625
4 0.40576171875 0.87255859375 0.0341796875 0.0419921875
4 0.28857421875 0.90478515625 0.0341796875 0.0380859375
4 0.31640625 0.8818359375 0.0390625 0.0390625
4 0.32958984375 0.8681640625 0.0361328125 0.044921875
4 0.341796875 0.85693359375 0.04296875 0.0400390625
4 0.35595703125 0.84326171875 0.0322265625 0.0380859375
4 0.37158203125 0.83203125 0.0400390625 0.0390625
4 0.40234375 0.8046875 0.04296875 0.044921875
5 0.8525390625 0.87060546875 0.294921875 0.2587890625
5 0.7109375 0.755859375 0.578125 0.48828125
4 0.27197265625 0.67431640625 0.0400390625 0.0478515625
5 0.595703125 0.67138671875 0.67578125 0.5869140625
5 0.708984375 0.3935546875 0.224609375 0.19140625
5 0.3955078125 0.5537109375 0.3515625 0.296875
5 0.56884765625 0.23193359375 0.0244140625 0.0244140625
5 0.53759765625 0.244140625 0.0498046875 0.044921875
5 0.505859375 0.27001953125 0.05859375 0.0654296875
5 0.4638671875 0.30029296875 0.0703125 0.0634765625
4 0.2763671875 0.2353515625 0.0234375 0.03125
4 0.33740234375 0.1806640625 0.0341796875 0.0234375
4 0.421875 0.15576171875 0.017578125 0.0283203125
4 0.29296875 0.66357421875 0.041015625 0.0498046875
4 0.310546875 0.64892578125 0.044921875 0.0498046875
4 0.27587890625 0.6064453125 0.0361328125 0.044921875
4 0.29052734375 0.591796875 0.0419921875 0.048828125
4 0.326171875 0.6416015625 0.0390625 0.044921875
4 0.34326171875 0.62451171875 0.0380859375 0.0478515625
4 0.3603515625 0.61279296875 0.041015625 0.0478515625
4 0.376953125 0.59912109375 0.0390625 0.0458984375
4 0.41259765625 0.57421875 0.0380859375 0.044921875
4 0.39404296875 0.5859375 0.0400390625 0.048828125
4 0.31005859375 0.5791015625 0.0419921875 0.046875
4 0.34619140625 0.552734375 0.0380859375 0.044921875
4 0.36083984375 0.54345703125 0.0400390625 0.0458984375
4 0.376953125 0.5283203125 0.044921875 0.052734375
4 0.3916015625 0.51416015625 0.048828125 0.0595703125
4 0.8359375 0.43603515625 0.03515625 0.0380859375
4 0.82763671875 0.50830078125 0.0361328125 0.0380859375
4 0.841796875 0.49755859375 0.044921875 0.0478515625
4 0.85595703125 0.486328125 0.0341796875 0.041015625
4 0.8701171875 0.4765625 0.037109375 0.041015625
4 0.88916015625 0.45751953125 0.0380859375 0.0419921875
4 0.86865234375 0.408203125 0.0302734375 0.0390625
4 0.8544921875 0.41943359375 0.03515625 0.0361328125
4 0.8232421875 0.4482421875 0.037109375 0.0390625
4 0.65673828125 0.2734375 0.0341796875 0.025390625
4 0.439453125 0.3369140625 0.0390625 0.03125
4 0.46044921875 0.2841796875 0.0341796875 0.03515625
4 0.5 0.2490234375 0.025390625 0.029296875
4 0.5615234375 0.23828125 0.025390625 0.0234375
4 0.72802734375 0.26416015625 0.0244140625 0.0302734375
4 0.73828125 0.25341796875 0.0234375 0.0302734375
4 0.69189453125 0.2275390625 0.0322265625 0.029296875
4 0.8134765625 0.52197265625 0.0390625 0.0400390625
4 0.986328125 0.541015625 0.02734375 0.037109375
4 0.99462890625 0.576171875 0.0107421875 0.021484375
4 0.88232421875 0.6357421875 0.0302734375 0.03515625
4 0.8974609375 0.623046875 0.033203125 0.037109375
4 0.8984375 0.68115234375 0.033203125 0.0361328125
4 0.91259765625 0.6728515625 0.0361328125 0.0390625
4 0.9267578125 0.65771484375 0.03515625 0.0380859375
4 0.9384765625 0.646484375 0.029296875 0.03125
4 0.90771484375 0.61328125 0.0361328125 0.0390625
4 0.923828125 0.59912109375 0.033203125 0.0400390625
4 0.935546875 0.58837890625 0.033203125 0.0380859375
4 0.95458984375 0.63525390625 0.0322265625 0.0341796875
4 0.96728515625 0.62451171875 0.0361328125 0.0380859375
4 0.98095703125 0.6103515625 0.0302734375 0.03515625
4 0.95166015625 0.576171875 0.0302734375 0.0390625
4 0.9873046875 0.599609375 0.025390625 0.041015625
4 0.96044921875 0.56201171875 0.0341796875 0.0361328125
4 0.650390625 0.2626953125 0.03515625 0.025390625
4 0.62939453125 0.2861328125 0.0322265625 0.03125
4 0.85546875 0.6591796875 0.029296875 0.037109375
4 0.4951171875 0.51220703125 0.0390625 0.0478515625
4 0.7861328125 0.546875 0.03515625 0.0390625
4 0.7724609375 0.5556640625 0.0390625 0.041015625
4 0.498046875 0.43994140625 0.04296875 0.0498046875
4 0.4814453125 0.45361328125 0.041015625 0.0478515625
4 0.42724609375 0.48876953125 0.0380859375 0.0478515625
4 0.53173828125 0.48876953125 0.0380859375 0.0478515625
4 0.5166015625 0.49951171875 0.0390625 0.0478515625
4 0.48193359375 0.5283203125 0.0419921875 0.052734375
4 0.5849609375 0.32373046875 0.044921875 0.0419921875
4 0.447265625 0.5517578125 0.037109375 0.046875
4 0.4296875 0.5654296875 0.0390625 0.046875
4 0.724609375 0.533203125 0.03515625 0.0390625
4 0.7119140625 0.54296875 0.037109375 0.0390625
4 0.697265625 0.55615234375 0.033203125 0.0380859375
4 0.6845703125 0.56640625 0.033203125 0.037109375
4 0.66943359375 0.5771484375 0.0341796875 0.044921875
4 0.7392578125 0.517578125 0.03515625 0.0390625
4 0.75390625 0.50927734375 0.033203125 0.0400390625
4 0.80078125 0.53466796875 0.037109375 0.0419921875
4 0.767578125 0.49609375 0.03515625 0.044921875
4 0.5947265625 0.33447265625 0.04296875 0.0439453125
4 0.78759765625 0.333984375 0.0322265625 0.041015625
4 0.771484375 0.34912109375 0.041015625 0.0498046875
4 0.75439453125 0.36083984375 0.0400390625 0.0458984375
4 0.73681640625 0.37548828125 0.0400390625 0.0478515625
4 0.72119140625 0.38671875 0.0361328125 0.044921875
4 0.70263671875 0.3994140625 0.0419921875 0.048828125
4 0.6875 0.41064453125 0.0390625 0.0498046875
4 0.671875 0.423828125 0.041015625 0.046875
4 0.6552734375 0.4365234375 0.0390625 0.05078125
4 0.638671875 0.4501953125 0.0390625 0.048828125
4 0.61865234375 0.4599609375 0.0439453125 0.0546875
4 0.8076171875 0.4599609375 0.033203125 0.041015625
4 0.796875 0.47265625 0.033203125 0.0390625
4 0.78173828125 0.486328125 0.0322265625 0.037109375
4 0.869140625 0.64599609375 0.03515625 0.0400390625
4 0.84326171875 0.66845703125 0.0322265625 0.0400390625
4 0.87939453125 0.9306640625 0.0244140625 0.03125
4 0.80908203125 0.98828125 0.0263671875 0.0234375
4 0.83447265625 0.97314453125 0.0341796875 0.0361328125
4 0.8193359375 0.93115234375 0.033203125 0.0341796875
4 0.830078125 0.9208984375 0.02734375 0.03515625
4 0.84423828125 0.90966796875 0.0341796875 0.0361328125
4 0.85888671875 0.9521484375 0.0322265625 0.037109375
4 0.87109375 0.94140625 0.029296875 0.03515625
4 0.92822265625 0.88916015625 0.0302734375 0.0361328125
4 0.8935546875 0.92138671875 0.03125 0.0361328125
4 0.865234375 0.888671875 0.033203125 0.037109375
4 0.8759765625 0.87939453125 0.02734375 0.0283203125
4 0.8876953125 0.8681640625 0.033203125 0.03515625
4 0.91748046875 0.89892578125 0.0263671875 0.0322265625
4 0.9013671875 0.86083984375 0.025390625 0.0302734375
4 0.8857421875 0.69384765625 0.03515625 0.0361328125
4 0.828125 0.6796875 0.03125 0.03515625
4 0.93603515625 0.82568359375 0.0322265625 0.0341796875
4 0.81689453125 0.689453125 0.0341796875 0.037109375
4 0.80810546875 0.75830078125 0.0322265625 0.0341796875
4 0.8232421875 0.75 0.03125 0.03515625
4 0.83544921875 0.73779296875 0.0341796875 0.0361328125
4 0.84814453125 0.7265625 0.0341796875 0.041015625
4 0.86083984375 0.71533203125 0.0361328125 0.0419921875
4 0.873046875 0.7041015625 0.029296875 0.037109375
4 0.94970703125 0.81884765625 0.0302734375 0.0341796875
4 0.95947265625 0.80712890625 0.0322265625 0.0341796875
4 0.95361328125 0.8701171875 0.0302734375 0.03515625
4 0.9658203125 0.85986328125 0.033203125 0.0380859375
4 0.97705078125 0.84912109375 0.0302734375 0.0322265625
4 0.98681640625 0.837890625 0.0263671875 0.03515625
4 0.9921875 0.82373046875 0.015625 0.0244140625
4 0.9697265625 0.79541015625 0.029296875 0.0322265625
4 0.98095703125 0.7822265625 0.0361328125 0.033203125
4 0.98974609375 0.77294921875 0.0205078125 0.0322265625
4 0.99560546875 0.75634765625 0.0087890625 0.0166015625
4 0.6552734375 0.59033203125 0.0390625 0.0400390625
4 0.6396484375 0.599609375 0.03515625 0.041015625
4 0.7587890625 0.57177734375 0.03515625 0.0361328125
4 0.7587890625 0.97998046875 0.02734375 0.0361328125
4 0.74755859375 0.98779296875 0.0322265625 0.0244140625
4 0.7294921875 0.99365234375 0.01953125 0.0126953125
4 0.7431640625 0.57861328125 0.037109375 0.0380859375
4 0.72607421875 0.76611328125 0.0341796875 0.0400390625
4 0.53076171875 0.69677734375 0.0419921875 0.0458984375
4 0.5791015625 0.72265625 0.03515625 0.037109375
4 0.56494140625 0.73388671875 0.0380859375 0.0419921875
4 0.513671875 0.712890625 0.04296875 0.046875
4 0.482421875 0.740234375 0.04296875 0.05078125
4 0.466796875 0.74853515625 0.04296875 0.0439453125
4 0.54736328125 0.75146484375 0.0380859375 0.0439453125
4 0.7138671875 0.77783203125 0.03515625 0.0380859375
4 0.6982421875 0.78759765625 0.03515625 0.0380859375
4 0.77001953125 0.791015625 0.0380859375 0.041015625
4 0.75927734375 0.80419921875 0.0341796875 0.0400390625
4 0.7470703125 0.81640625 0.033203125 0.0390625
4 0.72119140625 0.84326171875 0.0361328125 0.0439453125
4 0.66845703125 0.8193359375 0.0400390625 0.041015625
4 0.53369140625 0.76318359375 0.0439453125 0.0439453125
4 0.544921875 0.68359375 0.04296875 0.046875
4 0.59814453125 0.71044921875 0.0380859375 0.0419921875
4 0.611328125 0.69384765625 0.0390625 0.0439453125
4 0.62890625 0.6806640625 0.033203125 0.041015625
4 0.73095703125 0.59521484375 0.0361328125 0.0380859375
4 0.716796875 0.6044921875 0.037109375 0.04296875
4 0.70361328125 0.61767578125 0.0361328125 0.0439453125
4 0.68798828125 0.62841796875 0.0380859375 0.0419921875
4 0.67529296875 0.642578125 0.0380859375 0.044921875
4 0.66259765625 0.6533203125 0.0380859375 0.044921875
4 0.60693359375 0.62744140625 0.0361328125 0.0419921875
4 0.59619140625 0.640625 0.0400390625 0.04296875
4 0.57763671875 0.6552734375 0.0341796875 0.046875
4 0.80419921875 0.701171875 0.0380859375 0.04296875
4 0.79345703125 0.712890625 0.0322265625 0.03515625
4 0.779296875 0.7236328125 0.03125 0.037109375
4 0.79638671875 0.7705078125 0.0283203125 0.03515625
4 0.7529296875 0.7451171875 0.03515625 0.041015625
4 0.74072265625 0.7568359375 0.0361328125 0.0390625
4 0.5166015625 0.7822265625 0.037109375 0.044921875
4 0.5029296875 0.79345703125 0.03515625 0.0419921875
4 0.4462890625 0.76123046875 0.0390625 0.0439453125
4 0.6201171875 0.93017578125 0.03515625 0.0341796875
4 0.5439453125 0.9248046875 0.0390625 0.0390625
4 0.60546875 0.94091796875 0.03515625 0.0400390625
4 0.591796875 0.9541015625 0.0390625 0.04296875
4 0.57958984375 0.96728515625 0.0419921875 0.0439453125
4 0.53076171875 0.93994140625 0.0361328125 0.0361328125
4 0.5146484375 0.9501953125 0.0390625 0.0390625
4 0.5009765625 0.9619140625 0.03125 0.03515625
4 0.48876953125 0.97412109375 0.0361328125 0.0400390625
4 0.47412109375 0.9853515625 0.0302734375 0.029296875
4 0.4580078125 0.99072265625 0.02734375 0.0185546875
4 0.548828125 0.98583984375 0.03125 0.0283203125
4 0.52880859375 0.99072265625 0.0263671875 0.0185546875
4 0.57080078125 0.90478515625 0.0419921875 0.0439453125
4 0.63330078125 0.91796875 0.0400390625 0.041015625
4 0.435546875 0.77783203125 0.0390625 0.0439453125
4 0.6494140625 0.90625 0.037109375 0.04296875
4 0.41748046875 0.7939453125 0.0419921875 0.048828125
4 0.48291015625 0.80712890625 0.0341796875 0.0361328125
4 0.470703125 0.8203125 0.029296875 0.04296875
4 0.4521484375 0.83349609375 0.041015625 0.0400390625
4 0.43994140625 0.84716796875 0.0361328125 0.0419921875
4 0.42138671875 0.86328125 0.0380859375 0.04296875
4 0.63916015625 0.84375 0.0322265625 0.037109375
4 0.62841796875 0.85595703125 0.0419921875 0.0400390625
4 0.68896484375 0.87109375 0.0419921875 0.044921875
4 0.67431640625 0.8818359375 0.0380859375 0.037109375
4 0.6123046875 0.8681640625 0.03515625 0.0390625
4 0.59912109375 0.87841796875 0.0419921875 0.0400390625
4 0.7939453125 0.951171875 0.03125 0.03125
4 0.783203125 0.96337890625 0.0234375 0.0283203125
4 0.77197265625 0.97216796875 0.0263671875 0.0302734375
5 0.4228515625 0.3408203125 0.083984375 0.052734375
