4 0.75634765625 0.97021484375 0.0107421875 0.0146484375
4 0.56591796875 0.5087890625 0.0244140625 0.017578125
4 0.39453125 0.73974609375 0.015625 0.0146484375
4 0.41796875 0.8603515625 0.015625 0.017578125
4 0.38720703125 0.8427734375 0.0166015625 0.021484375
4 0.56884765625 0.83837890625 0.0185546875 0.0107421875
4 0.42919921875 0.80029296875 0.0146484375 0.0166015625
4 0.39892578125 0.8056640625 0.0107421875 0.017578125
4 0.3876953125 0.8076171875 0.009765625 0.017578125
4 0.384765625 0.7890625 0.01953125 0.021484375
4 0.423828125 0.7802734375 0.01953125 0.021484375
4 0.361328125 0.75830078125 0.0234375 0.0185546875
4 0.37451171875 0.75439453125 0.0166015625 0.0185546875
4 0.38525390625 0.75244140625 0.0166015625 0.0224609375
4 0.39501953125 0.75048828125 0.0166015625 0.0185546875
4 0.39599609375 0.7294921875 0.0205078125 0.01953125
4 0.341796875 0.70654296875 0.005859375 0.0166015625
4 0.36767578125 0.703125 0.0126953125 0.01953125
4 0.3798828125 0.7001953125 0.01171875 0.01953125
4 0.38623046875 0.69970703125 0.0087890625 0.0185546875
4 0.39453125 0.69775390625 0.01171875 0.0185546875
4 0.40234375 0.697265625 0.009765625 0.017578125
4 0.43115234375 0.69677734375 0.0126953125 0.0087890625
4 0.43115234375 0.6904296875 0.0146484375 0.01171875
4 0.43310546875 0.6826171875 0.0146484375 0.01171875
4 0.43212890625 0.6748046875 0.0126953125 0.01171875
4 0.423828125 0.67578125 0.013671875 0.013671875
4 0.529296875 0.65625 0.013671875 0.009765625
4 0.529296875 0.87060546875 0.01953125 0.0107421875
4 0.52587890625 0.87939453125 0.0146484375 0.0087890625
4 0.56494140625 0.8994140625 0.0146484375 0.009765625
4 0.56640625 0.90966796875 0.017578125 0.0107421875
4 0.3564453125 0.99560546875 0.01171875 0.0087890625
4 0.345703125 0.9970703125 0.009765625 0.005859375
4 0.32763671875 0.95556640625 0.0205078125 0.0224609375
4 0.33935546875 0.95556640625 0.0166015625 0.0185546875
4 0.3603515625 0.955078125 0.013671875 0.01953125
4 0.35693359375 0.93896484375 0.0126953125 0.0185546875
4 0.32666015625 0.93603515625 0.0146484375 0.0224609375
4 0.40380859375 0.90087890625 0.0224609375 0.0146484375
4 0.40576171875 0.890625 0.0205078125 0.013671875
4 0.35986328125 0.89208984375 0.0107421875 0.0244140625
4 0.3486328125 0.892578125 0.009765625 0.02734375
4 0.33984375 0.8955078125 0.009765625 0.0234375
4 0.32958984375 0.89697265625 0.0068359375 0.0224609375
4 0.56396484375 0.91845703125 0.0166015625 0.0107421875
4 0.56884765625 0.51904296875 0.0205078125 0.0146484375
4 0.56396484375 0.5 0.0224609375 0.015625
4 0.79736328125 0.7841796875 0.0126953125 0.013671875
4 0.31640625 0.98828125 0.013671875 0.01953125
4 0.31591796875 0.95654296875 0.0185546875 0.0205078125
4 0.31494140625 0.93603515625 0.0146484375 0.0205078125
4 0.3056640625 0.93408203125 0.013671875 0.0205078125
4 0.31982421875 0.896484375 0.0107421875 0.01953125
4 0.3115234375 0.89501953125 0.0078125 0.0185546875
4 0.03759765625 0.88916015625 0.0087890625 0.0185546875
4 0.021484375 0.7470703125 0.01171875 0.01953125
4 0.01220703125 0.74609375 0.0126953125 0.021484375
5 0.6455078125 0.40087890625 0.072265625 0.1298828125
5 0.966796875 0.51123046875 0.044921875 0.0615234375
5 0.57958984375 0.6181640625 0.0341796875 0.078125
5 0.77001953125 0.78271484375 0.0693359375 0.0869140625
5 0.82958984375 0.8251953125 0.1376953125 0.052734375
4 0.5595703125 0.48974609375 0.0234375 0.0166015625
5 0.86083984375 0.8583984375 0.1005859375 0.033203125
5 0.85400390625 0.95458984375 0.0673828125 0.0498046875
5 0.61865234375 0.8486328125 0.0654296875 0.076171875
5 0.6064453125 0.94775390625 0.068359375 0.1044921875
5 0.54736328125 0.94873046875 0.0615234375 0.1025390625
5 0.50927734375 0.92919921875 0.0576171875 0.1416015625
5 0.5634765625 0.8251953125 0.052734375 0.064453125
5 0.60400390625 0.79638671875 0.1142578125 0.0595703125
5 0.607421875 0.7373046875 0.09375 0.06640625
5 0.59912109375 0.673828125 0.1142578125 0.04296875
5 0.62744140625 0.59375 0.0322265625 0.111328125
5 0.9775390625 0.158203125 0.044921875 0.103515625
5 0.9501953125 0.2197265625 0.099609375 0.169921875
5 0.90185546875 0.244140625 0.1162109375 0.1875
5 0.85986328125 0.259765625 0.0869140625 0.17578125
5 0.8310546875 0.32421875 0.107421875 0.15625
5 0.7734375 0.35205078125 0.111328125 0.1591796875
5 0.71435546875 0.38720703125 0.1298828125 0.1669921875
5 0.6767578125 0.46240234375 0.083984375 0.0693359375
4 0.43115234375 0.1689453125 0.0244140625 0.021484375
4 0.44091796875 0.162109375 0.0283203125 0.025390625
4 0.4521484375 0.158203125 0.02734375 0.0234375
4 0.37158203125 0.185546875 0.0185546875 0.02734375
4 0.38916015625 0.154296875 0.0263671875 0.01953125
4 0.4638671875 0.115234375 0.013671875 0.0234375
4 0.4873046875 0.08056640625 0.029296875 0.0244140625
4 0.41845703125 0.17333984375 0.0205078125 0.0185546875
4 0.40625 0.17724609375 0.03125 0.0244140625
4 0.39892578125 0.185546875 0.0224609375 0.017578125
4 0.421875 0.21240234375 0.013671875 0.0224609375
4 0.5556640625 0.48095703125 0.021484375 0.0146484375
4 0.54345703125 0.453125 0.0263671875 0.017578125
4 0.5419921875 0.4443359375 0.0234375 0.015625
4 0.5380859375 0.43359375 0.0234375 0.015625
4 0.53662109375 0.4248046875 0.0224609375 0.015625
4 0.56005859375 0.4140625 0.0263671875 0.017578125
4 0.52978515625 0.416015625 0.0283203125 0.017578125
4 0.55859375 0.40234375 0.029296875 0.017578125
4 0.52978515625 0.40380859375 0.0205078125 0.0146484375
4 0.525390625 0.3974609375 0.0234375 0.017578125
4 0.51904296875 0.38671875 0.0224609375 0.015625
4 0.5458984375 0.38232421875 0.021484375 0.0146484375
4 0.54248046875 0.37451171875 0.0205078125 0.0126953125
4 0.43310546875 0.33349609375 0.0126953125 0.0302734375
4 0.40380859375 0.2744140625 0.0087890625 0.021484375
4 0.50927734375 0.25390625 0.0224609375 0.01953125
4 0.43994140625 0.26025390625 0.0087890625 0.0244140625
4 0.57080078125 0.20849609375 0.0185546875 0.0263671875
4 0.552734375 0.21728515625 0.01953125 0.0263671875
4 0.54443359375 0.22265625 0.0185546875 0.025390625
4 0.5322265625 0.22607421875 0.017578125 0.0224609375
4 0.50390625 0.17822265625 0.01953125 0.0126953125
4 0.376953125 0.2158203125 0.0234375 0.017578125
4 0.4599609375 0.2060546875 0.0234375 0.017578125
4 0.4482421875 0.21435546875 0.025390625 0.0205078125
4 0.77685546875 0.384765625 0.0146484375 0.017578125
4 0.841796875 0.38623046875 0.017578125 0.0244140625
4 0.77978515625 0.34619140625 0.0205078125 0.0166015625
4 0.7841796875 0.35400390625 0.021484375 0.0166015625
4 0.78857421875 0.3671875 0.0185546875 0.015625
4 0.79296875 0.37255859375 0.01953125 0.0146484375
4 0.7978515625 0.3828125 0.01953125 0.015625
4 0.802734375 0.39013671875 0.0234375 0.0185546875
4 0.814453125 0.404296875 0.017578125 0.0234375
4 0.8056640625 0.40869140625 0.017578125 0.0244140625
4 0.79638671875 0.4130859375 0.0166015625 0.0234375
4 0.78857421875 0.419921875 0.0166015625 0.025390625
4 0.7822265625 0.39990234375 0.015625 0.0205078125
4 0.7607421875 0.36328125 0.015625 0.017578125
4 0.861328125 0.3759765625 0.017578125 0.025390625
4 0.7607421875 0.349609375 0.013671875 0.017578125
4 0.7734375 0.33154296875 0.01953125 0.0146484375
4 0.7509765625 0.33447265625 0.013671875 0.0166015625
4 0.74609375 0.328125 0.01171875 0.013671875
4 0.7646484375 0.31298828125 0.01953125 0.0146484375
4 0.74609375 0.31689453125 0.013671875 0.0107421875
4 0.74267578125 0.310546875 0.0146484375 0.01171875
4 0.72314453125 0.30078125 0.0302734375 0.0234375
4 0.72314453125 0.369140625 0.0751953125 0.123046875
4 0.7265625 0.43603515625 0.015625 0.0126953125
4 0.7314453125 0.45703125 0.013671875 0.017578125
4 0.74169921875 0.45361328125 0.0126953125 0.0166015625
4 0.8515625 0.380859375 0.015625 0.021484375
4 0.8935546875 0.357421875 0.01953125 0.02734375
4 0.94384765625 0.17431640625 0.0224609375 0.0166015625
4 0.96826171875 0.2353515625 0.0166015625 0.013671875
4 0.96240234375 0.21923828125 0.0166015625 0.0146484375
4 0.94970703125 0.18798828125 0.0166015625 0.0107421875
4 0.91845703125 0.15771484375 0.0126953125 0.0166015625
4 0.90234375 0.3525390625 0.01953125 0.029296875
4 0.88037109375 0.1328125 0.0166015625 0.0234375
4 0.9892578125 0.17138671875 0.01953125 0.0146484375
4 0.9853515625 0.16259765625 0.01953125 0.0146484375
4 0.99462890625 0.14697265625 0.0107421875 0.0146484375
4 0.9755859375 0.14013671875 0.015625 0.0126953125
4 0.767578125 0.43505859375 0.01953125 0.0244140625
4 0.75830078125 0.4404296875 0.0146484375 0.021484375
4 0.74267578125 0.435546875 0.0185546875 0.025390625
4 0.67822265625 0.46875 0.0087890625 0.01953125
4 0.5732421875 0.44482421875 0.029296875 0.0185546875
4 0.66552734375 0.4326171875 0.0185546875 0.01171875
4 0.6455078125 0.4404296875 0.021484375 0.01171875
4 0.64697265625 0.4501953125 0.0244140625 0.013671875
4 0.5771484375 0.45703125 0.0234375 0.015625
4 0.58203125 0.466796875 0.029296875 0.01953125
4 0.6923828125 0.44384765625 0.0078125 0.0166015625
4 0.68310546875 0.4462890625 0.0107421875 0.017578125
4 0.6513671875 0.45947265625 0.021484375 0.0126953125
4 0.703125 0.4609375 0.013671875 0.021484375
4 0.6943359375 0.46240234375 0.01171875 0.0224609375
4 0.68603515625 0.4658203125 0.0126953125 0.021484375
4 0.6708984375 0.47607421875 0.01171875 0.0244140625
4 0.88525390625 0.09326171875 0.0087890625 0.0185546875
4 0.66064453125 0.4736328125 0.0126953125 0.021484375
4 0.58447265625 0.4775390625 0.0283203125 0.017578125
4 0.58984375 0.48779296875 0.029296875 0.0185546875
4 0.59375 0.49853515625 0.02734375 0.0185546875
4 0.5966796875 0.5107421875 0.037109375 0.021484375
4 0.62548828125 0.5556640625 0.0185546875 0.009765625
4 0.62939453125 0.56640625 0.0263671875 0.009765625
4 0.63037109375 0.5859375 0.0224609375 0.009765625
4 0.58251953125 0.611328125 0.0146484375 0.0078125
4 0.63037109375 0.59521484375 0.0224609375 0.0087890625
4 0.63037109375 0.60546875 0.0224609375 0.009765625
4 0.6318359375 0.625 0.01953125 0.009765625
4 0.5693359375 0.42236328125 0.02734375 0.0185546875
4 0.6435546875 0.4306640625 0.01953125 0.01171875
4 0.662109375 0.42578125 0.017578125 0.01171875
4 0.64111328125 0.42333984375 0.0185546875 0.0107421875
4 0.90771484375 0.08984375 0.0107421875 0.017578125
4 0.79345703125 0.01025390625 0.0244140625 0.0146484375
4 0.796875 0.01953125 0.0234375 0.015625
4 0.75927734375 0.02001953125 0.0205078125 0.0126953125
4 0.59326171875 0.154296875 0.0263671875 0.013671875
4 0.6015625 0.1669921875 0.0234375 0.015625
4 0.60595703125 0.17431640625 0.0244140625 0.0166015625
4 0.61279296875 0.18798828125 0.0263671875 0.0205078125
4 0.71923828125 0.42333984375 0.0166015625 0.0126953125
4 0.71337890625 0.41748046875 0.0205078125 0.0166015625
4 0.71142578125 0.41015625 0.0146484375 0.01171875
4 0.70751953125 0.404296875 0.0166015625 0.013671875
4 0.70263671875 0.3974609375 0.0205078125 0.015625
4 0.69921875 0.39013671875 0.017578125 0.0146484375
4 0.6875 0.37060546875 0.017578125 0.0146484375
4 0.68310546875 0.36376953125 0.0205078125 0.0166015625
4 0.64208984375 0.35595703125 0.0205078125 0.0146484375
4 0.623046875 0.376953125 0.029296875 0.015625
4 0.6318359375 0.39404296875 0.021484375 0.0146484375
4 0.634765625 0.404296875 0.021484375 0.013671875
4 0.63720703125 0.41259765625 0.0205078125 0.0146484375
4 0.65087890625 0.3876953125 0.0185546875 0.013671875
4 0.6552734375 0.3994140625 0.021484375 0.013671875
4 0.65771484375 0.40673828125 0.0185546875 0.0126953125
4 0.66015625 0.419921875 0.017578125 0.01171875
4 0.61279296875 0.962890625 0.0205078125 0.009765625
4 0.6103515625 0.97119140625 0.017578125 0.0107421875
4 0.60888671875 0.97998046875 0.0185546875 0.0107421875
4 0.58935546875 0.9755859375 0.0146484375 0.0078125
4 0.587890625 0.982421875 0.013671875 0.0078125
4 0.60546875 0.9873046875 0.017578125 0.009765625
4 0.60302734375 0.99658203125 0.0185546875 0.0068359375
4 0.58349609375 0.9970703125 0.0146484375 0.005859375
4 0.59326171875 0.96484375 0.0126953125 0.005859375
4 0.5947265625 0.96044921875 0.01171875 0.0068359375
4 0.615234375 0.95458984375 0.015625 0.0107421875
4 0.61669921875 0.94775390625 0.0185546875 0.0107421875
4 0.75732421875 0.78173828125 0.0126953125 0.0126953125
4 0.765625 0.78759765625 0.013671875 0.0126953125
4 0.76953125 0.79296875 0.013671875 0.01171875
4 0.77294921875 0.79931640625 0.0146484375 0.0126953125
4 0.7333984375 0.763671875 0.01171875 0.013671875
4 0.76025390625 0.7509765625 0.0146484375 0.013671875
4 0.74560546875 0.76806640625 0.0146484375 0.0166015625
4 0.74267578125 0.77734375 0.0146484375 0.015625
4 0.802734375 0.833984375 0.013671875 0.005859375
4 0.7841796875 0.83642578125 0.015625 0.0107421875
4 0.76806640625 0.841796875 0.0146484375 0.0078125
4 0.548828125 0.90380859375 0.01171875 0.0068359375
4 0.54345703125 0.927734375 0.0126953125 0.0078125
4 0.5380859375 0.94189453125 0.015625 0.0087890625
4 0.5380859375 0.94970703125 0.013671875 0.0087890625
4 0.53564453125 0.95654296875 0.0126953125 0.0048828125
4 0.55078125 0.9755859375 0.015625 0.009765625
4 0.52783203125 0.986328125 0.0166015625 0.01171875
4 0.62451171875 0.9208984375 0.0205078125 0.01171875
4 0.60498046875 0.919921875 0.0146484375 0.0078125
4 0.603515625 0.92578125 0.01171875 0.0078125
4 0.60302734375 0.9306640625 0.0107421875 0.0078125
4 0.619140625 0.9375 0.017578125 0.009765625
4 0.6005859375 0.94189453125 0.013671875 0.0087890625
4 0.5986328125 0.94921875 0.013671875 0.009765625
4 0.822265625 0.28759765625 0.021484375 0.0126953125
4 0.82275390625 0.33349609375 0.0166015625 0.0146484375
4 0.82470703125 0.34326171875 0.0185546875 0.0146484375
4 0.82958984375 0.35009765625 0.0185546875 0.0146484375
4 0.83447265625 0.3583984375 0.0166015625 0.01171875
4 0.83642578125 0.3662109375 0.0185546875 0.013671875
4 0.84033203125 0.32421875 0.0185546875 0.013671875
4 0.84521484375 0.333984375 0.0185546875 0.013671875
4 0.84912109375 0.341796875 0.0185546875 0.013671875
4 0.85205078125 0.35009765625 0.0205078125 0.0166015625
4 0.85693359375 0.357421875 0.0205078125 0.015625
4 0.837890625 0.3154296875 0.0234375 0.017578125
4 0.83349609375 0.3076171875 0.0244140625 0.01953125
4 0.81396484375 0.25830078125 0.0283203125 0.0205078125
4 0.822265625 0.27685546875 0.03125 0.0146484375
4 0.90771484375 0.2294921875 0.0224609375 0.017578125
4 0.93115234375 0.34619140625 0.0166015625 0.0224609375
4 0.94140625 0.34521484375 0.015625 0.0263671875
4 0.951171875 0.34130859375 0.01953125 0.0283203125
4 0.96044921875 0.33447265625 0.0166015625 0.0244140625
4 0.90771484375 0.28369140625 0.0224609375 0.0166015625
4 0.9287109375 0.2744140625 0.0234375 0.01953125
4 0.98046875 0.314453125 0.01953125 0.02734375
4 0.98876953125 0.310546875 0.0166015625 0.025390625
4 0.97802734375 0.2490234375 0.0224609375 0.015625
4 0.81201171875 0.31884765625 0.0185546875 0.0146484375
4 0.89013671875 0.33203125 0.0146484375 0.009765625
4 0.884765625 0.31884765625 0.015625 0.0126953125
4 0.880859375 0.30615234375 0.013671875 0.0087890625
4 0.8115234375 0.86279296875 0.009765625 0.0185546875
4 0.82177734375 0.93505859375 0.0068359375 0.0146484375
4 0.94921875 0.49609375 0.013671875 0.015625
4 0.93994140625 0.2158203125 0.0146484375 0.01171875
4 0.943359375 0.22265625 0.015625 0.01171875
4 0.9541015625 0.244140625 0.013671875 0.009765625
4 0.95654296875 0.25244140625 0.0166015625 0.0126953125
4 0.96240234375 0.26611328125 0.0146484375 0.0126953125
4 0.97021484375 0.2802734375 0.0146484375 0.009765625
4 0.9736328125 0.28759765625 0.015625 0.0126953125
4 0.9765625 0.29541015625 0.013671875 0.0126953125
4 0.86279296875 0.265625 0.0166015625 0.01171875
4 0.8662109375 0.27294921875 0.017578125 0.0146484375
4 0.8759765625 0.29541015625 0.013671875 0.0107421875
4 0.63232421875 0.63525390625 0.0166015625 0.0087890625
4 0.64111328125 0.6826171875 0.0244140625 0.01171875
4 0.59375 0.74169921875 0.009765625 0.0166015625
4 0.38916015625 0.45849609375 0.0263671875 0.0205078125
4 0.43017578125 0.4091796875 0.0107421875 0.015625
4 0.40380859375 0.46435546875 0.0166015625 0.0126953125
4 0.30517578125 0.41357421875 0.0185546875 0.0244140625
4 0.63232421875 0.75390625 0.0107421875 0.017578125
4 0.61181640625 0.74951171875 0.0146484375 0.0205078125
4 0.55908203125 0.78466796875 0.0107421875 0.0166015625
4 0.59619140625 0.79638671875 0.0087890625 0.0185546875
4 0.60498046875 0.7978515625 0.0107421875 0.021484375
4 0.6142578125 0.79931640625 0.01171875 0.0185546875
4 0.63330078125 0.8037109375 0.0126953125 0.025390625
4 0.6337890625 0.8408203125 0.0234375 0.01171875
4 0.630859375 0.85107421875 0.01953125 0.0126953125
4 0.5634765625 0.85400390625 0.015625 0.0087890625
4 0.60009765625 0.869140625 0.0166015625 0.013671875
4 0.62158203125 0.87841796875 0.0244140625 0.0166015625
4 0.720703125 0.97998046875 0.0078125 0.0185546875
4 0.60595703125 0.94921875 0.0634765625 0.1015625
4 0.36279296875 0.41552734375 0.0126953125 0.0107421875
4 0.51171875 0.93212890625 0.046875 0.1357421875
4 0.525390625 0.99462890625 0.015625 0.0087890625
4 0.544921875 0.98974609375 0.013671875 0.0068359375
4 0.5439453125 0.99658203125 0.017578125 0.0068359375
4 0.37646484375 0.40869140625 0.0166015625 0.0126953125
5 0.5595703125 0.447265625 0.115234375 0.169921875
