4 0.1904296875 0.93359375 0.015625 0.0234375
4 0.61865234375 0.83056640625 0.0166015625 0.0458984375
4 0.64111328125 0.83642578125 0.0166015625 0.0439453125
4 0.65966796875 0.837890625 0.0205078125 0.044921875
4 0.68017578125 0.83740234375 0.0146484375 0.0498046875
4 0.69970703125 0.841796875 0.0244140625 0.044921875
4 0.724609375 0.84814453125 0.021484375 0.0400390625
4 0.22607421875 0.93310546875 0.0146484375 0.0107421875
4 0.2060546875 0.93701171875 0.021484375 0.0166015625
4 0.029296875 0.7666015625 0.044921875 0.017578125
4 0.15771484375 0.98779296875 0.0283203125 0.0224609375
4 0.1865234375 0.9853515625 0.0234375 0.02734375
4 0.1982421875 0.986328125 0.013671875 0.021484375
4 0.21044921875 0.98388671875 0.0146484375 0.0244140625
4 0.23779296875 0.97900390625 0.0205078125 0.0302734375
4 0.24853515625 0.97607421875 0.0166015625 0.0302734375
4 0.2685546875 0.97509765625 0.017578125 0.0322265625
4 0.6015625 0.82763671875 0.0234375 0.0517578125
4 0.5791015625 0.82666015625 0.0234375 0.0498046875
4 0.56103515625 0.826171875 0.0185546875 0.044921875
4 0.5390625 0.8232421875 0.0234375 0.048828125
4 0.60888671875 0.70654296875 0.0185546875 0.0322265625
4 0.62451171875 0.71142578125 0.0185546875 0.0341796875
4 0.63818359375 0.71533203125 0.0205078125 0.0341796875
4 0.65234375 0.716796875 0.01953125 0.03125
4 0.666015625 0.7216796875 0.01953125 0.029296875
4 0.68017578125 0.72509765625 0.0185546875 0.0322265625
4 0.6953125 0.72998046875 0.01953125 0.0341796875
4 0.7080078125 0.73388671875 0.01953125 0.0341796875
4 0.72216796875 0.73779296875 0.0205078125 0.0341796875
4 0.73583984375 0.740234375 0.0185546875 0.033203125
4 0.751953125 0.74365234375 0.017578125 0.0302734375
4 0.4345703125 0.80126953125 0.02734375 0.0537109375
4 0.45556640625 0.814453125 0.0166015625 0.046875
4 0.47607421875 0.814453125 0.0146484375 0.044921875
4 0.49658203125 0.81689453125 0.0263671875 0.0458984375
4 0.25927734375 0.970703125 0.0166015625 0.03515625
4 0.015625 0.7412109375 0.025390625 0.01953125
4 0.58056640625 0.69921875 0.0185546875 0.03125
4 0.0224609375 0.67431640625 0.041015625 0.0166015625
4 0.35009765625 0.59326171875 0.0166015625 0.0341796875
4 0.3388671875 0.59033203125 0.01953125 0.0361328125
4 0.32568359375 0.5888671875 0.0166015625 0.033203125
4 0.31103515625 0.5888671875 0.0146484375 0.0234375
4 0.28857421875 0.57763671875 0.0224609375 0.0361328125
4 0.0234375 0.7177734375 0.04296875 0.0234375
4 0.02294921875 0.6962890625 0.0439453125 0.017578125
4 0.02294921875 0.6533203125 0.0439453125 0.015625
4 0.39013671875 0.787109375 0.0205078125 0.046875
4 0.02490234375 0.63232421875 0.0478515625 0.0244140625
4 0.02587890625 0.6103515625 0.0478515625 0.01953125
4 0.02392578125 0.56640625 0.0458984375 0.017578125
4 0.4169921875 0.5048828125 0.021484375 0.03515625
4 0.40185546875 0.5009765625 0.0205078125 0.0390625
4 0.38671875 0.49658203125 0.0234375 0.0380859375
4 0.37158203125 0.4921875 0.0185546875 0.037109375
4 0.37548828125 0.6025390625 0.0146484375 0.03125
4 0.3896484375 0.60400390625 0.01953125 0.0361328125
4 0.4130859375 0.61279296875 0.017578125 0.0302734375
4 0.42529296875 0.61328125 0.0126953125 0.03125
4 0.32275390625 0.8291015625 0.0263671875 0.009765625
4 0.2880859375 0.82373046875 0.0234375 0.0166015625
4 0.27392578125 0.806640625 0.0224609375 0.037109375
4 0.41455078125 0.65380859375 0.0185546875 0.0302734375
4 0.4033203125 0.6513671875 0.015625 0.029296875
4 0.3896484375 0.64599609375 0.021484375 0.0322265625
4 0.3642578125 0.6396484375 0.021484375 0.03125
4 0.353515625 0.63671875 0.015625 0.033203125
4 0.3388671875 0.634765625 0.017578125 0.02734375
4 0.32861328125 0.6298828125 0.0146484375 0.03125
4 0.3154296875 0.6259765625 0.01953125 0.033203125
4 0.30224609375 0.623046875 0.0185546875 0.033203125
4 0.28955078125 0.62109375 0.0205078125 0.03515625
4 0.2783203125 0.62060546875 0.015625 0.0322265625
4 0.263671875 0.6142578125 0.01953125 0.03125
4 0.59619140625 0.70068359375 0.0146484375 0.0302734375
4 0.56640625 0.69482421875 0.01953125 0.0341796875
4 0.8037109375 0.455078125 0.01953125 0.041015625
4 0.5244140625 0.53515625 0.017578125 0.03515625
4 0.7646484375 0.5556640625 0.02734375 0.0390625
4 0.77880859375 0.56005859375 0.0244140625 0.0380859375
4 0.431640625 0.51123046875 0.017578125 0.0322265625
4 0.4462890625 0.513671875 0.021484375 0.03515625
4 0.46240234375 0.517578125 0.0224609375 0.03515625
4 0.494140625 0.5283203125 0.017578125 0.033203125
4 0.5087890625 0.5302734375 0.021484375 0.037109375
4 0.5390625 0.53955078125 0.021484375 0.0380859375
4 0.69140625 0.58154296875 0.0234375 0.0361328125
4 0.55517578125 0.5439453125 0.0185546875 0.041015625
4 0.56982421875 0.5458984375 0.0224609375 0.03515625
4 0.5849609375 0.55029296875 0.021484375 0.0361328125
4 0.6162109375 0.56103515625 0.017578125 0.0380859375
4 0.63134765625 0.56005859375 0.0205078125 0.0341796875
4 0.6455078125 0.56689453125 0.021484375 0.0400390625
4 0.66064453125 0.57373046875 0.0185546875 0.0322265625
4 0.75 0.552734375 0.0234375 0.04296875
4 0.73388671875 0.54931640625 0.0166015625 0.0361328125
4 0.71826171875 0.54345703125 0.0224609375 0.0361328125
4 0.703125 0.53955078125 0.017578125 0.0361328125
4 0.44482421875 0.466796875 0.0205078125 0.037109375
4 0.4599609375 0.4697265625 0.01953125 0.037109375
4 0.49072265625 0.4775390625 0.0224609375 0.0390625
4 0.505859375 0.48193359375 0.01953125 0.0380859375
4 0.52001953125 0.4853515625 0.0185546875 0.037109375
4 0.53515625 0.4912109375 0.0234375 0.03515625
4 0.55126953125 0.494140625 0.0185546875 0.037109375
4 0.568359375 0.498046875 0.025390625 0.0390625
4 0.58251953125 0.50244140625 0.0205078125 0.0380859375
4 0.59716796875 0.5087890625 0.0224609375 0.037109375
4 0.61279296875 0.51171875 0.0205078125 0.0390625
4 0.62744140625 0.515625 0.0224609375 0.037109375
4 0.6435546875 0.521484375 0.017578125 0.037109375
4 0.65869140625 0.52587890625 0.0205078125 0.0380859375
4 0.68701171875 0.53466796875 0.0205078125 0.0341796875
4 0.6748046875 0.57470703125 0.01953125 0.0322265625
4 0.70654296875 0.58544921875 0.0224609375 0.0361328125
4 0.55224609375 0.69140625 0.0185546875 0.03515625
4 0.7470703125 0.7021484375 0.021484375 0.03515625
4 0.6484375 0.67529296875 0.017578125 0.0341796875
4 0.66162109375 0.677734375 0.0146484375 0.029296875
4 0.67529296875 0.68505859375 0.0126953125 0.0322265625
4 0.6904296875 0.68701171875 0.01953125 0.0302734375
4 0.70556640625 0.6904296875 0.0146484375 0.037109375
4 0.71826171875 0.69482421875 0.0185546875 0.0302734375
4 0.73388671875 0.69921875 0.0166015625 0.03515625
4 0.7607421875 0.70556640625 0.017578125 0.0341796875
4 0.7216796875 0.591796875 0.0234375 0.037109375
4 0.42919921875 0.65869140625 0.0146484375 0.0302734375
4 0.44140625 0.65673828125 0.013671875 0.0263671875
4 0.46728515625 0.66748046875 0.0205078125 0.0341796875
4 0.48291015625 0.67041015625 0.0166015625 0.0302734375
4 0.49560546875 0.67529296875 0.0146484375 0.0322265625
4 0.51025390625 0.68017578125 0.0205078125 0.0361328125
4 0.5244140625 0.68505859375 0.021484375 0.0322265625
4 0.63525390625 0.67138671875 0.0166015625 0.0341796875
4 0.619140625 0.66552734375 0.013671875 0.0322265625
4 0.60498046875 0.6650390625 0.0185546875 0.03125
4 0.59130859375 0.65869140625 0.0146484375 0.0361328125
4 0.7373046875 0.59326171875 0.017578125 0.0361328125
4 0.751953125 0.59814453125 0.0234375 0.0361328125
4 0.76806640625 0.6015625 0.0166015625 0.03515625
4 0.78173828125 0.6064453125 0.0185546875 0.0390625
4 0.43994140625 0.61572265625 0.0146484375 0.0322265625
4 0.44970703125 0.6220703125 0.0146484375 0.029296875
4 0.46337890625 0.62646484375 0.0166015625 0.0322265625
4 0.4775390625 0.6298828125 0.01953125 0.033203125
4 0.49169921875 0.6337890625 0.0185546875 0.03125
4 0.50634765625 0.63623046875 0.0185546875 0.0341796875
4 0.52099609375 0.640625 0.0224609375 0.03125
4 0.5361328125 0.6435546875 0.015625 0.029296875
4 0.55078125 0.64599609375 0.021484375 0.0380859375
4 0.5634765625 0.65283203125 0.013671875 0.0302734375
4 0.576171875 0.6552734375 0.013671875 0.029296875
4 0.35693359375 0.4873046875 0.0205078125 0.037109375
4 0.34033203125 0.482421875 0.0205078125 0.03515625
4 0.32666015625 0.47802734375 0.0224609375 0.0380859375
4 0.23681640625 0.0654296875 0.0263671875 0.05078125
4 0.21630859375 0.05712890625 0.0244140625 0.0498046875
4 0.19873046875 0.04931640625 0.0322265625 0.0498046875
4 0.1748046875 0.04736328125 0.02734375 0.0478515625
4 0.25537109375 0.06689453125 0.0302734375 0.0517578125
4 0.275390625 0.0751953125 0.02734375 0.046875
4 0.314453125 0.0830078125 0.03125 0.052734375
4 0.33349609375 0.09033203125 0.0244140625 0.0478515625
4 0.39453125 0.1650390625 0.02734375 0.044921875
4 0.375 0.15966796875 0.0234375 0.0439453125
4 0.35595703125 0.15185546875 0.0244140625 0.0478515625
4 0.33837890625 0.15087890625 0.0185546875 0.0458984375
4 0.31982421875 0.142578125 0.0283203125 0.046875
4 0.29931640625 0.14111328125 0.0263671875 0.0458984375
4 0.26025390625 0.1259765625 0.0224609375 0.046875
4 0.24169921875 0.1220703125 0.0263671875 0.044921875
4 0.22119140625 0.1171875 0.0224609375 0.044921875
4 0.2041015625 0.111328125 0.021484375 0.048828125
4 0.18310546875 0.1064453125 0.0263671875 0.044921875
4 0.1650390625 0.10302734375 0.0234375 0.0439453125
4 0.41015625 0.10791015625 0.02734375 0.0498046875
4 0.390625 0.107421875 0.025390625 0.05078125
4 0.353515625 0.0947265625 0.029296875 0.046875
4 0.310546875 0.4736328125 0.021484375 0.037109375
5 0.56640625 0.80712890625 0.34375 0.1337890625
5 0.51416015625 0.65673828125 0.5146484375 0.2099609375
5 0.41845703125 0.48046875 0.7705078125 0.294921875
5 0.46875 0.33642578125 0.75 0.2783203125
5 0.43896484375 0.146484375 0.5771484375 0.255859375
5 0.71142578125 0.0263671875 0.1201171875 0.05078125
5 0.02880859375 0.66845703125 0.0498046875 0.2236328125
4 0.41259765625 0.169921875 0.0185546875 0.04296875
4 0.11279296875 0.2255859375 0.0302734375 0.048828125
4 0.13427734375 0.22705078125 0.0224609375 0.0400390625
4 0.275390625 0.41845703125 0.013671875 0.0361328125
4 0.38525390625 0.4482421875 0.0224609375 0.037109375
4 0.36767578125 0.443359375 0.0185546875 0.037109375
4 0.35400390625 0.43896484375 0.0205078125 0.0361328125
4 0.337890625 0.43359375 0.01953125 0.037109375
4 0.322265625 0.4306640625 0.021484375 0.037109375
4 0.3056640625 0.42724609375 0.015625 0.0361328125
4 0.29345703125 0.42236328125 0.0185546875 0.0380859375
4 0.26171875 0.4140625 0.015625 0.033203125
4 0.1513671875 0.228515625 0.0234375 0.044921875
4 0.24462890625 0.41162109375 0.0146484375 0.0361328125
4 0.22998046875 0.40625 0.0205078125 0.037109375
4 0.2158203125 0.40283203125 0.015625 0.0361328125
4 0.19970703125 0.3974609375 0.0224609375 0.03515625
4 0.18505859375 0.392578125 0.0146484375 0.037109375
4 0.16943359375 0.39013671875 0.0166015625 0.0341796875
4 0.154296875 0.38525390625 0.015625 0.0322265625
4 0.39892578125 0.45361328125 0.0205078125 0.0361328125
4 0.4140625 0.45654296875 0.021484375 0.0380859375
4 0.05029296875 0.40185546875 0.0224609375 0.0361328125
4 0.06591796875 0.40771484375 0.0185546875 0.0341796875
4 0.2939453125 0.47021484375 0.0234375 0.0380859375
4 0.28125 0.46484375 0.017578125 0.03125
4 0.26513671875 0.4609375 0.0205078125 0.03515625
4 0.25048828125 0.458984375 0.0205078125 0.03515625
4 0.23388671875 0.4541015625 0.0224609375 0.03515625
4 0.21826171875 0.4501953125 0.0224609375 0.037109375
4 0.2041015625 0.4453125 0.0234375 0.037109375
4 0.18994140625 0.44140625 0.0205078125 0.0390625
4 0.173828125 0.43603515625 0.021484375 0.0361328125
4 0.1591796875 0.43359375 0.01953125 0.03515625
4 0.14404296875 0.42724609375 0.0205078125 0.0341796875
4 0.1259765625 0.42626953125 0.01953125 0.0341796875
4 0.11181640625 0.42138671875 0.0224609375 0.0361328125
4 0.09716796875 0.41357421875 0.0185546875 0.0380859375
4 0.08203125 0.41162109375 0.01953125 0.0361328125
4 0.138671875 0.380859375 0.017578125 0.037109375
4 0.12353515625 0.3759765625 0.0185546875 0.0390625
4 0.1083984375 0.37255859375 0.0234375 0.0341796875
4 0.12060546875 0.2783203125 0.0244140625 0.044921875
4 0.4091796875 0.298828125 0.01953125 0.04296875
4 0.39599609375 0.29638671875 0.0224609375 0.0400390625
4 0.37841796875 0.29296875 0.0146484375 0.037109375
4 0.3466796875 0.28125 0.01953125 0.041015625
4 0.3310546875 0.27587890625 0.0234375 0.0419921875
4 0.31494140625 0.27392578125 0.0205078125 0.0419921875
4 0.298828125 0.2685546875 0.025390625 0.044921875
4 0.2822265625 0.26806640625 0.021484375 0.0419921875
4 0.263671875 0.26123046875 0.01953125 0.0400390625
4 0.2490234375 0.25830078125 0.01953125 0.0439453125
4 0.232421875 0.2509765625 0.0234375 0.041015625
4 0.21630859375 0.24853515625 0.0185546875 0.0419921875
4 0.2001953125 0.24462890625 0.0234375 0.0419921875
4 0.18408203125 0.23876953125 0.0185546875 0.0400390625
4 0.16845703125 0.234375 0.0244140625 0.0390625
4 0.103515625 0.27099609375 0.01953125 0.0458984375
4 0.13818359375 0.28076171875 0.0244140625 0.0439453125
4 0.09326171875 0.36962890625 0.0146484375 0.0341796875
4 0.1552734375 0.28466796875 0.025390625 0.0439453125
4 0.07861328125 0.36328125 0.0166015625 0.03515625
4 0.05615234375 0.35986328125 0.0361328125 0.0419921875
4 0.416015625 0.3525390625 0.021484375 0.041015625
4 0.3994140625 0.349609375 0.0234375 0.041015625
4 0.38330078125 0.34375 0.0244140625 0.041015625
4 0.36865234375 0.33984375 0.0244140625 0.044921875
4 0.35009765625 0.33642578125 0.0244140625 0.0439453125
4 0.3349609375 0.3310546875 0.0234375 0.041015625
4 0.318359375 0.32763671875 0.021484375 0.0439453125
4 0.30029296875 0.3232421875 0.0244140625 0.04296875
4 0.2861328125 0.31982421875 0.01953125 0.0439453125
4 0.26806640625 0.314453125 0.0224609375 0.041015625
4 0.22021484375 0.30322265625 0.0224609375 0.0400390625
4 0.20361328125 0.29736328125 0.0224609375 0.0419921875
4 0.17236328125 0.28857421875 0.0224609375 0.0439453125
4 0.4296875 0.46142578125 0.01953125 0.0361328125
4 0.7880859375 0.45166015625 0.02734375 0.0439453125
4 0.77392578125 0.44580078125 0.0185546875 0.0380859375
4 0.8203125 0.45849609375 0.021484375 0.0361328125
4 0.83056640625 0.4130859375 0.0244140625 0.041015625
4 0.96923828125 0.1513671875 0.0185546875 0.033203125
4 0.82275390625 0.00390625 0.0322265625 0.005859375
4 0.61669921875 0.16845703125 0.0322265625 0.0498046875
4 0.48828125 0.1884765625 0.021484375 0.044921875
4 0.50537109375 0.197265625 0.0263671875 0.046875
4 0.52490234375 0.20068359375 0.0283203125 0.0439453125
4 0.53955078125 0.14794921875 0.0263671875 0.0458984375
4 0.56005859375 0.15087890625 0.0224609375 0.0458984375
4 0.54541015625 0.20703125 0.0263671875 0.046875
4 0.59716796875 0.16357421875 0.0244140625 0.0458984375
4 0.65283203125 0.17919921875 0.0322265625 0.0517578125
4 0.46240234375 0.30908203125 0.0283203125 0.0419921875
4 0.67431640625 0.18603515625 0.0283203125 0.0517578125
4 0.69091796875 0.19189453125 0.0205078125 0.0400390625
4 0.7119140625 0.193359375 0.03125 0.052734375
4 0.66064453125 0.2392578125 0.0224609375 0.044921875
4 0.67724609375 0.244140625 0.0263671875 0.046875
4 0.6962890625 0.25 0.029296875 0.048828125
4 0.4287109375 0.3037109375 0.0234375 0.041015625
4 0.4677734375 0.185546875 0.029296875 0.048828125
4 0.4482421875 0.18017578125 0.02734375 0.0439453125
4 0.4306640625 0.17578125 0.025390625 0.044921875
4 0.501953125 0.13671875 0.03515625 0.052734375
4 0.71337890625 0.03369140625 0.0419921875 0.0322265625
4 0.46484375 0.1279296875 0.02734375 0.044921875
4 0.48388671875 0.1279296875 0.0244140625 0.052734375
4 0.4453125 0.3056640625 0.01953125 0.044921875
4 0.4775390625 0.31689453125 0.017578125 0.0361328125
4 0.626953125 0.4111328125 0.0234375 0.0390625
4 0.513671875 0.37744140625 0.0234375 0.0439453125
4 0.529296875 0.3818359375 0.025390625 0.04296875
4 0.544921875 0.38818359375 0.0234375 0.0439453125
4 0.56005859375 0.39111328125 0.0263671875 0.0458984375
4 0.57958984375 0.3955078125 0.0205078125 0.041015625
4 0.59423828125 0.40185546875 0.0244140625 0.0419921875
4 0.6103515625 0.4052734375 0.0234375 0.041015625
4 0.64453125 0.41357421875 0.0234375 0.0400390625
4 0.49462890625 0.31884765625 0.0244140625 0.0400390625
4 0.6591796875 0.4150390625 0.025390625 0.0390625
4 0.67529296875 0.42138671875 0.0224609375 0.0419921875
4 0.69140625 0.4267578125 0.025390625 0.04296875
4 0.70751953125 0.4287109375 0.0244140625 0.041015625
4 0.7216796875 0.4375 0.02734375 0.044921875
4 0.74169921875 0.439453125 0.0224609375 0.04296875
4 0.7578125 0.44384765625 0.0234375 0.0419921875
4 0.49609375 0.37451171875 0.025390625 0.0478515625
4 0.46240234375 0.3662109375 0.0224609375 0.044921875
4 0.44873046875 0.36083984375 0.0224609375 0.0439453125
4 0.431640625 0.35791015625 0.01953125 0.0380859375
4 0.51025390625 0.32470703125 0.0224609375 0.0400390625
4 0.52587890625 0.3291015625 0.0263671875 0.041015625
4 0.54248046875 0.33447265625 0.0205078125 0.0400390625
4 0.55908203125 0.33935546875 0.0263671875 0.0439453125
4 0.59130859375 0.34716796875 0.0244140625 0.0400390625
4 0.607421875 0.34912109375 0.021484375 0.0419921875
4 0.6396484375 0.3583984375 0.0234375 0.04296875
4 0.658203125 0.3642578125 0.0234375 0.041015625
4 0.67138671875 0.36865234375 0.0244140625 0.0439453125
4 0.6875 0.373046875 0.01953125 0.04296875
4 0.7041015625 0.37744140625 0.021484375 0.0419921875
4 0.7373046875 0.38330078125 0.0234375 0.0458984375
4 0.7685546875 0.3935546875 0.01953125 0.041015625
4 0.78662109375 0.3984375 0.0263671875 0.04296875
4 0.80126953125 0.40283203125 0.0185546875 0.0439453125
