4 0.3759765625 0.5234375 0.021484375 0.0078125
4 0.37646484375 0.59765625 0.0205078125 0.0078125
4 0.376953125 0.58740234375 0.0234375 0.0087890625
4 0.349609375 0.58837890625 0.025390625 0.0087890625
4 0.35009765625 0.57763671875 0.0263671875 0.0087890625
4 0.3759765625 0.56689453125 0.021484375 0.0087890625
4 0.35107421875 0.56640625 0.0224609375 0.009765625
4 0.34912109375 0.5556640625 0.0263671875 0.009765625
4 0.37744140625 0.55615234375 0.0244140625 0.0087890625
4 0.37744140625 0.54541015625 0.0244140625 0.0087890625
4 0.35009765625 0.54541015625 0.0244140625 0.0087890625
4 0.35009765625 0.5341796875 0.0244140625 0.009765625
4 0.34912109375 0.52392578125 0.0263671875 0.0087890625
4 0.37646484375 0.5126953125 0.0224609375 0.0078125
4 0.34716796875 0.45849609375 0.0283203125 0.0107421875
4 0.34912109375 0.513671875 0.0263671875 0.009765625
4 0.37451171875 0.50244140625 0.0205078125 0.0087890625
4 0.349609375 0.50146484375 0.021484375 0.0107421875
4 0.349609375 0.49169921875 0.021484375 0.0087890625
4 0.37646484375 0.4912109375 0.0205078125 0.009765625
4 0.375 0.48046875 0.01953125 0.0078125
4 0.345703125 0.48193359375 0.03125 0.0087890625
4 0.34814453125 0.4697265625 0.0244140625 0.009765625
4 0.375 0.47021484375 0.01953125 0.0087890625
4 0.4189453125 0.4619140625 0.015625 0.0078125
4 0.419921875 0.45166015625 0.017578125 0.0087890625
4 0.43017578125 0.4404296875 0.0283203125 0.009765625
4 0.35205078125 0.59912109375 0.0244140625 0.0107421875
4 0.3779296875 0.6083984375 0.0234375 0.0078125
4 0.37646484375 0.6181640625 0.0205078125 0.005859375
4 0.3525390625 0.609375 0.0234375 0.009765625
4 0.44287109375 0.5751953125 0.0185546875 0.0078125
4 0.44384765625 0.56591796875 0.0205078125 0.0087890625
4 0.42333984375 0.56591796875 0.0185546875 0.0087890625
4 0.44140625 0.556640625 0.017578125 0.0078125
4 0.42236328125 0.556640625 0.0166015625 0.0078125
4 0.42236328125 0.54736328125 0.0185546875 0.0107421875
4 0.44091796875 0.54638671875 0.0205078125 0.0087890625
4 0.44091796875 0.53662109375 0.0205078125 0.0068359375
4 0.42138671875 0.53759765625 0.0166015625 0.0087890625
4 0.44189453125 0.52734375 0.0205078125 0.0078125
4 0.4208984375 0.52880859375 0.01953125 0.0087890625
4 0.44091796875 0.51806640625 0.0205078125 0.0068359375
4 0.42236328125 0.51806640625 0.0146484375 0.0068359375
4 0.44140625 0.50927734375 0.01953125 0.0068359375
4 0.421875 0.509765625 0.015625 0.0078125
4 0.44140625 0.49951171875 0.01953125 0.0087890625
4 0.419921875 0.49951171875 0.01953125 0.0087890625
4 0.4404296875 0.48876953125 0.01953125 0.0068359375
4 0.42041015625 0.4892578125 0.0185546875 0.0078125
4 0.4404296875 0.4794921875 0.01953125 0.009765625
4 0.419921875 0.48095703125 0.017578125 0.0087890625
4 0.44091796875 0.4697265625 0.0185546875 0.0078125
4 0.419921875 0.470703125 0.017578125 0.0078125
4 0.35107421875 0.630859375 0.0244140625 0.01171875
4 0.35107421875 0.619140625 0.0263671875 0.009765625
4 0.37451171875 0.45947265625 0.0224609375 0.0087890625
4 0.37451171875 0.44970703125 0.0205078125 0.0068359375
4 0.3740234375 0.439453125 0.025390625 0.009765625
4 0.36669921875 0.32177734375 0.0107421875 0.0185546875
4 0.37255859375 0.31396484375 0.0107421875 0.0166015625
4 0.37841796875 0.3310546875 0.0126953125 0.01953125
4 0.36328125 0.23974609375 0.01171875 0.0205078125
4 0.3447265625 0.24853515625 0.0078125 0.0166015625
4 0.35107421875 0.24267578125 0.0107421875 0.0205078125
4 0.31982421875 0.11865234375 0.0107421875 0.0205078125
4 0.30322265625 0.04052734375 0.0068359375 0.0126953125
4 0.3955078125 0.0205078125 0.017578125 0.021484375
4 0.345703125 0.0107421875 0.021484375 0.01953125
4 0.080078125 0.01220703125 0.005859375 0.0146484375
4 0.0869140625 0.01025390625 0.005859375 0.0126953125
4 0.095703125 0.00146484375 0.005859375 0.0009765625
4 0.11767578125 0.01220703125 0.0068359375 0.0166015625
4 0.13427734375 0.00927734375 0.0087890625 0.0166015625
5 0.0703125 0.0126953125 0.138671875 0.0234375
5 0.19482421875 0.85693359375 0.1455078125 0.0595703125
5 0.17529296875 0.7958984375 0.1435546875 0.048828125
5 0.1708984375 0.74072265625 0.1328125 0.0380859375
5 0.19921875 0.66748046875 0.080078125 0.0556640625
5 0.6162109375 0.60546875 0.09765625 0.033203125
5 0.63720703125 0.5322265625 0.1259765625 0.060546875
5 0.6298828125 0.45458984375 0.205078125 0.0712890625
5 0.53759765625 0.54638671875 0.0322265625 0.1591796875
5 0.4873046875 0.5322265625 0.041015625 0.193359375
5 0.4306640625 0.529296875 0.044921875 0.19140625
5 0.3603515625 0.5390625 0.056640625 0.216796875
5 0.15576171875 0.55224609375 0.1318359375 0.0478515625
5 0.1474609375 0.50537109375 0.138671875 0.0478515625
5 0.1279296875 0.46142578125 0.1171875 0.0478515625
5 0.107421875 0.408203125 0.15625 0.052734375
5 0.4091796875 0.31005859375 0.091796875 0.0654296875
5 0.38916015625 0.24169921875 0.0888671875 0.0517578125
5 0.111328125 0.35791015625 0.16796875 0.0595703125
5 0.1015625 0.31005859375 0.16796875 0.0439453125
5 0.1533203125 0.25244140625 0.052734375 0.0986328125
5 0.38623046875 0.17626953125 0.0791015625 0.0283203125
5 0.3916015625 0.12939453125 0.072265625 0.0380859375
5 0.43017578125 0.037109375 0.0771484375 0.0625
5 0.07177734375 0.05712890625 0.1416015625 0.0498046875
4 0.07373046875 0.01123046875 0.0048828125 0.0126953125
4 0.06787109375 0.01171875 0.0068359375 0.013671875
4 0.05908203125 0.00146484375 0.0087890625 0.0009765625
4 0.205078125 0.8662109375 0.009765625 0.021484375
4 0.2587890625 0.85791015625 0.01171875 0.0322265625
4 0.24609375 0.86865234375 0.009765625 0.0244140625
4 0.23486328125 0.86767578125 0.0087890625 0.0244140625
4 0.22509765625 0.86767578125 0.0107421875 0.0244140625
4 0.21484375 0.8681640625 0.009765625 0.025390625
4 0.19482421875 0.86572265625 0.0107421875 0.0224609375
4 0.19873046875 0.8046875 0.0087890625 0.021484375
4 0.18603515625 0.86474609375 0.0107421875 0.0224609375
4 0.17724609375 0.86279296875 0.0087890625 0.0224609375
4 0.16748046875 0.86181640625 0.0068359375 0.0185546875
4 0.14404296875 0.86328125 0.0087890625 0.021484375
4 0.15966796875 0.8623046875 0.0107421875 0.01953125
4 0.13330078125 0.86279296875 0.0107421875 0.0224609375
4 0.14892578125 0.80322265625 0.0087890625 0.0205078125
4 0.16064453125 0.802734375 0.0068359375 0.01953125
4 0.169921875 0.802734375 0.005859375 0.017578125
4 0.1796875 0.80126953125 0.0078125 0.0166015625
4 0.18896484375 0.80322265625 0.0087890625 0.0185546875
4 0.22802734375 0.80615234375 0.0087890625 0.0205078125
4 0.20947265625 0.80517578125 0.0087890625 0.0205078125
4 0.166015625 0.68408203125 0.009765625 0.0224609375
4 0.1591796875 0.224609375 0.01953125 0.009765625
4 0.16796875 0.2822265625 0.01953125 0.01171875
4 0.14599609375 0.28515625 0.0205078125 0.01171875
4 0.16552734375 0.27294921875 0.0224609375 0.0107421875
4 0.1416015625 0.26953125 0.021484375 0.009765625
4 0.1650390625 0.2626953125 0.021484375 0.009765625
4 0.14306640625 0.2607421875 0.0185546875 0.009765625
4 0.14111328125 0.25244140625 0.0185546875 0.0107421875
4 0.16357421875 0.2529296875 0.0205078125 0.01171875
4 0.1630859375 0.24365234375 0.021484375 0.0107421875
4 0.13916015625 0.24365234375 0.0185546875 0.0107421875
4 0.1396484375 0.234375 0.017578125 0.009765625
4 0.1611328125 0.234375 0.01953125 0.009765625
4 0.15869140625 0.21337890625 0.0205078125 0.0107421875
4 0.19677734375 0.6796875 0.0087890625 0.01953125
4 0.13720703125 0.2265625 0.0185546875 0.009765625
4 0.03662109375 0.0673828125 0.0087890625 0.0234375
4 0.0283203125 0.06884765625 0.009765625 0.0244140625
4 0.0185546875 0.06689453125 0.009765625 0.0224609375
4 0.13427734375 0.06494140625 0.0087890625 0.0322265625
4 0.12255859375 0.072265625 0.0107421875 0.029296875
4 0.11279296875 0.0732421875 0.0107421875 0.029296875
4 0.10302734375 0.06982421875 0.0087890625 0.0244140625
4 0.08349609375 0.06982421875 0.0107421875 0.0244140625
4 0.07373046875 0.06982421875 0.0107421875 0.0244140625
4 0.05517578125 0.068359375 0.0107421875 0.025390625
4 0.1474609375 0.2939453125 0.017578125 0.009765625
4 0.1494140625 0.30859375 0.0078125 0.015625
4 0.1572265625 0.30712890625 0.0078125 0.0166015625
4 0.1640625 0.30712890625 0.005859375 0.0166015625
4 0.16015625 0.5576171875 0.009765625 0.01953125
4 0.1005859375 0.46435546875 0.009765625 0.0205078125
4 0.115234375 0.47802734375 0.021484375 0.0126953125
4 0.1748046875 0.45068359375 0.0078125 0.0166015625
4 0.15966796875 0.45703125 0.0087890625 0.021484375
4 0.15234375 0.45947265625 0.009765625 0.0205078125
4 0.14453125 0.4599609375 0.01171875 0.01953125
4 0.1318359375 0.458984375 0.01171875 0.0234375
4 0.240234375 0.79736328125 0.009765625 0.0263671875
4 0.11279296875 0.80126953125 0.0087890625 0.0205078125
4 0.11669921875 0.77783203125 0.0107421875 0.0244140625
4 0.23046875 0.73583984375 0.009765625 0.0244140625
4 0.216796875 0.6806640625 0.01171875 0.02734375
4 0.20703125 0.68212890625 0.01171875 0.0263671875
4 0.2255859375 0.650390625 0.013671875 0.02734375
4 0.212890625 0.65185546875 0.01171875 0.0244140625
4 0.201171875 0.65234375 0.009765625 0.025390625
4 0.08837890625 0.54736328125 0.0146484375 0.0263671875
4 0.21435546875 0.5439453125 0.0107421875 0.029296875
4 0.1865234375 0.3408203125 0.01171875 0.0234375
4 0.2080078125 0.49609375 0.013671875 0.025390625
4 0.18359375 0.4951171875 0.017578125 0.01171875
4 0.11767578125 0.50439453125 0.0166015625 0.0087890625
4 0.18212890625 0.3046875 0.0087890625 0.01953125
4 0.17138671875 0.30615234375 0.0068359375 0.0146484375
4 0.42236328125 0.5849609375 0.0146484375 0.0078125
4 0.44287109375 0.58544921875 0.0205078125 0.0087890625
4 0.44189453125 0.5947265625 0.0166015625 0.0078125
4 0.42333984375 0.5947265625 0.0166015625 0.0078125
4 0.85107421875 0.4306640625 0.0146484375 0.015625
4 0.85595703125 0.4365234375 0.0146484375 0.009765625
4 0.23046875 0.7841796875 0.005859375 0.017578125
4 0.208984375 0.8427734375 0.0078125 0.017578125
4 0.20068359375 0.84375 0.0068359375 0.015625
4 0.19287109375 0.84423828125 0.0068359375 0.0166015625
4 0.185546875 0.841796875 0.0078125 0.017578125
4 0.17724609375 0.84326171875 0.0087890625 0.0166015625
4 0.16748046875 0.8427734375 0.0068359375 0.015625
4 0.16064453125 0.8427734375 0.0068359375 0.015625
4 0.1513671875 0.8408203125 0.0078125 0.017578125
4 0.140625 0.80224609375 0.005859375 0.0166015625
4 0.13037109375 0.8037109375 0.0087890625 0.017578125
4 0.12158203125 0.80029296875 0.0068359375 0.0185546875
4 0.2177734375 0.80419921875 0.0078125 0.0185546875
4 0.2216796875 0.78515625 0.005859375 0.013671875
4 0.19189453125 0.7490234375 0.0068359375 0.015625
4 0.2060546875 0.78564453125 0.005859375 0.0126953125
4 0.19775390625 0.78515625 0.0068359375 0.013671875
4 0.18994140625 0.78369140625 0.0068359375 0.0166015625
4 0.18115234375 0.783203125 0.0068359375 0.015625
4 0.16552734375 0.7841796875 0.0068359375 0.013671875
4 0.15673828125 0.78271484375 0.0048828125 0.0146484375
4 0.1484375 0.7841796875 0.005859375 0.013671875
4 0.1416015625 0.783203125 0.0078125 0.013671875
4 0.13232421875 0.783203125 0.0048828125 0.01171875
4 0.12451171875 0.78173828125 0.0068359375 0.0146484375
4 0.11376953125 0.7509765625 0.0068359375 0.015625
4 0.16455078125 0.7490234375 0.0068359375 0.015625
4 0.22412109375 0.8447265625 0.0068359375 0.017578125
4 0.23291015625 0.84619140625 0.0068359375 0.0146484375
4 0.24169921875 0.845703125 0.0048828125 0.015625
4 0.48095703125 0.5615234375 0.0146484375 0.0078125
4 0.4931640625 0.4404296875 0.021484375 0.0078125
4 0.4931640625 0.44970703125 0.017578125 0.0087890625
4 0.47607421875 0.4521484375 0.0166015625 0.0078125
4 0.47705078125 0.458984375 0.0126953125 0.005859375
4 0.49365234375 0.4609375 0.0146484375 0.0078125
4 0.4775390625 0.470703125 0.015625 0.0078125
4 0.49365234375 0.4697265625 0.0146484375 0.0078125
4 0.4951171875 0.47900390625 0.017578125 0.0068359375
4 0.47705078125 0.4794921875 0.0166015625 0.0078125
4 0.47705078125 0.48974609375 0.0166015625 0.0068359375
4 0.49560546875 0.4892578125 0.0126953125 0.005859375
4 0.4775390625 0.49853515625 0.015625 0.0068359375
4 0.478515625 0.5078125 0.013671875 0.0078125
4 0.4970703125 0.50537109375 0.017578125 0.0087890625
4 0.47900390625 0.51513671875 0.0166015625 0.0068359375
4 0.49755859375 0.515625 0.0166015625 0.0078125
4 0.49609375 0.52392578125 0.015625 0.0068359375
4 0.47998046875 0.52490234375 0.0146484375 0.0068359375
4 0.47998046875 0.53369140625 0.0185546875 0.0068359375
4 0.4970703125 0.53369140625 0.013671875 0.0068359375
4 0.49853515625 0.54248046875 0.0166015625 0.0068359375
4 0.47900390625 0.55126953125 0.0166015625 0.0068359375
4 0.49755859375 0.55029296875 0.0166015625 0.0068359375
4 0.49951171875 0.56103515625 0.0126953125 0.0068359375
4 0.18505859375 0.7490234375 0.0068359375 0.015625
4 0.21923828125 0.74853515625 0.0068359375 0.0146484375
4 0.498046875 0.56982421875 0.013671875 0.0068359375
4 0.15087890625 0.361328125 0.0048828125 0.013671875
4 0.14404296875 0.36279296875 0.0068359375 0.0126953125
4 0.13720703125 0.36328125 0.0068359375 0.013671875
4 0.13037109375 0.3642578125 0.0068359375 0.013671875
4 0.1171875 0.36669921875 0.005859375 0.0126953125
4 0.08984375 0.36962890625 0.0078125 0.0126953125
4 0.08251953125 0.37109375 0.0068359375 0.013671875
4 0.07666015625 0.37158203125 0.0068359375 0.0126953125
4 0.0693359375 0.37255859375 0.0078125 0.0126953125
4 0.06298828125 0.37353515625 0.0068359375 0.0146484375
4 0.05517578125 0.3740234375 0.0068359375 0.01171875
4 0.04833984375 0.37548828125 0.0087890625 0.0146484375
4 0.482421875 0.5703125 0.01171875 0.005859375
4 0.20849609375 0.72900390625 0.0068359375 0.0185546875
4 0.48095703125 0.578125 0.0166015625 0.0078125
4 0.49951171875 0.578125 0.0166015625 0.0078125
4 0.4990234375 0.5869140625 0.013671875 0.0078125
4 0.48095703125 0.58740234375 0.0185546875 0.0087890625
4 0.482421875 0.59716796875 0.013671875 0.0068359375
4 0.4990234375 0.59619140625 0.015625 0.0087890625
4 0.4990234375 0.60498046875 0.017578125 0.0068359375
4 0.48291015625 0.60595703125 0.0126953125 0.0087890625
4 0.4794921875 0.62255859375 0.01171875 0.0068359375
4 0.4453125 0.61376953125 0.013671875 0.0068359375
4 0.42236328125 0.60546875 0.0146484375 0.009765625
4 0.4423828125 0.60400390625 0.017578125 0.0068359375
4 0.17919921875 0.35791015625 0.0068359375 0.0126953125
4 0.1767578125 0.33984375 0.005859375 0.017578125
4 0.16845703125 0.34130859375 0.0087890625 0.0185546875
4 0.1455078125 0.34375 0.0078125 0.017578125
4 0.1982421875 0.7294921875 0.005859375 0.017578125
4 0.19091796875 0.73095703125 0.0068359375 0.0166015625
4 0.18359375 0.68408203125 0.0078125 0.0146484375
4 0.1943359375 0.65673828125 0.0078125 0.0146484375
4 0.1806640625 0.6591796875 0.009765625 0.017578125
4 0.2041015625 0.5361328125 0.005859375 0.01171875
4 0.1943359375 0.5537109375 0.009765625 0.017578125
4 0.12744140625 0.54638671875 0.0068359375 0.0146484375
4 0.14697265625 0.54052734375 0.0068359375 0.0146484375
4 0.1611328125 0.5390625 0.0078125 0.015625
4 0.08642578125 0.3994140625 0.0048828125 0.013671875
4 0.15771484375 0.39306640625 0.0068359375 0.0107421875
4 0.14990234375 0.39306640625 0.0048828125 0.0126953125
4 0.14453125 0.39306640625 0.005859375 0.0126953125
4 0.1318359375 0.39404296875 0.005859375 0.0126953125
4 0.12451171875 0.3955078125 0.0068359375 0.015625
4 0.1123046875 0.396484375 0.0078125 0.015625
4 0.16259765625 0.40283203125 0.0166015625 0.0087890625
4 0.17822265625 0.39111328125 0.0068359375 0.0146484375
4 0.08154296875 0.35400390625 0.0068359375 0.0146484375
4 0.10205078125 0.35009765625 0.0068359375 0.0166015625
4 0.109375 0.349609375 0.0078125 0.017578125
4 0.1171875 0.3486328125 0.0078125 0.017578125
4 0.13134765625 0.34619140625 0.0087890625 0.0166015625
4 0.13916015625 0.34521484375 0.0087890625 0.0185546875
4 0.8408203125 0.4619140625 0.017578125 0.017578125
4 0.837890625 0.451171875 0.017578125 0.009765625
4 0.56640625 0.4453125 0.01171875 0.021484375
4 0.53662109375 0.54345703125 0.0283203125 0.1455078125
4 0.6357421875 0.54638671875 0.009765625 0.0244140625
4 0.6572265625 0.54736328125 0.01171875 0.0263671875
4 0.64794921875 0.60595703125 0.0087890625 0.0166015625
4 0.626953125 0.6064453125 0.009765625 0.021484375
4 0.61669921875 0.60302734375 0.0087890625 0.0185546875
4 0.60595703125 0.60302734375 0.0107421875 0.0283203125
4 0.595703125 0.60400390625 0.009765625 0.0263671875
4 0.5849609375 0.60498046875 0.009765625 0.0244140625
4 0.57470703125 0.60546875 0.0107421875 0.0234375
4 0.76416015625 0.58349609375 0.0244140625 0.0185546875
4 0.73583984375 0.611328125 0.0244140625 0.017578125
4 0.70703125 0.63232421875 0.029296875 0.0166015625
4 0.57666015625 0.44921875 0.0146484375 0.025390625
4 0.62451171875 0.54541015625 0.0087890625 0.0224609375
4 0.61474609375 0.54443359375 0.0087890625 0.0205078125
4 0.6044921875 0.54345703125 0.0078125 0.0224609375
4 0.5927734375 0.544921875 0.009765625 0.0234375
4 0.58544921875 0.451171875 0.0146484375 0.025390625
4 0.60400390625 0.4541015625 0.0126953125 0.01953125
4 0.61328125 0.45703125 0.013671875 0.0234375
4 0.62255859375 0.458984375 0.0126953125 0.0234375
4 0.6318359375 0.458984375 0.0078125 0.017578125
4 0.640625 0.46142578125 0.009765625 0.0185546875
4 0.6513671875 0.46337890625 0.009765625 0.0205078125
4 0.65966796875 0.4638671875 0.0068359375 0.017578125
4 0.669921875 0.46484375 0.0078125 0.017578125
4 0.6787109375 0.4677734375 0.009765625 0.01953125
4 0.6904296875 0.46923828125 0.005859375 0.0166015625
4 0.69921875 0.47119140625 0.009765625 0.0205078125
4 0.70751953125 0.4716796875 0.0087890625 0.017578125
4 0.763671875 0.484375 0.021484375 0.017578125
4 0.72265625 0.4765625 0.0078125 0.01171875
4 0.6904296875 0.52294921875 0.005859375 0.0166015625
4 0.6796875 0.521484375 0.0078125 0.021484375
4 0.669921875 0.51904296875 0.01171875 0.0283203125
4 0.65869140625 0.517578125 0.0107421875 0.029296875
4 0.64794921875 0.52001953125 0.0087890625 0.0224609375
4 0.63671875 0.5185546875 0.0078125 0.025390625
4 0.6259765625 0.52099609375 0.0078125 0.0205078125
4 0.61474609375 0.51904296875 0.0087890625 0.0224609375
4 0.59423828125 0.515625 0.0126953125 0.029296875
4 0.58251953125 0.51708984375 0.0107421875 0.0263671875
