4 0.63525390625 0.16552734375 0.0107421875 0.0146484375
4 0.28173828125 0.39404296875 0.0205078125 0.0107421875
4 0.21728515625 0.4296875 0.0224609375 0.009765625
4 0.240234375 0.42724609375 0.021484375 0.0068359375
4 0.216796875 0.42138671875 0.017578125 0.0087890625
4 0.23779296875 0.41748046875 0.0205078125 0.0087890625
4 0.3095703125 0.439453125 0.02734375 0.01171875
4 0.30908203125 0.4296875 0.0263671875 0.009765625
4 0.2841796875 0.431640625 0.017578125 0.0078125
4 0.31103515625 0.4189453125 0.0283203125 0.009765625
4 0.28271484375 0.4130859375 0.0205078125 0.0078125
4 0.31005859375 0.41064453125 0.0302734375 0.0107421875
4 0.283203125 0.4033203125 0.021484375 0.009765625
4 0.30908203125 0.40087890625 0.0283203125 0.0087890625
4 0.3095703125 0.390625 0.029296875 0.01171875
4 0.21728515625 0.4375 0.0185546875 0.0078125
4 0.30810546875 0.38037109375 0.0263671875 0.0087890625
4 0.2822265625 0.37451171875 0.021484375 0.0087890625
4 0.310546875 0.3701171875 0.03125 0.01171875
4 0.30810546875 0.36083984375 0.0263671875 0.0087890625
4 0.30712890625 0.35107421875 0.0263671875 0.0107421875
4 0.28125 0.3564453125 0.021484375 0.0078125
4 0.2802734375 0.34619140625 0.021484375 0.0087890625
4 0.28076171875 0.337890625 0.0185546875 0.0078125
4 0.21728515625 0.4052734375 0.0185546875 0.0078125
4 0.2177734375 0.39697265625 0.01953125 0.0087890625
4 0.23974609375 0.3984375 0.0205078125 0.0078125
4 0.21728515625 0.38818359375 0.0185546875 0.0087890625
4 0.24072265625 0.435546875 0.0224609375 0.009765625
4 0.24169921875 0.4453125 0.0224609375 0.005859375
4 0.38720703125 0.4169921875 0.0205078125 0.015625
4 0.404296875 0.3359375 0.017578125 0.013671875
4 0.427734375 0.33642578125 0.021484375 0.0166015625
4 0.42333984375 0.34423828125 0.0224609375 0.0166015625
4 0.4189453125 0.35302734375 0.021484375 0.0185546875
4 0.39599609375 0.35009765625 0.0185546875 0.0166015625
4 0.4111328125 0.3681640625 0.01953125 0.015625
4 0.388671875 0.365234375 0.01953125 0.015625
4 0.4052734375 0.376953125 0.017578125 0.013671875
4 0.3818359375 0.3798828125 0.017578125 0.015625
4 0.39404296875 0.400390625 0.0166015625 0.013671875
4 0.37451171875 0.39453125 0.0185546875 0.015625
4 0.37060546875 0.40234375 0.0166015625 0.013671875
4 0.38427734375 0.42626953125 0.0205078125 0.0166015625
4 0.2109375 0.46484375 0.0078125 0.021484375
4 0.361328125 0.43505859375 0.017578125 0.0244140625
4 0.380859375 0.4443359375 0.017578125 0.025390625
4 0.37060546875 0.44140625 0.0205078125 0.029296875
4 0.32421875 0.45703125 0.009765625 0.025390625
4 0.3134765625 0.4599609375 0.009765625 0.021484375
4 0.3017578125 0.45849609375 0.0078125 0.0244140625
4 0.29296875 0.4580078125 0.0078125 0.021484375
4 0.28173828125 0.4599609375 0.0087890625 0.021484375
4 0.24951171875 0.46337890625 0.0087890625 0.0224609375
4 0.2392578125 0.46435546875 0.0078125 0.0244140625
4 0.2314453125 0.4658203125 0.009765625 0.0234375
4 0.22119140625 0.46533203125 0.0107421875 0.0244140625
4 0.2392578125 0.388671875 0.0234375 0.0078125
4 0.2392578125 0.3798828125 0.021484375 0.0078125
4 0.23876953125 0.37060546875 0.0224609375 0.0087890625
4 0.296875 0.0556640625 0.015625 0.017578125
4 0.26611328125 0.0380859375 0.0166015625 0.021484375
4 0.44775390625 0.03369140625 0.0185546875 0.0107421875
4 0.27685546875 0.00537109375 0.0087890625 0.0087890625
4 0.26611328125 0.00634765625 0.0087890625 0.0107421875
4 0.21533203125 0.37060546875 0.0166015625 0.0068359375
4 0.408203125 0.06591796875 0.01953125 0.0107421875
4 0.40478515625 0.07470703125 0.0146484375 0.0087890625
4 0.44384765625 0.0947265625 0.0146484375 0.009765625
4 0.4453125 0.10498046875 0.017578125 0.0107421875
4 0.2158203125 0.3642578125 0.01953125 0.0078125
4 0.23876953125 0.36083984375 0.0205078125 0.0068359375
4 0.21630859375 0.35498046875 0.0146484375 0.0068359375
4 0.21533203125 0.3388671875 0.0185546875 0.0078125
4 0.2392578125 0.34326171875 0.0234375 0.0087890625
4 0.27978515625 0.328125 0.0224609375 0.009765625
4 0.21484375 0.33056640625 0.017578125 0.0087890625
4 0.23681640625 0.33349609375 0.0205078125 0.0087890625
4 0.23681640625 0.32421875 0.0205078125 0.0078125
4 0.21435546875 0.32177734375 0.0185546875 0.0087890625
4 0.392578125 0.2587890625 0.01953125 0.015625
4 0.23779296875 0.1953125 0.0166015625 0.017578125
4 0.22802734375 0.1982421875 0.0166015625 0.017578125
4 0.20654296875 0.15087890625 0.0205078125 0.0224609375
4 0.21826171875 0.15087890625 0.0166015625 0.0185546875
4 0.2392578125 0.150390625 0.013671875 0.01953125
4 0.23583984375 0.13427734375 0.0126953125 0.0185546875
4 0.20556640625 0.13134765625 0.0146484375 0.0224609375
4 0.28271484375 0.09619140625 0.0224609375 0.0146484375
4 0.28466796875 0.0859375 0.0205078125 0.013671875
4 0.23876953125 0.08740234375 0.0107421875 0.0244140625
4 0.2275390625 0.087890625 0.009765625 0.02734375
4 0.21875 0.0908203125 0.009765625 0.0234375
4 0.20849609375 0.09228515625 0.0068359375 0.0224609375
4 0.44287109375 0.11376953125 0.0166015625 0.0107421875
4 0.43505859375 0.32080078125 0.0224609375 0.0185546875
4 0.4189453125 0.30615234375 0.015625 0.0126953125
4 0.443359375 0.3046875 0.021484375 0.017578125
4 0.3544921875 0.3349609375 0.01953125 0.013671875
4 0.3857421875 0.27294921875 0.017578125 0.0126953125
4 0.44970703125 0.5341796875 0.0087890625 0.0234375
4 0.43896484375 0.53369140625 0.0087890625 0.0244140625
4 0.4287109375 0.5341796875 0.009765625 0.0234375
4 0.4189453125 0.53369140625 0.009765625 0.0244140625
4 0.45556640625 0.28125 0.0146484375 0.01171875
4 0.4521484375 0.28759765625 0.021484375 0.0166015625
4 0.43115234375 0.27587890625 0.0185546875 0.0146484375
4 0.4248046875 0.291015625 0.01953125 0.015625
4 0.38330078125 0.23486328125 0.0146484375 0.0126953125
4 0.376953125 0.248046875 0.015625 0.01171875
4 0.37451171875 0.2548828125 0.0146484375 0.013671875
4 0.37060546875 0.26025390625 0.0146484375 0.0126953125
4 0.36767578125 0.2666015625 0.0146484375 0.01171875
4 0.36474609375 0.27392578125 0.0166015625 0.0126953125
4 0.36181640625 0.27978515625 0.0146484375 0.0107421875
4 0.35888671875 0.2861328125 0.0146484375 0.01171875
4 0.37890625 0.28759765625 0.017578125 0.0126953125
4 0.37646484375 0.296875 0.0185546875 0.013671875
4 0.37158203125 0.302734375 0.0166015625 0.013671875
4 0.35498046875 0.2919921875 0.0146484375 0.01171875
4 0.35205078125 0.2978515625 0.0146484375 0.01171875
4 0.34912109375 0.3056640625 0.0146484375 0.009765625
4 0.36376953125 0.3173828125 0.0185546875 0.013671875
4 0.34619140625 0.3203125 0.0107421875 0.015625
4 0.3603515625 0.32568359375 0.017578125 0.0126953125
4 0.4609375 0.53564453125 0.009765625 0.0224609375
4 0.41748046875 0.55810546875 0.0087890625 0.0224609375
4 0.42724609375 0.5576171875 0.0087890625 0.021484375
4 0.439453125 0.5576171875 0.0078125 0.021484375
4 0.19873046875 0.92333984375 0.0107421875 0.0205078125
4 0.18212890625 0.84521484375 0.0068359375 0.0126953125
4 0.2744140625 0.8251953125 0.017578125 0.021484375
4 0.224609375 0.81201171875 0.021484375 0.0263671875
4 0.25244140625 0.75048828125 0.0107421875 0.0166015625
4 0.32373046875 0.66015625 0.0185546875 0.025390625
4 0.46044921875 0.62060546875 0.0068359375 0.0107421875
4 0.45361328125 0.6201171875 0.0068359375 0.01171875
4 0.44677734375 0.62109375 0.0068359375 0.013671875
4 0.4404296875 0.62060546875 0.005859375 0.0126953125
4 0.4267578125 0.6201171875 0.0078125 0.013671875
4 0.4130859375 0.61962890625 0.005859375 0.0126953125
4 0.4033203125 0.6201171875 0.005859375 0.017578125
4 0.39501953125 0.6201171875 0.0068359375 0.015625
4 0.3779296875 0.61962890625 0.0078125 0.0166015625
4 0.40380859375 0.6025390625 0.0068359375 0.015625
4 0.39501953125 0.6015625 0.0068359375 0.015625
4 0.37841796875 0.60107421875 0.0068359375 0.0166015625
4 0.44873046875 0.56005859375 0.0087890625 0.0244140625
4 0.1953125 0.18359375 0.013671875 0.01953125
4 0.17626953125 0.40673828125 0.0205078125 0.0087890625
4 0.15185546875 0.40478515625 0.0185546875 0.0087890625
4 0.1748046875 0.3974609375 0.01953125 0.0078125
4 0.173828125 0.38916015625 0.017578125 0.0087890625
4 0.17529296875 0.37939453125 0.0224609375 0.0087890625
4 0.17431640625 0.37158203125 0.0166015625 0.0068359375
4 0.14794921875 0.37109375 0.0244140625 0.009765625
4 0.1748046875 0.3603515625 0.021484375 0.009765625
4 0.17431640625 0.3515625 0.0185546875 0.0078125
4 0.1484375 0.3505859375 0.0234375 0.009765625
4 0.17529296875 0.34326171875 0.0224609375 0.0087890625
4 0.1728515625 0.32421875 0.017578125 0.0078125
4 0.19482421875 0.15185546875 0.0185546875 0.0205078125
4 0.17529296875 0.416015625 0.0185546875 0.0078125
4 0.19384765625 0.13134765625 0.0146484375 0.0205078125
4 0.1845703125 0.12939453125 0.013671875 0.0205078125
4 0.19873046875 0.091796875 0.0107421875 0.01953125
4 0.1904296875 0.09033203125 0.0078125 0.0185546875
5 0.662109375 0.01123046875 0.04296875 0.0205078125
5 0.70654296875 0.02392578125 0.1337890625 0.0458984375
4 0.150390625 0.4140625 0.021484375 0.009765625
4 0.1767578125 0.4248046875 0.01953125 0.0078125
4 0.00439453125 0.7939453125 0.0068359375 0.0234375
4 0.0166015625 0.74853515625 0.0078125 0.0146484375
4 0.005859375 0.7470703125 0.005859375 0.01171875
4 0.013671875 0.80517578125 0.009765625 0.0341796875
4 0.15673828125 0.44384765625 0.0087890625 0.0224609375
4 0.02783203125 0.74072265625 0.0107421875 0.0361328125
4 0.0146484375 0.72265625 0.009765625 0.03125
4 0.14697265625 0.68408203125 0.0107421875 0.0263671875
4 0.11279296875 0.6689453125 0.0107421875 0.021484375
4 0.18505859375 0.4423828125 0.0087890625 0.021484375
4 0.1767578125 0.44189453125 0.0078125 0.0205078125
4 0.16748046875 0.4443359375 0.0087890625 0.021484375
5 0.73974609375 0.0537109375 0.1005859375 0.033203125
5 0.73291015625 0.14990234375 0.0673828125 0.0498046875
5 0.0087890625 0.34326171875 0.015625 0.0263671875
5 0.49755859375 0.0439453125 0.0654296875 0.076171875
5 0.54248046875 0.486328125 0.1767578125 0.052734375
5 0.58984375 0.4296875 0.09375 0.056640625
5 0.59326171875 0.36767578125 0.1025390625 0.0517578125
5 0.16162109375 0.37744140625 0.0537109375 0.1533203125
5 0.2294921875 0.38623046875 0.048828125 0.1826171875
5 0.29931640625 0.390625 0.0595703125 0.16015625
5 0.40576171875 0.3564453125 0.1240234375 0.203125
5 0.3681640625 0.2841796875 0.08203125 0.111328125
5 0.4775390625 0.17626953125 0.083984375 0.1708984375
5 0.42138671875 0.16943359375 0.0712890625 0.1533203125
5 0.38525390625 0.13818359375 0.0634765625 0.1689453125
5 0.44189453125 0.02685546875 0.0517578125 0.0517578125
5 0.033203125 0.43896484375 0.064453125 0.0224609375
5 0.515625 0.55029296875 0.20703125 0.0615234375
5 0.490234375 0.61279296875 0.236328125 0.0478515625
5 0.02001953125 0.73583984375 0.0380859375 0.0498046875
5 0.01025390625 0.80419921875 0.0185546875 0.0458984375
5 0.0341796875 0.50341796875 0.06640625 0.0126953125
5 0.26513671875 0.98095703125 0.0791015625 0.0283203125
5 0.2705078125 0.93408203125 0.072265625 0.0380859375
5 0.30908203125 0.841796875 0.0771484375 0.0625
5 0.01123046875 0.86181640625 0.0205078125 0.0498046875
4 0.01318359375 0.86962890625 0.0087890625 0.0322265625
4 0.00390625 0.876953125 0.005859375 0.029296875
4 0.47900390625 0.22216796875 0.0224609375 0.0107421875
4 0.49169921875 0.158203125 0.0205078125 0.009765625
4 0.4892578125 0.16650390625 0.017578125 0.0107421875
4 0.48779296875 0.17529296875 0.0185546875 0.0107421875
4 0.46826171875 0.1708984375 0.0146484375 0.0078125
4 0.466796875 0.177734375 0.013671875 0.0078125
4 0.484375 0.1826171875 0.017578125 0.009765625
4 0.48193359375 0.1943359375 0.0185546875 0.01171875
4 0.46240234375 0.19287109375 0.0146484375 0.0068359375
4 0.46044921875 0.2001953125 0.0166015625 0.01171875
4 0.48193359375 0.20263671875 0.0244140625 0.0107421875
4 0.47900390625 0.2138671875 0.0224609375 0.01171875
4 0.45703125 0.21142578125 0.013671875 0.0087890625
4 0.45361328125 0.22314453125 0.0146484375 0.0087890625
4 0.5810546875 0.49560546875 0.005859375 0.0126953125
4 0.47314453125 0.2421875 0.0244140625 0.017578125
4 0.4482421875 0.23486328125 0.013671875 0.0087890625
4 0.46630859375 0.24951171875 0.0263671875 0.0205078125
4 0.5517578125 0.41162109375 0.0078125 0.0146484375
4 0.61181640625 0.4814453125 0.0068359375 0.013671875
4 0.60400390625 0.48046875 0.0048828125 0.013671875
4 0.59716796875 0.47998046875 0.0068359375 0.0146484375
4 0.58251953125 0.47900390625 0.0048828125 0.0146484375
4 0.57470703125 0.478515625 0.0068359375 0.015625
4 0.56689453125 0.478515625 0.0048828125 0.015625
4 0.560546875 0.4775390625 0.005859375 0.015625
4 0.60009765625 0.49609375 0.0048828125 0.01171875
4 0.47216796875 0.16015625 0.0126953125 0.005859375
4 0.4736328125 0.15576171875 0.01171875 0.0068359375
4 0.494140625 0.14990234375 0.015625 0.0107421875
4 0.49560546875 0.14306640625 0.0185546875 0.0107421875
4 0.681640625 0.029296875 0.013671875 0.005859375
4 0.6630859375 0.03173828125 0.015625 0.0107421875
4 0.64697265625 0.037109375 0.0146484375 0.0078125
4 0.427734375 0.09912109375 0.01171875 0.0068359375
4 0.42236328125 0.123046875 0.0126953125 0.0078125
4 0.4169921875 0.13720703125 0.015625 0.0087890625
4 0.4169921875 0.14501953125 0.013671875 0.0087890625
4 0.41455078125 0.15185546875 0.0126953125 0.0048828125
4 0.4296875 0.1708984375 0.015625 0.009765625
4 0.40673828125 0.181640625 0.0166015625 0.01171875
4 0.50341796875 0.1162109375 0.0205078125 0.01171875
4 0.48388671875 0.115234375 0.0146484375 0.0078125
4 0.482421875 0.12109375 0.01171875 0.0078125
4 0.48193359375 0.1259765625 0.0107421875 0.0078125
4 0.498046875 0.1328125 0.017578125 0.009765625
4 0.4794921875 0.13720703125 0.013671875 0.0087890625
4 0.4775390625 0.14453125 0.013671875 0.009765625
4 0.5869140625 0.4951171875 0.005859375 0.01171875
4 0.56640625 0.494140625 0.005859375 0.013671875
4 0.5595703125 0.49462890625 0.005859375 0.0107421875
4 0.55322265625 0.49267578125 0.0048828125 0.0126953125
4 0.544921875 0.4921875 0.005859375 0.01171875
4 0.55322265625 0.47802734375 0.0068359375 0.0146484375
4 0.54541015625 0.4755859375 0.0068359375 0.015625
4 0.537109375 0.4755859375 0.005859375 0.015625
4 0.5234375 0.47607421875 0.005859375 0.0146484375
4 0.52294921875 0.4951171875 0.0068359375 0.015625
4 0.5302734375 0.49365234375 0.0078125 0.0126953125
4 0.6904296875 0.05810546875 0.009765625 0.0185546875
4 0.70068359375 0.13037109375 0.0068359375 0.0146484375
4 0.515625 0.5400390625 0.0078125 0.017578125
4 0.57470703125 0.5615234375 0.0087890625 0.013671875
4 0.56787109375 0.560546875 0.0068359375 0.013671875
4 0.560546875 0.560546875 0.005859375 0.01171875
4 0.54541015625 0.56005859375 0.0068359375 0.0126953125
4 0.537109375 0.560546875 0.0078125 0.013671875
4 0.52978515625 0.55908203125 0.0087890625 0.0146484375
4 0.5625 0.544921875 0.0078125 0.015625
4 0.55517578125 0.54443359375 0.0068359375 0.0146484375
4 0.54736328125 0.54248046875 0.0068359375 0.0166015625
4 0.53857421875 0.54248046875 0.0068359375 0.0146484375
4 0.5302734375 0.54296875 0.0078125 0.015625
4 0.52197265625 0.5419921875 0.0068359375 0.013671875
4 0.50634765625 0.53857421875 0.0087890625 0.0224609375
4 0.4794921875 0.53564453125 0.009765625 0.0224609375
4 0.521484375 0.56005859375 0.0078125 0.0185546875
4 0.5126953125 0.5595703125 0.0078125 0.01953125
4 0.4677734375 0.55859375 0.0078125 0.017578125
4 0.48681640625 0.56005859375 0.0087890625 0.0185546875
4 0.4775390625 0.56103515625 0.009765625 0.0244140625
4 0.54833984375 0.607421875 0.0068359375 0.013671875
4 0.5400390625 0.60693359375 0.005859375 0.0146484375
4 0.53125 0.6044921875 0.0078125 0.017578125
4 0.48193359375 0.62060546875 0.0068359375 0.0107421875
4 0.47509765625 0.62109375 0.0068359375 0.01171875
4 0.4677734375 0.62060546875 0.005859375 0.0146484375
4 0.58203125 0.5615234375 0.0078125 0.01171875
4 0.6025390625 0.56201171875 0.005859375 0.0107421875
4 0.5751953125 0.54541015625 0.005859375 0.0126953125
4 0.58203125 0.544921875 0.0078125 0.013671875
4 0.4814453125 0.00244140625 0.005859375 0.0029296875
4 0.4912109375 0.00244140625 0.0078125 0.0029296875
4 0.5107421875 0.00634765625 0.009765625 0.0107421875
4 0.5126953125 0.0361328125 0.0234375 0.01171875
4 0.509765625 0.04638671875 0.01953125 0.0126953125
4 0.4423828125 0.04931640625 0.015625 0.0087890625
4 0.47900390625 0.064453125 0.0166015625 0.013671875
4 0.50048828125 0.07373046875 0.0244140625 0.0166015625
4 0.599609375 0.17529296875 0.0078125 0.0185546875
4 0.5712890625 0.2041015625 0.009765625 0.017578125
4 0.56884765625 0.267578125 0.0146484375 0.01953125
4 0.4775390625 0.17578125 0.078125 0.1640625
4 0.552734375 0.359375 0.01171875 0.021484375
4 0.57177734375 0.48681640625 0.1044921875 0.0341796875
4 0.47412109375 0.47314453125 0.0068359375 0.0166015625
4 0.47265625 0.49267578125 0.005859375 0.0166015625
4 0.46240234375 0.49072265625 0.0068359375 0.0166015625
4 0.45458984375 0.490234375 0.0068359375 0.013671875
4 0.46435546875 0.47265625 0.0087890625 0.015625
4 0.45556640625 0.47119140625 0.0087890625 0.0185546875
4 0.595703125 0.54638671875 0.005859375 0.0126953125
4 0.58935546875 0.5458984375 0.0048828125 0.013671875
4 0.38818359375 0.14111328125 0.0517578125 0.1630859375
4 0.404296875 0.18994140625 0.015625 0.0087890625
4 0.4033203125 0.19677734375 0.013671875 0.0087890625
4 0.423828125 0.18505859375 0.013671875 0.0068359375
4 0.4228515625 0.193359375 0.017578125 0.009765625
4 0.4208984375 0.201171875 0.015625 0.009765625
4 0.4169921875 0.2080078125 0.013671875 0.009765625
4 0.41650390625 0.2177734375 0.0166015625 0.0078125
4 0.3994140625 0.21240234375 0.015625 0.0107421875
4 0.39501953125 0.2265625 0.0166015625 0.01171875
4 0.41455078125 0.224609375 0.0166015625 0.0078125
4 0.41259765625 0.2373046875 0.0185546875 0.009765625
