0 0.96728515625 0.1591796875 0.0185546875 0.017578125
1 0.45751953125 0.73486328125 0.0361328125 0.0439453125
1 0.47802734375 0.75146484375 0.0361328125 0.0439453125
1 0.48828125 0.7587890625 0.03515625 0.044921875
1 0.3984375 0.7685546875 0.03515625 0.04296875
1 0.40966796875 0.77587890625 0.0341796875 0.0439453125
1 0.419921875 0.7841796875 0.03515625 0.04296875
1 0.4306640625 0.79296875 0.037109375 0.04296875
1 0.44140625 0.80029296875 0.037109375 0.0439453125
1 0.4521484375 0.80859375 0.037109375 0.04296875
1 0.46337890625 0.81494140625 0.0361328125 0.0419921875
1 0.3837890625 0.83203125 0.037109375 0.04296875
1 0.39453125 0.8408203125 0.037109375 0.04296875
1 0.40576171875 0.84814453125 0.0361328125 0.0439453125
1 0.41552734375 0.85498046875 0.0361328125 0.0439453125
1 0.4267578125 0.86279296875 0.037109375 0.0439453125
1 0.36767578125 0.89697265625 0.0361328125 0.0419921875
1 0.4677734375 0.74267578125 0.03515625 0.0419921875
1 0.44580078125 0.72705078125 0.0361328125 0.0439453125
1 0.38916015625 0.9130859375 0.0361328125 0.04296875
1 0.435546875 0.71826171875 0.037109375 0.0439453125
1 0.4892578125 0.6044921875 0.0390625 0.044921875
1 0.5009765625 0.6142578125 0.0390625 0.04296875
1 0.51220703125 0.62109375 0.0380859375 0.044921875
1 0.39892578125 0.61376953125 0.0400390625 0.0458984375
1 0.451171875 0.65478515625 0.037109375 0.0439453125
1 0.4619140625 0.66162109375 0.037109375 0.0439453125
1 0.47314453125 0.67138671875 0.0380859375 0.0439453125
1 0.484375 0.6787109375 0.037109375 0.04296875
1 0.49462890625 0.685546875 0.0361328125 0.04296875
1 0.5048828125 0.69384765625 0.037109375 0.0439453125
1 0.515625 0.7021484375 0.037109375 0.044921875
1 0.5263671875 0.71044921875 0.03515625 0.0439453125
1 0.53662109375 0.71728515625 0.0361328125 0.0439453125
1 0.4140625 0.70361328125 0.037109375 0.0439453125
1 0.42578125 0.7099609375 0.037109375 0.044921875
1 0.37841796875 0.9052734375 0.0341796875 0.04296875
1 0.705078125 0.3125 0.037109375 0.04296875
1 0.46728515625 0.59033203125 0.0380859375 0.0439453125
0 0.0810546875 0.23486328125 0.015625 0.0205078125
0 0.056640625 0.2744140625 0.017578125 0.021484375
0 0.11572265625 0.298828125 0.0185546875 0.017578125
0 0.1015625 0.314453125 0.017578125 0.017578125
0 0.1376953125 0.3154296875 0.017578125 0.017578125
0 0.15380859375 0.328125 0.0185546875 0.017578125
0 0.130859375 0.33740234375 0.017578125 0.0185546875
0 0.029296875 0.34326171875 0.017578125 0.0224609375
0 0.0361328125 0.36083984375 0.017578125 0.0224609375
0 0.1513671875 0.3515625 0.017578125 0.017578125
0 0.17138671875 0.34033203125 0.0185546875 0.0166015625
0 0.1904296875 0.353515625 0.017578125 0.017578125
0 0.20556640625 0.3662109375 0.0185546875 0.017578125
0 0.21533203125 0.349609375 0.0185546875 0.01171875
0 0.23193359375 0.359375 0.0185546875 0.017578125
0 0.25927734375 0.3515625 0.0185546875 0.01953125
0 0.07080078125 0.25439453125 0.0185546875 0.0224609375
0 0.10302734375 0.24072265625 0.0166015625 0.0205078125
1 0.7158203125 0.31982421875 0.037109375 0.0419921875
0 0.0908203125 0.2158203125 0.017578125 0.021484375
1 0.7275390625 0.32763671875 0.037109375 0.0439453125
1 0.73779296875 0.33642578125 0.0341796875 0.0419921875
1 0.7490234375 0.34423828125 0.03515625 0.0419921875
1 0.759765625 0.35302734375 0.037109375 0.0439453125
0 0.21826171875 0.02490234375 0.0185546875 0.0224609375
0 0.18212890625 0.0478515625 0.0146484375 0.01953125
0 0.17333984375 0.064453125 0.0126953125 0.01953125
0 0.1962890625 0.0654296875 0.017578125 0.021484375
0 0.2509765625 0.07763671875 0.0234375 0.0205078125
0 0.1787109375 0.099609375 0.015625 0.01953125
0 0.1376953125 0.1298828125 0.015625 0.021484375
0 0.15234375 0.1484375 0.017578125 0.021484375
0 0.11669921875 0.17041015625 0.0185546875 0.0224609375
0 0.1044921875 0.19140625 0.017578125 0.01953125
0 0.11279296875 0.224609375 0.0126953125 0.015625
1 0.478515625 0.5966796875 0.037109375 0.044921875
1 0.45703125 0.58203125 0.037109375 0.04296875
0 0.2861328125 0.34716796875 0.017578125 0.0166015625
1 0.2236328125 0.7802734375 0.037109375 0.04296875
1 0.1806640625 0.86669921875 0.04296875 0.0400390625
1 0.2080078125 0.87109375 0.041015625 0.041015625
1 0.1728515625 0.8798828125 0.04296875 0.0390625
1 0.240234375 0.93994140625 0.0390625 0.0419921875
1 0.27880859375 0.97412109375 0.0419921875 0.0419921875
1 0.34326171875 0.919921875 0.0458984375 0.037109375
1 0.3349609375 0.8740234375 0.037109375 0.04296875
1 0.34619140625 0.8798828125 0.0361328125 0.04296875
1 0.357421875 0.8896484375 0.03515625 0.04296875
1 0.2548828125 0.80908203125 0.0390625 0.0439453125
1 0.2119140625 0.7734375 0.037109375 0.04296875
1 0.13232421875 0.71826171875 0.0439453125 0.0361328125
1 0.3515625 0.525390625 0.037109375 0.044921875
1 0.25048828125 0.5390625 0.0361328125 0.04296875
1 0.2607421875 0.5458984375 0.037109375 0.04296875
1 0.31884765625 0.57177734375 0.0380859375 0.0439453125
1 0.23046875 0.5888671875 0.03515625 0.044921875
1 0.2197265625 0.580078125 0.03515625 0.04296875
1 0.19091796875 0.6220703125 0.0361328125 0.04296875
1 0.201171875 0.6298828125 0.03515625 0.04296875
1 0.30615234375 0.69482421875 0.0361328125 0.0439453125
1 0.248046875 0.7265625 0.037109375 0.04296875
1 0.3232421875 0.7822265625 0.03515625 0.044921875
1 0.16552734375 0.6728515625 0.0458984375 0.033203125
1 0.15966796875 0.68359375 0.0458984375 0.033203125
1 0.14990234375 0.6962890625 0.0439453125 0.037109375
1 0.14013671875 0.70849609375 0.0439453125 0.0361328125
1 0.4462890625 0.57470703125 0.037109375 0.0439453125
1 0.57666015625 0.21875 0.0458984375 0.025390625
1 0.62548828125 0.244140625 0.0419921875 0.0390625
1 0.61767578125 0.25439453125 0.0419921875 0.0380859375
1 0.60791015625 0.26416015625 0.0400390625 0.0380859375
1 0.6005859375 0.2763671875 0.04296875 0.037109375
1 0.59228515625 0.28564453125 0.0400390625 0.0380859375
1 0.521484375 0.28564453125 0.044921875 0.0263671875
1 0.515625 0.298828125 0.044921875 0.0234375
1 0.56591796875 0.32080078125 0.0439453125 0.0380859375
1 0.57421875 0.30908203125 0.04296875 0.0380859375
1 0.68408203125 0.29345703125 0.0361328125 0.0419921875
1 0.69482421875 0.3017578125 0.0361328125 0.044921875
1 0.42578125 0.55810546875 0.037109375 0.0439453125
1 0.4365234375 0.56640625 0.0390625 0.044921875
0 0.27099609375 0.3349609375 0.0166015625 0.017578125
0 0.279296875 0.357421875 0.01953125 0.01953125
0 0.88134765625 0.82568359375 0.0224609375 0.0244140625
0 0.7607421875 0.53564453125 0.0234375 0.0263671875
0 0.76220703125 0.48193359375 0.0205078125 0.0244140625
0 0.822265625 0.4033203125 0.01953125 0.021484375
0 0.75634765625 0.736328125 0.0341796875 0.015625
0 0.79052734375 0.72607421875 0.0224609375 0.0185546875
0 0.798828125 0.708984375 0.017578125 0.021484375
0 0.8134765625 0.763671875 0.021484375 0.01953125
0 0.8251953125 0.736328125 0.01953125 0.01953125
0 0.8203125 0.74462890625 0.01953125 0.0185546875
0 0.81884765625 0.7548828125 0.0205078125 0.01953125
0 0.83740234375 0.7958984375 0.0205078125 0.021484375
0 0.84130859375 0.5751953125 0.0205078125 0.01953125
0 0.939453125 0.24169921875 0.0234375 0.0244140625
0 0.9599609375 0.2119140625 0.021484375 0.025390625
0 0.9765625 0.19287109375 0.025390625 0.0263671875
0 0.9248046875 0.107421875 0.03125 0.02734375
0 0.74755859375 0.5029296875 0.0224609375 0.02734375
0 0.72119140625 0.5361328125 0.0244140625 0.02734375
0 0.93408203125 0.08935546875 0.0224609375 0.0205078125
0 0.70166015625 0.56201171875 0.0185546875 0.0205078125
0 0.76416015625 0.02783203125 0.0185546875 0.0166015625
0 0.78857421875 0.13330078125 0.0224609375 0.0224609375
0 0.79931640625 0.1162109375 0.0244140625 0.021484375
0 0.7734375 0.27197265625 0.021484375 0.0224609375
0 0.78515625 0.27783203125 0.01953125 0.0224609375
0 0.79931640625 0.28173828125 0.0185546875 0.0205078125
0 0.80810546875 0.28955078125 0.0205078125 0.0224609375
0 0.82421875 0.29296875 0.01953125 0.01953125
0 0.83056640625 0.3017578125 0.0224609375 0.025390625
0 0.8056640625 0.42529296875 0.025390625 0.0263671875
0 0.625 0.6630859375 0.021484375 0.0234375
0 0.6279296875 0.68603515625 0.025390625 0.0263671875
0 0.64501953125 0.63818359375 0.0244140625 0.0263671875
0 0.669921875 0.60791015625 0.0234375 0.0244140625
0 0.68798828125 0.58251953125 0.0244140625 0.0283203125
0 0.92919921875 0.0966796875 0.0244140625 0.021484375
0 0.90625 0.05224609375 0.0234375 0.0263671875
0 0.74951171875 0.04443359375 0.0224609375 0.0185546875
0 0.90380859375 0.91748046875 0.0185546875 0.0263671875
0 0.95263671875 0.56982421875 0.0185546875 0.0224609375
0 0.94775390625 0.56298828125 0.0205078125 0.0205078125
0 0.95166015625 0.546875 0.0302734375 0.02734375
0 0.96142578125 0.54150390625 0.0302734375 0.0283203125
0 0.9384765625 0.55859375 0.021484375 0.021484375
0 0.93017578125 0.5517578125 0.0185546875 0.017578125
0 0.91259765625 0.58203125 0.0185546875 0.017578125
0 0.9619140625 0.57568359375 0.017578125 0.0224609375
0 0.98095703125 0.5703125 0.0302734375 0.02734375
0 0.98681640625 0.56298828125 0.0244140625 0.0244140625
0 0.93798828125 0.6103515625 0.0185546875 0.0234375
0 0.84716796875 0.56494140625 0.0185546875 0.0185546875
0 0.85400390625 0.55810546875 0.0166015625 0.0146484375
0 0.89013671875 0.58447265625 0.0185546875 0.0205078125
0 0.921875 0.908203125 0.021484375 0.01953125
0 0.892578125 0.91015625 0.015625 0.021484375
0 0.873046875 0.05908203125 0.021484375 0.0205078125
0 0.8837890625 0.90576171875 0.017578125 0.0205078125
0 0.96630859375 0.12255859375 0.0224609375 0.0263671875
0 0.97412109375 0.12890625 0.0205078125 0.025390625
0 0.927734375 0.45654296875 0.017578125 0.0205078125
0 0.97802734375 0.51220703125 0.0244140625 0.0224609375
0 0.96630859375 0.515625 0.0244140625 0.0234375
0 0.9248046875 0.53515625 0.021484375 0.021484375
0 0.90087890625 0.5673828125 0.0185546875 0.021484375
0 0.90478515625 0.591796875 0.0205078125 0.01953125
0 0.92041015625 0.603515625 0.0166015625 0.021484375
0 0.8671875 0.72119140625 0.025390625 0.0263671875
0 0.92138671875 0.68603515625 0.0283203125 0.0224609375
0 0.88623046875 0.7392578125 0.0283203125 0.029296875
0 0.89013671875 0.88525390625 0.0361328125 0.0283203125
0 0.857421875 0.8857421875 0.01953125 0.02734375
0 0.86474609375 0.8974609375 0.0166015625 0.0234375
0 0.73291015625 0.025390625 0.0087890625 0.017578125
0 0.71484375 0.095703125 0.01953125 0.01953125
0 0.2744140625 0.3642578125 0.01953125 0.017578125
0 0.0810546875 0.8583984375 0.017578125 0.01953125
0 0.14599609375 0.90576171875 0.0185546875 0.0185546875
0 0.15234375 0.89404296875 0.017578125 0.0185546875
0 0.11572265625 0.87451171875 0.0185546875 0.0205078125
0 0.125 0.92431640625 0.01953125 0.0185546875
0 0.11865234375 0.93212890625 0.0185546875 0.0185546875
0 0.10302734375 0.94140625 0.0185546875 0.017578125
0 0.05078125 0.96875 0.01953125 0.021484375
0 0.04150390625 0.9609375 0.0185546875 0.01953125
0 0.0341796875 0.95458984375 0.01953125 0.0205078125
0 0.025390625 0.94921875 0.01953125 0.021484375
0 0.01123046875 0.939453125 0.0205078125 0.021484375
0 0.00830078125 0.99267578125 0.0146484375 0.0146484375
0 0.1376953125 0.912109375 0.0234375 0.0234375
0 0.0419921875 0.86669921875 0.021484375 0.0205078125
0 0.11572265625 0.9921875 0.0146484375 0.015625
0 0.02783203125 0.85400390625 0.0224609375 0.0185546875
0 0.26220703125 0.376953125 0.0205078125 0.01953125
0 0.16796875 0.3935546875 0.01953125 0.021484375
0 0.2578125 0.4521484375 0.021484375 0.021484375
0 0.27490234375 0.4306640625 0.0205078125 0.021484375
0 0.22265625 0.49755859375 0.021484375 0.0224609375
0 0.2373046875 0.505859375 0.01953125 0.021484375
0 0.21337890625 0.53955078125 0.0224609375 0.0205078125
0 0.1953125 0.53173828125 0.01953125 0.0205078125
0 0.162109375 0.5732421875 0.021484375 0.0234375
0 0.1357421875 0.59375 0.013671875 0.021484375
0 0.10693359375 0.6201171875 0.0302734375 0.033203125
0 0.09619140625 0.66015625 0.0263671875 0.02734375
0 0.06298828125 0.8125 0.0185546875 0.017578125
0 0.09423828125 0.80859375 0.0185546875 0.017578125
0 0.0537109375 0.833984375 0.021484375 0.0234375
0 0.10546875 0.9951171875 0.013671875 0.009765625
0 0.125 0.98974609375 0.015625 0.0205078125
0 0.6650390625 0.046875 0.01953125 0.01953125
0 0.4365234375 0.02685546875 0.01953125 0.0185546875
0 0.45263671875 0.01123046875 0.0205078125 0.0185546875
0 0.48388671875 0.03515625 0.0205078125 0.017578125
0 0.46630859375 0.14892578125 0.0205078125 0.0224609375
0 0.47119140625 0.16552734375 0.0205078125 0.0224609375
0 0.49169921875 0.142578125 0.0185546875 0.021484375
0 0.298828125 0.17333984375 0.021484375 0.0244140625
0 0.4306640625 0.22216796875 0.01953125 0.0205078125
0 0.4013671875 0.26416015625 0.021484375 0.0244140625
0 0.3759765625 0.30419921875 0.021484375 0.0224609375
0 0.35595703125 0.330078125 0.0185546875 0.021484375
0 0.32666015625 0.36328125 0.0205078125 0.0234375
0 0.302734375 0.396484375 0.021484375 0.021484375
0 0.57568359375 0.56787109375 0.0185546875 0.0205078125
0 0.58154296875 0.71142578125 0.0244140625 0.0224609375
0 0.1416015625 0.98291015625 0.01953125 0.0224609375
0 0.20166015625 0.93310546875 0.0166015625 0.0205078125
0 0.140625 0.99609375 0.013671875 0.0078125
0 0.2294921875 0.99560546875 0.01171875 0.0087890625
0 0.154296875 0.97119140625 0.017578125 0.0205078125
0 0.16455078125 0.9658203125 0.0166015625 0.01953125
0 0.1962890625 0.96728515625 0.017578125 0.0205078125
0 0.17431640625 0.95703125 0.0185546875 0.01953125
0 0.18212890625 0.94970703125 0.0166015625 0.0205078125
0 0.19140625 0.93994140625 0.01953125 0.0224609375
1 0.32763671875 0.505859375 0.0361328125 0.044921875
