0 0.45751953125 0.81591796875 0.0166015625 0.0263671875
1 0.46630859375 0.2294921875 0.0517578125 0.025390625
1 0.53759765625 0.359375 0.0361328125 0.048828125
1 0.46435546875 0.408203125 0.0361328125 0.048828125
1 0.45263671875 0.365234375 0.0361328125 0.048828125
1 0.533203125 0.337890625 0.037109375 0.05078125
1 0.56787109375 0.3115234375 0.0400390625 0.048828125
1 0.56396484375 0.291015625 0.0380859375 0.048828125
1 0.521484375 0.2958984375 0.037109375 0.048828125
1 0.5576171875 0.2724609375 0.041015625 0.046875
1 0.51513671875 0.27587890625 0.0400390625 0.0478515625
1 0.44677734375 0.34326171875 0.0380859375 0.0478515625
1 0.6015625 0.19677734375 0.0546875 0.0224609375
1 0.5263671875 0.2158203125 0.052734375 0.025390625
1 0.4150390625 0.24365234375 0.05078125 0.0244140625
1 0.57861328125 0.35546875 0.0380859375 0.048828125
1 0.40576171875 0.68017578125 0.0361328125 0.0478515625
1 0.37109375 0.7060546875 0.03515625 0.048828125
1 0.3759765625 0.7578125 0.05078125 0.03515625
1 0.2412109375 0.7138671875 0.037109375 0.048828125
1 0.126953125 0.76513671875 0.037109375 0.0498046875
1 0.16259765625 0.73828125 0.0380859375 0.048828125
1 0.15673828125 0.71630859375 0.0380859375 0.0498046875
1 0.1396484375 0.65087890625 0.037109375 0.0498046875
1 0.2275390625 0.64794921875 0.0390625 0.0498046875
1 0.35400390625 0.6396484375 0.0361328125 0.048828125
1 0.3896484375 0.61474609375 0.03515625 0.0517578125
1 0.34716796875 0.619140625 0.0380859375 0.048828125
1 0.572265625 0.33544921875 0.03515625 0.0498046875
1 0.54345703125 0.38134765625 0.0361328125 0.0498046875
1 0.515625 0.60693359375 0.037109375 0.0498046875
1 0.49267578125 0.515625 0.0380859375 0.05078125
1 0.60009765625 0.6025390625 0.0361328125 0.048828125
1 0.63330078125 0.57421875 0.0361328125 0.048828125
1 0.630859375 0.55126953125 0.0390625 0.0498046875
1 0.59375 0.57958984375 0.03515625 0.0498046875
1 0.5107421875 0.58447265625 0.037109375 0.0498046875
1 0.470703125 0.58740234375 0.037109375 0.0498046875
1 0.46337890625 0.56591796875 0.0361328125 0.0498046875
1 0.50390625 0.56201171875 0.03515625 0.0498046875
1 0.6220703125 0.53271484375 0.037109375 0.0498046875
1 0.6181640625 0.51025390625 0.0390625 0.0478515625
1 0.61181640625 0.48828125 0.0400390625 0.05078125
1 0.4990234375 0.5390625 0.03515625 0.05078125
1 0.48681640625 0.49755859375 0.0361328125 0.0498046875
1 0.5849609375 0.37744140625 0.03515625 0.0498046875
1 0.45068359375 0.52294921875 0.0361328125 0.0498046875
1 0.4794921875 0.4755859375 0.03515625 0.048828125
1 0.6083984375 0.4658203125 0.037109375 0.048828125
1 0.599609375 0.443359375 0.03515625 0.048828125
1 0.56591796875 0.46923828125 0.0380859375 0.0498046875
1 0.560546875 0.447265625 0.037109375 0.048828125
1 0.59521484375 0.4208984375 0.0361328125 0.048828125
1 0.59033203125 0.3994140625 0.0361328125 0.046875
1 0.5546875 0.42626953125 0.037109375 0.0498046875
1 0.4736328125 0.455078125 0.03515625 0.048828125
1 0.46875 0.4296875 0.037109375 0.05078125
1 0.54833984375 0.4033203125 0.0380859375 0.048828125
1 0.34033203125 0.59765625 0.0361328125 0.048828125
1 0.37451171875 0.57373046875 0.0361328125 0.0498046875
1 0.3720703125 0.5478515625 0.037109375 0.048828125
1 0.15283203125 0.36474609375 0.0380859375 0.0478515625
1 0.40234375 0.32470703125 0.03515625 0.0498046875
1 0.3154296875 0.3291015625 0.037109375 0.048828125
1 0.28173828125 0.353515625 0.0341796875 0.05078125
1 0.275390625 0.33203125 0.037109375 0.048828125
1 0.21533203125 0.44677734375 0.0380859375 0.0478515625
1 0.2099609375 0.42626953125 0.037109375 0.0498046875
1 0.20458984375 0.40087890625 0.0380859375 0.0478515625
1 0.1689453125 0.431640625 0.037109375 0.05078125
1 0.20068359375 0.38037109375 0.0380859375 0.0498046875
1 0.1640625 0.40576171875 0.037109375 0.0498046875
1 0.16015625 0.384765625 0.037109375 0.048828125
1 0.193359375 0.35693359375 0.03515625 0.0478515625
1 0.01025390625 0.79736328125 0.0185546875 0.0419921875
1 0.4345703125 0.45654296875 0.037109375 0.0478515625
1 0.03759765625 0.77099609375 0.0341796875 0.0517578125
1 0.09814453125 0.6533203125 0.0341796875 0.05078125
1 0.09033203125 0.6357421875 0.0380859375 0.048828125
1 0.08154296875 0.59033203125 0.0341796875 0.0478515625
1 0.0634765625 0.52294921875 0.037109375 0.0498046875
1 0.08642578125 0.455078125 0.0380859375 0.048828125
1 0.435546875 0.2978515625 0.03515625 0.048828125
1 0.44189453125 0.32421875 0.0380859375 0.048828125
1 0.3212890625 0.35302734375 0.0390625 0.0498046875
1 0.32763671875 0.37255859375 0.0380859375 0.0498046875
1 0.43896484375 0.48046875 0.0361328125 0.05078125
1 0.4443359375 0.5029296875 0.03515625 0.048828125
1 0.365234375 0.52685546875 0.037109375 0.0498046875
1 0.35693359375 0.5078125 0.0322265625 0.04296875
1 0.326171875 0.5322265625 0.03515625 0.05078125
1 0.330078125 0.55126953125 0.03515625 0.0498046875
1 0.33544921875 0.57666015625 0.0380859375 0.0498046875
1 0.212890625 0.60498046875 0.037109375 0.0498046875
1 0.12744140625 0.60791015625 0.0341796875 0.0498046875
1 0.20361328125 0.5595703125 0.0380859375 0.048828125
1 0.19140625 0.5166015625 0.037109375 0.048828125
1 0.31982421875 0.509765625 0.0341796875 0.05078125
1 0.35546875 0.4814453125 0.03515625 0.048828125
1 0.31640625 0.484375 0.037109375 0.048828125
1 0.34814453125 0.46337890625 0.0341796875 0.0478515625
1 0.34423828125 0.43701171875 0.0361328125 0.0498046875
1 0.30810546875 0.4638671875 0.0380859375 0.048828125
1 0.22802734375 0.4892578125 0.0361328125 0.048828125
1 0.1845703125 0.4951171875 0.037109375 0.05078125
1 0.220703125 0.4697265625 0.0390625 0.05078125
1 0.33837890625 0.4169921875 0.0361328125 0.048828125
1 0.423828125 0.41357421875 0.03515625 0.0478515625
1 0.4169921875 0.38916015625 0.037109375 0.0498046875
1 0.4052734375 0.3515625 0.037109375 0.046875
1 0.3330078125 0.39697265625 0.037109375 0.0498046875
1 0.47216796875 0.6123046875 0.0380859375 0.048828125
1 0.4814453125 0.630859375 0.0390625 0.048828125
0 0.43505859375 0.82177734375 0.0166015625 0.0263671875
0 0.630859375 0.89892578125 0.015625 0.0244140625
0 0.6357421875 0.82275390625 0.01171875 0.0224609375
0 0.64599609375 0.818359375 0.0126953125 0.021484375
0 0.65234375 0.84130859375 0.013671875 0.0224609375
0 0.65625 0.81640625 0.01171875 0.01953125
0 0.662109375 0.84033203125 0.01171875 0.0205078125
0 0.67041015625 0.8349609375 0.0146484375 0.0234375
0 0.68115234375 0.83203125 0.0126953125 0.01953125
0 0.66748046875 0.81298828125 0.0107421875 0.0224609375
0 0.6767578125 0.81103515625 0.013671875 0.0205078125
0 0.6865234375 0.8076171875 0.01171875 0.021484375
0 0.6923828125 0.8330078125 0.013671875 0.021484375
0 0.623046875 0.90234375 0.013671875 0.01953125
0 0.6416015625 0.89404296875 0.013671875 0.0224609375
0 0.63037109375 0.84814453125 0.0146484375 0.0244140625
0 0.6513671875 0.8935546875 0.013671875 0.021484375
0 0.66259765625 0.8876953125 0.0126953125 0.0234375
0 0.673828125 0.88525390625 0.015625 0.0224609375
0 0.6845703125 0.88330078125 0.015625 0.0263671875
0 0.69775390625 0.80712890625 0.0126953125 0.0205078125
0 0.705078125 0.82958984375 0.01171875 0.0205078125
0 0.7138671875 0.82763671875 0.013671875 0.0224609375
0 0.7080078125 0.80419921875 0.015625 0.0224609375
0 0.71923828125 0.80029296875 0.0146484375 0.0244140625
0 0.72412109375 0.82373046875 0.0166015625 0.0263671875
0 0.6943359375 0.87890625 0.013671875 0.0234375
0 0.703125 0.8779296875 0.015625 0.025390625
0 0.640625 0.84423828125 0.01171875 0.0205078125
0 0.60888671875 0.8525390625 0.0126953125 0.0234375
1 0.52197265625 0.62646484375 0.0361328125 0.0498046875
0 0.67138671875 0.7626953125 0.0126953125 0.0234375
0 0.353515625 0.8447265625 0.017578125 0.029296875
0 0.46337890625 0.8876953125 0.0126953125 0.021484375
0 0.451171875 0.8896484375 0.015625 0.02734375
0 0.51611328125 0.9248046875 0.0146484375 0.0234375
0 0.74853515625 0.74609375 0.0126953125 0.0234375
0 0.7373046875 0.74462890625 0.01171875 0.0205078125
0 0.728515625 0.7470703125 0.013671875 0.0234375
0 0.7177734375 0.75048828125 0.01171875 0.0205078125
0 0.70849609375 0.751953125 0.0146484375 0.02734375
0 0.69921875 0.7548828125 0.013671875 0.0234375
0 0.6904296875 0.75927734375 0.015625 0.0302734375
1 0.6142578125 0.73779296875 0.056640625 0.0263671875
0 0.66015625 0.76708984375 0.009765625 0.0205078125
0 0.62548828125 0.8251953125 0.0126953125 0.0234375
0 0.64013671875 0.7705078125 0.0146484375 0.02734375
0 0.62744140625 0.77099609375 0.0146484375 0.0244140625
0 0.6171875 0.7744140625 0.013671875 0.021484375
0 0.60693359375 0.7763671875 0.0126953125 0.021484375
0 0.57568359375 0.7861328125 0.0146484375 0.0234375
0 0.5361328125 0.80126953125 0.013671875 0.0224609375
0 0.56103515625 0.83984375 0.0126953125 0.021484375
0 0.572265625 0.83642578125 0.013671875 0.0224609375
0 0.583984375 0.83837890625 0.015625 0.0244140625
0 0.59423828125 0.83154296875 0.0146484375 0.0244140625
0 0.59814453125 0.85302734375 0.0126953125 0.0205078125
0 0.60498046875 0.83154296875 0.0146484375 0.0244140625
0 0.71435546875 0.8740234375 0.0185546875 0.02734375
0 0.72607421875 0.8720703125 0.0146484375 0.021484375
0 0.73681640625 0.86962890625 0.0126953125 0.0244140625
1 0.87939453125 0.14208984375 0.0478515625 0.0419921875
1 0.9365234375 0.12548828125 0.05078125 0.0400390625
1 0.91552734375 0.12841796875 0.0498046875 0.0380859375
1 0.89697265625 0.134765625 0.0478515625 0.041015625
1 0.86083984375 0.14697265625 0.0458984375 0.0419921875
0 0.76171875 0.78515625 0.013671875 0.025390625
1 0.84375 0.15185546875 0.044921875 0.0419921875
1 0.796875 0.16357421875 0.048828125 0.0419921875
1 0.7744140625 0.16650390625 0.046875 0.0419921875
1 0.7607421875 0.173828125 0.044921875 0.04296875
1 0.70751953125 0.18408203125 0.0419921875 0.0478515625
1 0.69384765625 0.1943359375 0.0400390625 0.046875
1 0.64111328125 0.59619140625 0.0302734375 0.0478515625
1 0.60498046875 0.6240234375 0.0361328125 0.048828125
1 0.61572265625 0.64208984375 0.0380859375 0.0498046875
1 0.52587890625 0.64794921875 0.0341796875 0.0498046875
1 0.49169921875 0.67431640625 0.0361328125 0.0478515625
1 0.484375 0.65380859375 0.03515625 0.0478515625
0 0.00439453125 0.1142578125 0.0068359375 0.021484375
0 0.005859375 0.13671875 0.009765625 0.01953125
0 0.017578125 0.951171875 0.029296875 0.017578125
0 0.77294921875 0.78466796875 0.0126953125 0.0224609375
0 0.767578125 0.80810546875 0.013671875 0.0224609375
0 0.779296875 0.806640625 0.013671875 0.0234375
0 0.7900390625 0.80419921875 0.013671875 0.0224609375
0 0.78369140625 0.7822265625 0.0126953125 0.0234375
0 0.7939453125 0.77978515625 0.013671875 0.0224609375
0 0.80615234375 0.77734375 0.0126953125 0.0234375
0 0.80078125 0.8037109375 0.015625 0.025390625
0 0.8115234375 0.8017578125 0.013671875 0.0234375
0 0.8232421875 0.7978515625 0.013671875 0.01953125
0 0.78369140625 0.85400390625 0.0146484375 0.0244140625
0 0.7939453125 0.8525390625 0.017578125 0.025390625
0 0.8154296875 0.8486328125 0.013671875 0.02734375
0 0.82763671875 0.8447265625 0.0146484375 0.029296875
0 0.8388671875 0.8408203125 0.01171875 0.025390625
0 0.84716796875 0.78173828125 0.0107421875 0.0205078125
0 0.84912109375 0.83935546875 0.0107421875 0.0205078125
0 0.859375 0.83642578125 0.013671875 0.0224609375
0 0.263671875 0.91162109375 0.01953125 0.0302734375
0 0.298828125 0.9072265625 0.015625 0.0234375
0 0.3037109375 0.92919921875 0.013671875 0.0224609375
0 0.16064453125 0.962890625 0.0166015625 0.029296875
0 0.1103515625 0.96435546875 0.0234375 0.0361328125
0 0.06787109375 0.95947265625 0.0146484375 0.0224609375
0 0.05224609375 0.91650390625 0.0126953125 0.0205078125
