0 0.71923828125 0.96435546875 0.0166015625 0.0263671875
1 0.72802734375 0.3779296875 0.0517578125 0.025390625
1 0.79931640625 0.5078125 0.0361328125 0.048828125
1 0.72607421875 0.556640625 0.0361328125 0.048828125
1 0.71435546875 0.513671875 0.0361328125 0.048828125
1 0.794921875 0.486328125 0.037109375 0.05078125
1 0.82958984375 0.4599609375 0.0400390625 0.048828125
1 0.82568359375 0.439453125 0.0380859375 0.048828125
1 0.783203125 0.4443359375 0.037109375 0.048828125
1 0.8193359375 0.4208984375 0.041015625 0.046875
1 0.77685546875 0.42431640625 0.0400390625 0.0478515625
1 0.70849609375 0.49169921875 0.0380859375 0.0478515625
1 0.86328125 0.34521484375 0.0546875 0.0224609375
1 0.7880859375 0.3642578125 0.052734375 0.025390625
1 0.6767578125 0.39208984375 0.05078125 0.0244140625
1 0.84033203125 0.50390625 0.0380859375 0.048828125
1 0.66748046875 0.82861328125 0.0361328125 0.0478515625
1 0.6328125 0.8544921875 0.03515625 0.048828125
1 0.6376953125 0.90625 0.05078125 0.03515625
1 0.5029296875 0.8623046875 0.037109375 0.048828125
1 0.388671875 0.91357421875 0.037109375 0.0498046875
1 0.42431640625 0.88671875 0.0380859375 0.048828125
1 0.41845703125 0.86474609375 0.0380859375 0.0498046875
1 0.4013671875 0.79931640625 0.037109375 0.0498046875
1 0.4892578125 0.79638671875 0.0390625 0.0498046875
1 0.61572265625 0.7880859375 0.0361328125 0.048828125
1 0.6513671875 0.76318359375 0.03515625 0.0517578125
1 0.60888671875 0.767578125 0.0380859375 0.048828125
1 0.833984375 0.48388671875 0.03515625 0.0498046875
1 0.80517578125 0.52978515625 0.0361328125 0.0498046875
1 0.77734375 0.75537109375 0.037109375 0.0498046875
1 0.75439453125 0.6640625 0.0380859375 0.05078125
1 0.86181640625 0.7509765625 0.0361328125 0.048828125
1 0.89501953125 0.72265625 0.0361328125 0.048828125
1 0.892578125 0.69970703125 0.0390625 0.0498046875
1 0.85546875 0.72802734375 0.03515625 0.0498046875
1 0.7724609375 0.73291015625 0.037109375 0.0498046875
1 0.732421875 0.73583984375 0.037109375 0.0498046875
1 0.72509765625 0.71435546875 0.0361328125 0.0498046875
1 0.765625 0.71044921875 0.03515625 0.0498046875
1 0.8837890625 0.68115234375 0.037109375 0.0498046875
1 0.8798828125 0.65869140625 0.0390625 0.0478515625
1 0.87353515625 0.63671875 0.0400390625 0.05078125
1 0.7607421875 0.6875 0.03515625 0.05078125
1 0.74853515625 0.64599609375 0.0361328125 0.0498046875
1 0.8466796875 0.52587890625 0.03515625 0.0498046875
1 0.71240234375 0.67138671875 0.0361328125 0.0498046875
1 0.7412109375 0.6240234375 0.03515625 0.048828125
1 0.8701171875 0.6142578125 0.037109375 0.048828125
1 0.861328125 0.591796875 0.03515625 0.048828125
1 0.82763671875 0.61767578125 0.0380859375 0.0498046875
1 0.822265625 0.595703125 0.037109375 0.048828125
1 0.85693359375 0.5693359375 0.0361328125 0.048828125
1 0.85205078125 0.5478515625 0.0361328125 0.046875
1 0.81640625 0.57470703125 0.037109375 0.0498046875
1 0.7353515625 0.603515625 0.03515625 0.048828125
1 0.73046875 0.578125 0.037109375 0.05078125
1 0.81005859375 0.5517578125 0.0380859375 0.048828125
1 0.60205078125 0.74609375 0.0361328125 0.048828125
1 0.63623046875 0.72216796875 0.0361328125 0.0498046875
1 0.6337890625 0.6962890625 0.037109375 0.048828125
1 0.41455078125 0.51318359375 0.0380859375 0.0478515625
1 0.6640625 0.47314453125 0.03515625 0.0498046875
1 0.5771484375 0.4775390625 0.037109375 0.048828125
1 0.54345703125 0.501953125 0.0341796875 0.05078125
1 0.537109375 0.48046875 0.037109375 0.048828125
1 0.47705078125 0.59521484375 0.0380859375 0.0478515625
1 0.4716796875 0.57470703125 0.037109375 0.0498046875
1 0.46630859375 0.54931640625 0.0380859375 0.0478515625
1 0.4306640625 0.580078125 0.037109375 0.05078125
1 0.46240234375 0.52880859375 0.0380859375 0.0498046875
1 0.42578125 0.55419921875 0.037109375 0.0498046875
1 0.421875 0.533203125 0.037109375 0.048828125
1 0.455078125 0.50537109375 0.03515625 0.0478515625
1 0.263671875 0.94970703125 0.03515625 0.0498046875
1 0.6962890625 0.60498046875 0.037109375 0.0478515625
1 0.29931640625 0.91943359375 0.0341796875 0.0517578125
1 0.23828125 0.86376953125 0.03515625 0.0478515625
1 0.35986328125 0.8017578125 0.0341796875 0.05078125
1 0.35205078125 0.7841796875 0.0380859375 0.048828125
1 0.34326171875 0.73876953125 0.0341796875 0.0478515625
1 0.2158203125 0.77490234375 0.037109375 0.0478515625
1 0.2099609375 0.75341796875 0.037109375 0.0498046875
1 0.20654296875 0.72900390625 0.0380859375 0.0498046875
1 0.19970703125 0.70751953125 0.0361328125 0.0498046875
1 0.3251953125 0.67138671875 0.037109375 0.0498046875
1 0.18603515625 0.66650390625 0.0341796875 0.0498046875
1 0.34814453125 0.603515625 0.0380859375 0.048828125
1 0.697265625 0.4462890625 0.03515625 0.048828125
1 0.70361328125 0.47265625 0.0380859375 0.048828125
1 0.5830078125 0.50146484375 0.0390625 0.0498046875
1 0.58935546875 0.52099609375 0.0380859375 0.0498046875
1 0.70068359375 0.62890625 0.0361328125 0.05078125
1 0.7060546875 0.6513671875 0.03515625 0.048828125
1 0.626953125 0.67529296875 0.037109375 0.0498046875
1 0.61865234375 0.65625 0.0322265625 0.04296875
1 0.587890625 0.6806640625 0.03515625 0.05078125
1 0.591796875 0.69970703125 0.03515625 0.0498046875
1 0.59716796875 0.72509765625 0.0380859375 0.0498046875
1 0.474609375 0.75341796875 0.037109375 0.0498046875
1 0.38916015625 0.75634765625 0.0341796875 0.0498046875
1 0.46533203125 0.7080078125 0.0380859375 0.048828125
1 0.453125 0.6650390625 0.037109375 0.048828125
1 0.58154296875 0.658203125 0.0341796875 0.05078125
1 0.6171875 0.6298828125 0.03515625 0.048828125
1 0.578125 0.6328125 0.037109375 0.048828125
1 0.60986328125 0.61181640625 0.0341796875 0.0478515625
1 0.60595703125 0.58544921875 0.0361328125 0.0498046875
1 0.56982421875 0.6123046875 0.0380859375 0.048828125
1 0.48974609375 0.6376953125 0.0361328125 0.048828125
1 0.4462890625 0.6435546875 0.037109375 0.05078125
1 0.482421875 0.6181640625 0.0390625 0.05078125
1 0.60009765625 0.5654296875 0.0361328125 0.048828125
1 0.685546875 0.56201171875 0.03515625 0.0478515625
1 0.6787109375 0.53759765625 0.037109375 0.0498046875
1 0.6669921875 0.5 0.037109375 0.046875
1 0.5947265625 0.54541015625 0.037109375 0.0498046875
1 0.73388671875 0.7607421875 0.0380859375 0.048828125
1 0.7431640625 0.779296875 0.0390625 0.048828125
0 0.69677734375 0.97021484375 0.0166015625 0.0263671875
0 0.8974609375 0.97119140625 0.01171875 0.0224609375
0 0.90771484375 0.966796875 0.0126953125 0.021484375
0 0.91259765625 0.9892578125 0.0107421875 0.021484375
0 0.91796875 0.96484375 0.01171875 0.01953125
0 0.923828125 0.98876953125 0.01171875 0.0205078125
0 0.93212890625 0.9833984375 0.0146484375 0.0234375
0 0.94287109375 0.98046875 0.0126953125 0.01953125
0 0.92919921875 0.96142578125 0.0107421875 0.0224609375
0 0.9384765625 0.95947265625 0.013671875 0.0205078125
0 0.9482421875 0.9560546875 0.01171875 0.021484375
0 0.9541015625 0.9814453125 0.013671875 0.021484375
0 0.89111328125 0.9921875 0.0126953125 0.015625
0 0.95947265625 0.95556640625 0.0126953125 0.0205078125
0 0.966796875 0.97802734375 0.01171875 0.0205078125
0 0.9755859375 0.97607421875 0.013671875 0.0224609375
0 0.9697265625 0.95263671875 0.015625 0.0224609375
0 0.98095703125 0.94873046875 0.0146484375 0.0244140625
0 0.98583984375 0.97216796875 0.0166015625 0.0263671875
0 0.90185546875 0.9912109375 0.0107421875 0.017578125
0 0.86962890625 0.99462890625 0.0107421875 0.0107421875
1 0.78369140625 0.77490234375 0.0361328125 0.0498046875
0 0.93310546875 0.9111328125 0.0126953125 0.0234375
0 0.61474609375 0.9892578125 0.0166015625 0.021484375
0 0.99658203125 0.89306640625 0.0068359375 0.0205078125
0 0.990234375 0.8955078125 0.013671875 0.0234375
0 0.9794921875 0.89892578125 0.01171875 0.0205078125
0 0.97021484375 0.900390625 0.0146484375 0.02734375
0 0.9609375 0.9033203125 0.013671875 0.0234375
0 0.9521484375 0.90771484375 0.015625 0.0302734375
1 0.8759765625 0.88623046875 0.056640625 0.0263671875
0 0.921875 0.91552734375 0.009765625 0.0205078125
0 0.88720703125 0.9736328125 0.0126953125 0.0234375
0 0.90185546875 0.9189453125 0.0146484375 0.02734375
0 0.88916015625 0.91943359375 0.0146484375 0.0244140625
0 0.87890625 0.9228515625 0.013671875 0.021484375
0 0.86865234375 0.9248046875 0.0126953125 0.021484375
0 0.83740234375 0.9345703125 0.0146484375 0.0234375
0 0.7978515625 0.94970703125 0.013671875 0.0224609375
0 0.82275390625 0.98828125 0.0126953125 0.021484375
0 0.833984375 0.98486328125 0.013671875 0.0224609375
0 0.845703125 0.98681640625 0.015625 0.0244140625
0 0.85595703125 0.97998046875 0.0146484375 0.0244140625
0 0.8583984375 0.99560546875 0.009765625 0.0087890625
0 0.86669921875 0.97998046875 0.0146484375 0.0244140625
0 0.08447265625 0.04248046875 0.0166015625 0.0263671875
0 0.07421875 0.0439453125 0.015625 0.025390625
0 0.06396484375 0.0478515625 0.0205078125 0.02734375
0 0.05224609375 0.04833984375 0.0146484375 0.0244140625
0 0.0419921875 0.0517578125 0.015625 0.025390625
0 0.03173828125 0.0556640625 0.0166015625 0.025390625
0 0.0478515625 0.0751953125 0.015625 0.021484375
0 0.02099609375 0.05908203125 0.0185546875 0.0263671875
0 0.01025390625 0.06103515625 0.0166015625 0.0283203125
1 0.96923828125 0.33251953125 0.0419921875 0.0478515625
1 0.95556640625 0.3427734375 0.0400390625 0.046875
1 0.90283203125 0.74462890625 0.0302734375 0.0478515625
1 0.86669921875 0.7724609375 0.0361328125 0.048828125
1 0.87744140625 0.79052734375 0.0380859375 0.0498046875
1 0.78759765625 0.79638671875 0.0341796875 0.0498046875
1 0.75341796875 0.82275390625 0.0361328125 0.0478515625
1 0.74609375 0.80224609375 0.03515625 0.0478515625
0 0.14501953125 0.169921875 0.0126953125 0.0234375
0 0.26123046875 0.263671875 0.0166015625 0.0234375
0 0.26513671875 0.28564453125 0.0146484375 0.0205078125
1 0.20654296875 0.57080078125 0.0380859375 0.0478515625
