8 0.4521484375 0.44091796875 0.05078125 0.0966796875
8 0.50927734375 0.44384765625 0.0517578125 0.0966796875
8 0.015625 0.25390625 0.029296875 0.095703125
8 0.01220703125 0.427734375 0.0224609375 0.09375
8 0.26123046875 0.39501953125 0.0498046875 0.0947265625
8 0.564453125 0.23583984375 0.05078125 0.0966796875
8 0.62548828125 0.23828125 0.0517578125 0.095703125
8 0.6826171875 0.2412109375 0.048828125 0.095703125
8 0.73974609375 0.24365234375 0.0498046875 0.0966796875
8 0.79833984375 0.24560546875 0.0498046875 0.0966796875
8 0.7392578125 0.45361328125 0.05078125 0.0966796875
8 0.68212890625 0.451171875 0.0498046875 0.09765625
8 0.62451171875 0.44873046875 0.0517578125 0.0966796875
8 0.56640625 0.4462890625 0.048828125 0.095703125
