1 0.189453125 0.12646484375 0.083984375 0.0126953125
1 0.359375 0.130859375 0.0859375 0.01171875
1 0.36328125 0.11669921875 0.08203125 0.0126953125
1 0.359375 0.1025390625 0.0859375 0.01171875
1 0.365234375 0.08837890625 0.083984375 0.0126953125
1 0.36865234375 0.0751953125 0.0810546875 0.013671875
1 0.36572265625 0.0625 0.0849609375 0.01171875
1 0.36474609375 0.04931640625 0.0810546875 0.0107421875
1 0.19775390625 0.04296875 0.0771484375 0.01171875
1 0.18896484375 0.05712890625 0.0791015625 0.0107421875
1 0.18701171875 0.07177734375 0.0830078125 0.0107421875
1 0.1904296875 0.08544921875 0.083984375 0.0107421875
1 0.19189453125 0.09912109375 0.0810546875 0.0107421875
1 0.1923828125 0.11279296875 0.083984375 0.0107421875
1 0.19482421875 0.1396484375 0.0830078125 0.01171875
1 0.1943359375 0.15380859375 0.083984375 0.0107421875
1 0.18603515625 0.16748046875 0.0810546875 0.0107421875
1 0.18701171875 0.19580078125 0.0869140625 0.0107421875
1 0.1884765625 0.21044921875 0.083984375 0.0107421875
1 0.18994140625 0.2236328125 0.0830078125 0.009765625
1 0.19140625 0.2373046875 0.083984375 0.01171875
1 0.19140625 0.2509765625 0.08203125 0.01171875
1 0.18603515625 0.2646484375 0.0830078125 0.01171875
1 0.1875 0.2783203125 0.083984375 0.01171875
1 0.18212890625 0.291015625 0.0849609375 0.009765625
1 0.1845703125 0.3046875 0.08203125 0.01171875
1 0.189453125 0.3818359375 0.068359375 0.04296875
1 0.265625 0.42919921875 0.01171875 0.0849609375
1 0.36767578125 0.14404296875 0.0712890625 0.0126953125
1 0.36279296875 0.1591796875 0.0849609375 0.01171875
1 0.36279296875 0.17138671875 0.0771484375 0.0107421875
1 0.3623046875 0.19970703125 0.083984375 0.0107421875
1 0.7255859375 0.23876953125 0.09375 0.0126953125
1 0.72705078125 0.2529296875 0.0849609375 0.01171875
1 0.72900390625 0.26708984375 0.0830078125 0.0126953125
1 0.71875 0.28076171875 0.08203125 0.0126953125
1 0.6845703125 0.53076171875 0.009765625 0.0458984375
1 0.619140625 0.57763671875 0.013671875 0.0380859375
1 0.53564453125 0.587890625 0.0283203125 0.009765625
1 0.50732421875 0.68505859375 0.0341796875 0.0107421875
1 0.50439453125 0.6708984375 0.0439453125 0.01171875
1 0.50390625 0.65771484375 0.04296875 0.0126953125
1 0.50341796875 0.64404296875 0.0341796875 0.0107421875
1 0.44921875 0.10400390625 0.083984375 0.0126953125
1 0.4501953125 0.13330078125 0.08203125 0.0126953125
1 0.44873046875 0.14697265625 0.0830078125 0.0126953125
1 0.44775390625 0.15869140625 0.0771484375 0.0126953125
1 0.451171875 0.173828125 0.08203125 0.01171875
1 0.451171875 0.19970703125 0.08203125 0.0107421875
1 0.4501953125 0.21435546875 0.08203125 0.0107421875
1 0.44921875 0.228515625 0.08203125 0.009765625
1 0.45166015625 0.24169921875 0.0810546875 0.0146484375
1 0.58056640625 0.29248046875 0.0830078125 0.0146484375
1 0.48779296875 0.291015625 0.0830078125 0.013671875
1 0.38427734375 0.291015625 0.0810546875 0.01171875
1 0.37939453125 0.25439453125 0.0830078125 0.0126953125
1 0.36328125 0.2412109375 0.083984375 0.01171875
1 0.36279296875 0.22802734375 0.0830078125 0.0126953125
1 0.36474609375 0.21435546875 0.0849609375 0.0126953125
1 0.2529296875 0.4765625 0.01171875 0.08203125
1 0.23779296875 0.48291015625 0.0126953125 0.0830078125
1 0.22412109375 0.47607421875 0.0126953125 0.0869140625
1 0.18408203125 0.47509765625 0.0126953125 0.0810546875
1 0.15576171875 0.47607421875 0.0126953125 0.0830078125
1 0.11572265625 0.04296875 0.0849609375 0.01171875
1 0.1025390625 0.05615234375 0.078125 0.0126953125
1 0.095703125 0.0703125 0.08203125 0.013671875
1 0.1015625 0.0859375 0.083984375 0.01171875
1 0.10107421875 0.09814453125 0.0830078125 0.0107421875
1 0.1025390625 0.1123046875 0.08203125 0.01171875
1 0.10009765625 0.12646484375 0.0830078125 0.0107421875
1 0.1025390625 0.138671875 0.087890625 0.01171875
1 0.1025390625 0.15283203125 0.0859375 0.0107421875
1 0.10107421875 0.16650390625 0.0830078125 0.0126953125
1 0.09716796875 0.1943359375 0.0732421875 0.01171875
1 0.09912109375 0.2236328125 0.0810546875 0.013671875
1 0.099609375 0.236328125 0.083984375 0.009765625
1 0.10302734375 0.25 0.0771484375 0.009765625
1 0.0986328125 0.275390625 0.08203125 0.013671875
1 0.10107421875 0.30419921875 0.0810546875 0.0126953125
1 0.09912109375 0.33203125 0.0810546875 0.01171875
1 0.1337890625 0.357421875 0.083984375 0.01171875
1 0.724609375 0.2265625 0.083984375 0.013671875
1 0.72314453125 0.21240234375 0.0810546875 0.0185546875
1 0.69775390625 0.1630859375 0.0595703125 0.072265625
0 0.00341796875 0.71728515625 0.0048828125 0.0205078125
0 0.01220703125 0.7158203125 0.0107421875 0.021484375
0 0.0439453125 0.71630859375 0.009765625 0.0205078125
0 0.033203125 0.71923828125 0.009765625 0.0224609375
0 0.021484375 0.736328125 0.009765625 0.01953125
0 0.04296875 0.73779296875 0.009765625 0.0185546875
0 0.0634765625 0.740234375 0.013671875 0.021484375
0 0.09619140625 0.701171875 0.0185546875 0.017578125
0 0.1474609375 0.697265625 0.021484375 0.01171875
0 0.14453125 0.7158203125 0.021484375 0.01171875
0 0.14501953125 0.7490234375 0.0244140625 0.01171875
0 0.1455078125 0.76025390625 0.021484375 0.0107421875
0 0.14501953125 0.77197265625 0.0283203125 0.0107421875
0 0.083984375 0.79150390625 0.013671875 0.0244140625
0 0.052734375 0.78857421875 0.01171875 0.0244140625
0 0.04150390625 0.78857421875 0.0126953125 0.0244140625
0 0.00830078125 0.78662109375 0.0107421875 0.0263671875
0 0.0029296875 0.7890625 0.00390625 0.0234375
0 0.00244140625 0.6630859375 0.0029296875 0.021484375
0 0.017578125 0.66259765625 0.01171875 0.0263671875
0 0.0390625 0.66162109375 0.01171875 0.0224609375
0 0.05810546875 0.66552734375 0.0087890625 0.0224609375
0 0.10888671875 0.66552734375 0.0087890625 0.0205078125
0 0.12744140625 0.66455078125 0.0107421875 0.0224609375
1 0.6865234375 0.154296875 0.052734375 0.068359375
1 0.46875 0.01171875 0.025390625 0.021484375
1 0.47900390625 0.05078125 0.0478515625 0.076171875
1 0.513671875 0.025390625 0.046875 0.048828125
1 0.52783203125 0.0302734375 0.0556640625 0.05859375
1 0.55029296875 0.03857421875 0.0576171875 0.0732421875
1 0.56005859375 0.04931640625 0.0576171875 0.0712890625
1 0.572265625 0.056640625 0.05859375 0.07421875
1 0.58056640625 0.0703125 0.0576171875 0.072265625
1 0.59326171875 0.07470703125 0.0556640625 0.0673828125
1 0.6064453125 0.08056640625 0.056640625 0.0732421875
1 0.6162109375 0.0908203125 0.05859375 0.07421875
1 0.62255859375 0.1025390625 0.0595703125 0.0703125
1 0.63818359375 0.1064453125 0.0595703125 0.072265625
1 0.6474609375 0.1171875 0.060546875 0.072265625
1 0.65869140625 0.1259765625 0.0556640625 0.06640625
1 0.66650390625 0.1376953125 0.0576171875 0.0703125
1 0.6767578125 0.14599609375 0.056640625 0.0693359375
1 0.77392578125 0.39208984375 0.0107421875 0.0302734375
1 0.90234375 0.4052734375 0.0625 0.05078125
1 0.9033203125 0.48193359375 0.064453125 0.0439453125
1 0.91845703125 0.66064453125 0.0693359375 0.0419921875
1 0.93359375 0.681640625 0.068359375 0.041015625
1 0.92724609375 0.72119140625 0.0673828125 0.0419921875
1 0.853515625 0.73583984375 0.03515625 0.0654296875
1 0.84228515625 0.7421875 0.0361328125 0.06640625
1 0.81396484375 0.75341796875 0.0380859375 0.0634765625
