0 0.38232421875 0.22998046875 0.0185546875 0.0205078125
0 0.3876953125 0.2216796875 0.021484375 0.021484375
1 0.66943359375 0.296875 0.0576171875 0.05078125
0 0.1650390625 0.02490234375 0.015625 0.0205078125
0 0.1826171875 0.03564453125 0.017578125 0.0244140625
0 0.2373046875 0.05615234375 0.015625 0.0205078125
0 0.17333984375 0.43798828125 0.0283203125 0.0244140625
0 0.22216796875 0.4501953125 0.0244140625 0.0234375
0 0.0244140625 0.4423828125 0.01953125 0.0234375
0 0.033203125 0.4482421875 0.013671875 0.021484375
0 0.044921875 0.453125 0.015625 0.021484375
0 0.05517578125 0.45751953125 0.0126953125 0.0185546875
0 0.07568359375 0.46484375 0.0224609375 0.01953125
0 0.07958984375 0.45556640625 0.0205078125 0.0205078125
0 0.08544921875 0.44677734375 0.0224609375 0.0205078125
0 0.0908203125 0.43798828125 0.021484375 0.0166015625
0 0.13134765625 0.44677734375 0.0185546875 0.0244140625
1 0.57763671875 0.35693359375 0.0498046875 0.0537109375
1 0.53271484375 0.318359375 0.0498046875 0.0546875
1 0.53857421875 0.28369140625 0.0439453125 0.0634765625
1 0.404296875 0.48876953125 0.048828125 0.0556640625
1 0.26416015625 0.4150390625 0.0595703125 0.052734375
1 0.25439453125 0.4306640625 0.0595703125 0.0546875
1 0.24072265625 0.54150390625 0.0517578125 0.0595703125
1 0.34765625 0.44091796875 0.048828125 0.0556640625
1 0.38134765625 0.47021484375 0.0498046875 0.0556640625
1 0.39306640625 0.47900390625 0.0478515625 0.0556640625
1 0.42529296875 0.50927734375 0.0478515625 0.0556640625
1 0.50048828125 0.28955078125 0.0478515625 0.0556640625
1 0.45947265625 0.5380859375 0.0498046875 0.0546875
1 0.31494140625 0.587890625 0.0537109375 0.060546875
1 0.3759765625 0.64794921875 0.052734375 0.0595703125
1 0.46240234375 0.24169921875 0.0537109375 0.0576171875
1 0.46728515625 0.26123046875 0.0498046875 0.0537109375
1 0.4892578125 0.2802734375 0.048828125 0.0546875
0 0.14013671875 0.451171875 0.0166015625 0.0234375
0 0.14892578125 0.45751953125 0.0166015625 0.0224609375
0 0.1572265625 0.46240234375 0.01953125 0.0244140625
0 0.26025390625 0.7666015625 0.0185546875 0.0234375
0 0.04345703125 0.48828125 0.0224609375 0.01953125
0 0.02880859375 0.58984375 0.0166015625 0.021484375
0 0.0654296875 0.62109375 0.013671875 0.021484375
0 0.1005859375 0.658203125 0.03515625 0.033203125
0 0.1376953125 0.681640625 0.0234375 0.0234375
0 0.2431640625 0.75048828125 0.021484375 0.0244140625
0 0.49853515625 0.0595703125 0.0185546875 0.025390625
0 0.10693359375 0.50439453125 0.0146484375 0.0205078125
0 0.47119140625 0.04541015625 0.0146484375 0.0224609375
0 0.49951171875 0.03125 0.0166015625 0.021484375
0 0.5166015625 0.05126953125 0.015625 0.0244140625
0 0.52587890625 0.04541015625 0.0166015625 0.0224609375
0 0.55712890625 0.07763671875 0.0224609375 0.0146484375
0 0.5576171875 0.06591796875 0.015625 0.0107421875
0 0.09765625 0.4990234375 0.017578125 0.0234375
0 0.1162109375 0.5087890625 0.015625 0.01953125
0 0.16748046875 0.46533203125 0.0185546875 0.0263671875
0 0.22998046875 0.49853515625 0.0185546875 0.0263671875
0 0.17431640625 0.470703125 0.0185546875 0.025390625
0 0.18505859375 0.47509765625 0.0185546875 0.0224609375
0 0.19482421875 0.4794921875 0.0185546875 0.025390625
0 0.20263671875 0.4833984375 0.0185546875 0.02734375
0 0.21142578125 0.4892578125 0.0166015625 0.0234375
0 0.2216796875 0.4931640625 0.015625 0.025390625
0 0.1943359375 0.5361328125 0.013671875 0.021484375
0 0.1259765625 0.5126953125 0.015625 0.021484375
0 0.18359375 0.53466796875 0.013671875 0.0224609375
0 0.17431640625 0.5283203125 0.0126953125 0.01953125
0 0.1640625 0.52734375 0.013671875 0.01953125
0 0.1552734375 0.52197265625 0.015625 0.0205078125
0 0.14599609375 0.51708984375 0.0146484375 0.0185546875
0 0.13671875 0.51220703125 0.015625 0.0224609375
1 0.333984375 0.23193359375 0.05859375 0.0556640625
