4 0.38671875 0.376953125 0.060546875 0.04296875
5 0.798828125 0.62451171875 0.40234375 0.2490234375
5 0.78271484375 0.85888671875 0.4345703125 0.2529296875
4 0.37353515625 0.6279296875 0.0537109375 0.03515625
4 0.181640625 0.70361328125 0.04296875 0.0263671875
4 0.17236328125 0.7265625 0.0419921875 0.029296875
4 0.17138671875 0.74951171875 0.0400390625 0.0263671875
4 0.251953125 0.78955078125 0.01953125 0.0400390625
4 0.419921875 0.7314453125 0.02734375 0.015625
4 0.4130859375 0.74462890625 0.029296875 0.0185546875
4 0.40966796875 0.7578125 0.0263671875 0.015625
4 0.34228515625 0.93115234375 0.0380859375 0.0263671875
4 0.3388671875 0.94677734375 0.04296875 0.0263671875
4 0.33056640625 0.96240234375 0.0341796875 0.0224609375
4 0.3251953125 0.97802734375 0.037109375 0.0244140625
4 0.3173828125 0.99072265625 0.04296875 0.0185546875
4 0.85009765625 0.85107421875 0.0341796875 0.0537109375
4 0.81298828125 0.9072265625 0.0361328125 0.05078125
4 0.83984375 0.90576171875 0.0234375 0.0380859375
4 0.8544921875 0.9140625 0.029296875 0.05078125
4 0.89208984375 0.8583984375 0.0361328125 0.064453125
4 0.91455078125 0.86865234375 0.0380859375 0.0654296875
4 0.93310546875 0.87451171875 0.0302734375 0.0517578125
4 0.9560546875 0.88232421875 0.04296875 0.0634765625
4 0.978515625 0.89208984375 0.02734375 0.0556640625
4 0.99169921875 0.89892578125 0.0166015625 0.0517578125
4 0.875 0.921875 0.029296875 0.044921875
4 0.89453125 0.92626953125 0.03125 0.0478515625
4 0.916015625 0.9404296875 0.03125 0.0546875
4 0.95556640625 0.9462890625 0.0244140625 0.046875
4 0.97509765625 0.9541015625 0.0263671875 0.048828125
4 0.6611328125 0.4345703125 0.0390625 0.06640625
4 0.724609375 0.40087890625 0.0546875 0.0322265625
4 0.6943359375 0.30810546875 0.025390625 0.0419921875
4 0.951171875 0.46484375 0.0625 0.03515625
4 0.8388671875 0.482421875 0.0390625 0.064453125
4 0.85986328125 0.48486328125 0.0341796875 0.0537109375
4 0.90185546875 0.49560546875 0.0341796875 0.0537109375
4 0.8271484375 0.60107421875 0.03125 0.0498046875
4 0.86865234375 0.61474609375 0.0263671875 0.0458984375
4 0.912109375 0.62646484375 0.03515625 0.0556640625
4 0.86328125 0.67578125 0.03125 0.056640625
4 0.8828125 0.68603515625 0.025390625 0.0517578125
4 0.904296875 0.68896484375 0.03515625 0.0595703125
4 0.94873046875 0.705078125 0.0341796875 0.05859375
4 0.96923828125 0.7080078125 0.0322265625 0.052734375
4 0.98828125 0.71484375 0.0234375 0.05859375
4 0.7939453125 0.42138671875 0.0625 0.0380859375
4 0.736328125 0.44384765625 0.0234375 0.0380859375
4 0.7568359375 0.45947265625 0.03125 0.0556640625
4 0.80126953125 0.46484375 0.0224609375 0.046875
4 0.45263671875 0.91064453125 0.0576171875 0.0263671875
4 0.46826171875 0.86865234375 0.0556640625 0.0205078125
4 0.47509765625 0.8515625 0.0517578125 0.01953125
4 0.478515625 0.83154296875 0.052734375 0.0205078125
4 0.658203125 0.85205078125 0.033203125 0.0498046875
4 0.6796875 0.86083984375 0.03515625 0.0517578125
4 0.69921875 0.8671875 0.03125 0.05078125
4 0.73876953125 0.8720703125 0.0283203125 0.044921875
4 0.7763671875 0.88623046875 0.0234375 0.0380859375
4 0.7998046875 0.8994140625 0.0234375 0.041015625
4 0.763671875 0.81982421875 0.037109375 0.0634765625
4 0.78662109375 0.826171875 0.0322265625 0.0625
4 0.80615234375 0.83447265625 0.0361328125 0.0615234375
4 0.7158203125 0.81005859375 0.025390625 0.0439453125
4 0.69970703125 0.80712890625 0.0185546875 0.0380859375
4 0.67578125 0.79296875 0.025390625 0.046875
4 0.63720703125 0.77392578125 0.0361328125 0.0556640625
4 0.62255859375 0.7626953125 0.0205078125 0.029296875
4 0.61572265625 0.7880859375 0.0185546875 0.0234375
4 0.5947265625 0.76953125 0.033203125 0.05078125
4 0.72998046875 0.642578125 0.0283203125 0.048828125
4 0.76953125 0.6552734375 0.037109375 0.06640625
4 0.81005859375 0.6669921875 0.0380859375 0.068359375
4 0.74853515625 0.57421875 0.0302734375 0.05078125
4 0.72607421875 0.57421875 0.0302734375 0.0546875
4 0.63671875 0.5224609375 0.037109375 0.064453125
4 0.46142578125 0.890625 0.0498046875 0.021484375
4 0.439453125 0.93115234375 0.05859375 0.0244140625
4 0.43603515625 0.953125 0.0517578125 0.0234375
4 0.79443359375 0.9970703125 0.0107421875 0.005859375
4 0.7734375 0.9931640625 0.01953125 0.013671875
4 0.75146484375 0.9912109375 0.0224609375 0.017578125
4 0.7294921875 0.9892578125 0.0234375 0.021484375
4 0.7119140625 0.9833984375 0.029296875 0.033203125
4 0.68798828125 0.97607421875 0.0185546875 0.0283203125
4 0.64990234375 0.970703125 0.0205078125 0.037109375
4 0.6328125 0.96728515625 0.025390625 0.0400390625
4 0.611328125 0.96240234375 0.02734375 0.0478515625
4 0.578125 0.9443359375 0.03125 0.056640625
4 0.544921875 0.9091796875 0.041015625 0.0625
4 0.42333984375 0.97216796875 0.0537109375 0.0224609375
4 0.5087890625 0.99072265625 0.021484375 0.0185546875
5 0.82373046875 0.458984375 0.3525390625 0.197265625
