4 0.23779296875 0.72802734375 0.0302734375 0.0380859375
4 0.34912109375 0.794921875 0.0263671875 0.03125
4 0.37451171875 0.75 0.0263671875 0.033203125
4 0.357421875 0.74169921875 0.025390625 0.0322265625
4 0.318359375 0.77685546875 0.029296875 0.0380859375
4 0.345703125 0.73291015625 0.021484375 0.0283203125
4 0.32470703125 0.720703125 0.0244140625 0.03125
4 0.30029296875 0.76513671875 0.0224609375 0.0322265625
4 0.287109375 0.7568359375 0.02734375 0.033203125
4 0.2685546875 0.75 0.02734375 0.03515625
4 0.2568359375 0.7373046875 0.02734375 0.033203125
4 0.296875 0.69921875 0.029296875 0.037109375
4 0.28173828125 0.69580078125 0.0244140625 0.0322265625
4 0.22314453125 0.7197265625 0.0224609375 0.037109375
4 0.43115234375 0.599609375 0.0263671875 0.03515625
4 0.20654296875 0.71142578125 0.0263671875 0.0361328125
4 0.19384765625 0.701171875 0.0263671875 0.037109375
4 0.17333984375 0.693359375 0.0244140625 0.03515625
4 0.1611328125 0.68603515625 0.0234375 0.0341796875
4 0.25 0.6787109375 0.0234375 0.025390625
4 0.2314453125 0.6650390625 0.0234375 0.029296875
4 0.2158203125 0.66162109375 0.0234375 0.0302734375
4 0.201171875 0.64794921875 0.03125 0.0400390625
4 0.18603515625 0.64013671875 0.0263671875 0.0361328125
4 0.1689453125 0.63232421875 0.02734375 0.0380859375
4 0.1611328125 0.61669921875 0.025390625 0.0283203125
4 0.45654296875 0.6396484375 0.0458984375 0.06640625
4 0.38037109375 0.78759765625 0.0498046875 0.0634765625
4 0.04345703125 0.556640625 0.0244140625 0.029296875
4 0.06005859375 0.568359375 0.0224609375 0.03125
4 0.09228515625 0.58935546875 0.0244140625 0.0341796875
4 0.10595703125 0.59326171875 0.0283203125 0.0361328125
4 0.14013671875 0.609375 0.0283203125 0.029296875
4 0.0185546875 0.6015625 0.025390625 0.033203125
4 0.048828125 0.62158203125 0.0234375 0.0302734375
4 0.0830078125 0.63671875 0.025390625 0.03515625
4 0.10009765625 0.64697265625 0.0205078125 0.0322265625
4 0.1123046875 0.6552734375 0.021484375 0.033203125
4 0.1298828125 0.6669921875 0.029296875 0.037109375
4 0.42822265625 0.64794921875 0.0244140625 0.0341796875
4 0.40869140625 0.64306640625 0.0166015625 0.0244140625
4 0.36328125 0.38623046875 0.02734375 0.0322265625
4 0.44970703125 0.48974609375 0.0263671875 0.0361328125
4 0.48974609375 0.45263671875 0.0263671875 0.0380859375
4 0.4716796875 0.44384765625 0.0234375 0.0361328125
4 0.45751953125 0.4365234375 0.0302734375 0.04296875
4 0.40234375 0.462890625 0.02734375 0.037109375
4 0.4404296875 0.42626953125 0.025390625 0.0341796875
4 0.42529296875 0.41748046875 0.0302734375 0.0439453125
4 0.384765625 0.45458984375 0.01953125 0.0302734375
4 0.37158203125 0.4453125 0.0263671875 0.037109375
4 0.3388671875 0.4345703125 0.025390625 0.03515625
4 0.41064453125 0.40966796875 0.0263671875 0.0380859375
4 0.39306640625 0.40478515625 0.0263671875 0.0361328125
4 0.3076171875 0.416015625 0.0234375 0.033203125
4 0.39453125 0.63623046875 0.0234375 0.0380859375
4 0.28955078125 0.4072265625 0.0283203125 0.041015625
4 0.27392578125 0.400390625 0.0263671875 0.033203125
4 0.31396484375 0.35888671875 0.0322265625 0.0419921875
4 0.2998046875 0.3515625 0.02734375 0.033203125
4 0.2412109375 0.3828125 0.033203125 0.0390625
4 0.27880859375 0.345703125 0.0263671875 0.033203125
4 0.26611328125 0.333984375 0.0244140625 0.0390625
4 0.224609375 0.3740234375 0.021484375 0.03125
4 0.208984375 0.3681640625 0.025390625 0.03515625
4 0.23486328125 0.318359375 0.0244140625 0.037109375
4 0.177734375 0.353515625 0.025390625 0.033203125
4 0.162109375 0.3427734375 0.02734375 0.0390625
4 0.5048828125 0.462890625 0.02734375 0.0390625
4 0.4697265625 0.498046875 0.0234375 0.03515625
4 0.52294921875 0.46875 0.0302734375 0.03515625
4 0.5390625 0.4794921875 0.02734375 0.041015625
4 0.4189453125 0.595703125 0.0234375 0.03125
4 0.4013671875 0.58251953125 0.033203125 0.0419921875
4 0.3740234375 0.626953125 0.025390625 0.03125
4 0.330078125 0.60400390625 0.029296875 0.0341796875
4 0.3681640625 0.564453125 0.0234375 0.033203125
4 0.35498046875 0.55712890625 0.0244140625 0.0361328125
4 0.3369140625 0.54541015625 0.025390625 0.0322265625
4 0.298828125 0.583984375 0.029296875 0.0390625
4 0.28076171875 0.56982421875 0.0244140625 0.0361328125
4 0.2666015625 0.5634765625 0.029296875 0.041015625
4 0.30615234375 0.52734375 0.0224609375 0.029296875
4 0.3017578125 0.544921875 0.021484375 0.017578125
4 0.2490234375 0.5546875 0.03125 0.04296875
4 0.234375 0.548828125 0.03125 0.041015625
4 0.2177734375 0.5361328125 0.0234375 0.03125
4 0.20361328125 0.5302734375 0.0263671875 0.03125
4 0.29150390625 0.51806640625 0.0263671875 0.0361328125
4 0.275390625 0.50927734375 0.02734375 0.0341796875
4 0.259765625 0.49951171875 0.03125 0.0400390625
4 0.2412109375 0.4951171875 0.029296875 0.037109375
4 0.23046875 0.48583984375 0.025390625 0.0341796875
4 0.169921875 0.5146484375 0.02734375 0.033203125
4 0.2099609375 0.474609375 0.029296875 0.03515625
4 0.1767578125 0.45849609375 0.02734375 0.0361328125
4 0.51904296875 0.52294921875 0.0283203125 0.0400390625
4 0.07373046875 0.02490234375 0.0322265625 0.0439453125
4 0.1435546875 0.07470703125 0.03125 0.0458984375
4 0.0234375 0.12353515625 0.03515625 0.0498046875
4 0.06689453125 0.10205078125 0.0185546875 0.0244140625
4 0.14111328125 0.14013671875 0.0224609375 0.0283203125
5 0.4970703125 0.099609375 0.5 0.197265625
5 0.3447265625 0.193359375 0.62890625 0.375
5 0.2802734375 0.35693359375 0.55859375 0.3798828125
5 0.2431640625 0.51171875 0.484375 0.34765625
5 0.20751953125 0.6611328125 0.4130859375 0.322265625
4 0.1015625 0.416015625 0.01953125 0.03125
4 0.1474609375 0.3369140625 0.0234375 0.02734375
4 0.0107421875 0.36328125 0.01953125 0.03515625
4 0.01953125 0.37158203125 0.02734375 0.0341796875
4 0.0380859375 0.38427734375 0.029296875 0.0361328125
4 0.05322265625 0.39013671875 0.0263671875 0.0380859375
4 0.06787109375 0.40087890625 0.0302734375 0.0380859375
4 0.11572265625 0.4228515625 0.0302734375 0.037109375
4 0.015625 0.4296875 0.0234375 0.033203125
4 0.0439453125 0.44677734375 0.025390625 0.0322265625
4 0.06103515625 0.44580078125 0.0283203125 0.0322265625
4 0.07763671875 0.4619140625 0.0205078125 0.03125
4 0.08935546875 0.4677734375 0.0205078125 0.025390625
4 0.1083984375 0.478515625 0.02734375 0.03515625
4 0.12353515625 0.486328125 0.0283203125 0.03515625
4 0.15234375 0.50390625 0.0234375 0.033203125
4 0.01025390625 0.2060546875 0.0205078125 0.03125
4 0.0537109375 0.22900390625 0.029296875 0.0400390625
4 0.07373046875 0.23681640625 0.0263671875 0.0361328125
4 0.08544921875 0.24853515625 0.0224609375 0.0341796875
4 0.10693359375 0.25439453125 0.0263671875 0.0380859375
4 0.1201171875 0.2646484375 0.0234375 0.029296875
4 0.1376953125 0.27099609375 0.025390625 0.0380859375
4 0.1494140625 0.28125 0.0234375 0.033203125
4 0.05029296875 0.283203125 0.0224609375 0.03125
4 0.0634765625 0.29052734375 0.025390625 0.0361328125
4 0.08544921875 0.3037109375 0.0205078125 0.02734375
4 0.0966796875 0.310546875 0.021484375 0.029296875
4 0.11474609375 0.31689453125 0.0244140625 0.0322265625
4 0.126953125 0.32373046875 0.025390625 0.0341796875
4 0.2158203125 0.31201171875 0.03125 0.0400390625
4 0.20166015625 0.302734375 0.0244140625 0.03515625
4 0.185546875 0.29541015625 0.021484375 0.0302734375
4 0.1689453125 0.291015625 0.03125 0.0390625
4 0.68359375 0.1611328125 0.021484375 0.033203125
4 0.57666015625 0.0595703125 0.0302734375 0.044921875
4 0.63720703125 0.078125 0.0244140625 0.03515625
4 0.7177734375 0.13720703125 0.044921875 0.0693359375
4 0.638671875 0.146484375 0.03125 0.04296875
4 0.615234375 0.13134765625 0.03125 0.0400390625
4 0.5595703125 0.267578125 0.033203125 0.04296875
4 0.5810546875 0.2734375 0.041015625 0.05078125
4 0.5966796875 0.287109375 0.029296875 0.037109375
4 0.61572265625 0.2958984375 0.0361328125 0.048828125
4 0.55517578125 0.3291015625 0.0283203125 0.0390625
4 0.57080078125 0.333984375 0.0283203125 0.03515625
4 0.59521484375 0.34521484375 0.0283203125 0.0380859375
4 0.6279296875 0.32373046875 0.041015625 0.0615234375
4 0.42431640625 0.00732421875 0.0146484375 0.0126953125
4 0.40478515625 0.00390625 0.0166015625 0.005859375
4 0.36474609375 0.02587890625 0.0322265625 0.0439453125
4 0.34814453125 0.02099609375 0.0322265625 0.0400390625
4 0.3232421875 0.0126953125 0.0234375 0.0234375
4 0.30078125 0.01611328125 0.029296875 0.0302734375
4 0.38916015625 0.03564453125 0.0341796875 0.0517578125
4 0.40673828125 0.04248046875 0.0263671875 0.0419921875
4 0.45361328125 0.009765625 0.0185546875 0.017578125
4 0.4912109375 0.07763671875 0.0234375 0.0400390625
4 0.4580078125 0.283203125 0.03125 0.044921875
4 0.4765625 0.29248046875 0.037109375 0.0478515625
4 0.4970703125 0.29833984375 0.029296875 0.0400390625
4 0.51708984375 0.31201171875 0.0302734375 0.0419921875
4 0.53173828125 0.32080078125 0.0205078125 0.0341796875
4 0.54052734375 0.25927734375 0.0263671875 0.0419921875
4 0.52099609375 0.2490234375 0.0283203125 0.04296875
4 0.50390625 0.244140625 0.02734375 0.044921875
4 0.40625 0.2578125 0.02734375 0.041015625
4 0.443359375 0.21923828125 0.025390625 0.0419921875
4 0.42822265625 0.208984375 0.0302734375 0.046875
4 0.4072265625 0.19873046875 0.033203125 0.0439453125
4 0.390625 0.189453125 0.033203125 0.048828125
4 0.34716796875 0.2275390625 0.0322265625 0.04296875
4 0.30859375 0.21533203125 0.03515625 0.0498046875
4 0.27001953125 0.19775390625 0.0341796875 0.0478515625
4 0.2958984375 0.14306640625 0.037109375 0.0556640625
4 0.28076171875 0.13427734375 0.0244140625 0.0361328125
4 0.23291015625 0.1767578125 0.0205078125 0.033203125
4 0.2548828125 0.1298828125 0.029296875 0.04296875
4 0.17919921875 0.15087890625 0.0341796875 0.0439453125
4 0.1572265625 0.14404296875 0.03125 0.0439453125
4 0.18115234375 0.0888671875 0.0263671875 0.0390625
4 0.51953125 0.0859375 0.029296875 0.04296875
4 0.53515625 0.03564453125 0.03125 0.0458984375
