1 0.0185546875 0.66259765625 0.03515625 0.0830078125
1 0.02587890625 0.71240234375 0.0498046875 0.1005859375
1 0.0322265625 0.75927734375 0.0625 0.1025390625
1 0.00830078125 0.89404296875 0.0146484375 0.0302734375
1 0.0185546875 0.98291015625 0.03515625 0.0341796875
1 0.07470703125 0.9306640625 0.1005859375 0.06640625
1 0.03857421875 0.22607421875 0.0654296875 0.0986328125
1 0.11962890625 0.21533203125 0.0693359375 0.0966796875
1 0.13916015625 0.255859375 0.0712890625 0.099609375
1 0.05322265625 0.2666015625 0.0634765625 0.09765625
1 0.068359375 0.3134765625 0.064453125 0.09765625
1 0.1533203125 0.296875 0.068359375 0.095703125
1 0.0830078125 0.35546875 0.0703125 0.099609375
1 0.1650390625 0.33837890625 0.06640625 0.0966796875
1 0.10009765625 0.400390625 0.0615234375 0.1015625
1 0.2685546875 0.64794921875 0.064453125 0.0966796875
1 0.20166015625 0.70263671875 0.0654296875 0.0986328125
1 0.283203125 0.6875 0.0625 0.1015625
1 0.42138671875 0.5712890625 0.0634765625 0.099609375
1 0.490234375 0.51318359375 0.0625 0.1005859375
1 0.5009765625 0.55908203125 0.068359375 0.1044921875
1 0.52099609375 0.59814453125 0.0654296875 0.1025390625
1 0.45068359375 0.6591796875 0.0654296875 0.099609375
1 0.466796875 0.70751953125 0.0625 0.1005859375
1 0.29833984375 0.7392578125 0.0634765625 0.09765625
1 0.2158203125 0.75537109375 0.068359375 0.1005859375
1 0.3154296875 0.77880859375 0.06640625 0.1005859375
1 0.244140625 0.84521484375 0.068359375 0.1025390625
1 0.326171875 0.82470703125 0.064453125 0.1005859375
1 0.33935546875 0.8662109375 0.0673828125 0.09765625
1 0.35693359375 0.916015625 0.0634765625 0.103515625
1 0.17529296875 0.97412109375 0.0986328125 0.0517578125
1 0.44384765625 0.37890625 0.0634765625 0.103515625
1 0.25146484375 0.599609375 0.0693359375 0.09765625
1 0.18505859375 0.66845703125 0.0673828125 0.0986328125
1 0.23876953125 0.5615234375 0.0654296875 0.099609375
1 0.65380859375 0.1875 0.0673828125 0.099609375
1 0.109375 0.4453125 0.064453125 0.099609375
1 0.1298828125 0.48681640625 0.068359375 0.1005859375
1 0.14208984375 0.5302734375 0.0654296875 0.1015625
1 0.158203125 0.5771484375 0.06640625 0.103515625
1 0.291015625 0.17333984375 0.06640625 0.1005859375
1 0.38818359375 0.201171875 0.0654296875 0.099609375
1 0.32275390625 0.25830078125 0.0673828125 0.1005859375
1 0.40234375 0.24853515625 0.06640625 0.1005859375
1 0.5517578125 0.15966796875 0.068359375 0.1005859375
1 0.63671875 0.1435546875 0.06640625 0.099609375
1 0.57373046875 0.201171875 0.0654296875 0.099609375
1 0.58349609375 0.24755859375 0.0634765625 0.0986328125
1 0.40869140625 0.52978515625 0.0673828125 0.0986328125
1 0.66650390625 0.23095703125 0.0634765625 0.1005859375
1 0.6845703125 0.271484375 0.064453125 0.1015625
1 0.60302734375 0.28955078125 0.0673828125 0.1025390625
1 0.431640625 0.33349609375 0.06640625 0.1025390625
1 0.36328125 0.39013671875 0.06640625 0.1005859375
1 0.18115234375 0.3837890625 0.0693359375 0.099609375
1 0.19580078125 0.4306640625 0.0673828125 0.1015625
1 0.2099609375 0.4697265625 0.0625 0.1015625
1 0.22216796875 0.51708984375 0.0673828125 0.1005859375
1 0.39404296875 0.4794921875 0.0693359375 0.099609375
1 0.4755859375 0.4697265625 0.068359375 0.099609375
