8 0.8916015625 0.44091796875 0.05078125 0.0966796875
8 0.94873046875 0.44384765625 0.0517578125 0.0966796875
8 0.181640625 0.24365234375 0.052734375 0.0986328125
8 0.27197265625 0.24609375 0.0498046875 0.09765625
8 0.330078125 0.24853515625 0.05078125 0.0966796875
8 0.38720703125 0.2509765625 0.0498046875 0.09765625
8 0.44482421875 0.25390625 0.0498046875 0.095703125
8 0.14990234375 0.4150390625 0.0498046875 0.095703125
8 0.20751953125 0.41845703125 0.0498046875 0.0966796875
8 0.2646484375 0.4208984375 0.05078125 0.09765625
8 0.322265625 0.4228515625 0.048828125 0.095703125
8 0.37939453125 0.4248046875 0.0498046875 0.095703125
8 0.4375 0.42724609375 0.05078125 0.0947265625
8 0.70068359375 0.39501953125 0.0498046875 0.0947265625
8 0.9892578125 0.23583984375 0.021484375 0.0966796875
8 0.99072265625 0.44580078125 0.0185546875 0.0947265625
8 0.1240234375 0.2412109375 0.048828125 0.09765625
