1 0.01708984375 0.283203125 0.0322265625 0.068359375
1 0.0224609375 0.33544921875 0.04296875 0.0908203125
1 0.1142578125 0.64794921875 0.064453125 0.0966796875
1 0.04736328125 0.70263671875 0.0654296875 0.0986328125
1 0.12890625 0.6875 0.0625 0.1015625
1 0.26708984375 0.5712890625 0.0634765625 0.099609375
1 0.3359375 0.51318359375 0.0625 0.1005859375
1 0.3466796875 0.55908203125 0.068359375 0.1044921875
1 0.36669921875 0.59814453125 0.0654296875 0.1025390625
1 0.29638671875 0.6591796875 0.0654296875 0.099609375
1 0.3125 0.70751953125 0.0625 0.1005859375
1 0.14404296875 0.7392578125 0.0634765625 0.09765625
1 0.0615234375 0.75537109375 0.068359375 0.1005859375
1 0.1611328125 0.77880859375 0.06640625 0.1005859375
1 0.08984375 0.84521484375 0.068359375 0.1025390625
1 0.171875 0.82470703125 0.064453125 0.1005859375
1 0.18505859375 0.8662109375 0.0673828125 0.09765625
1 0.20263671875 0.916015625 0.0634765625 0.103515625
1 0.03564453125 0.97802734375 0.0693359375 0.0439453125
1 0.28955078125 0.37890625 0.0634765625 0.103515625
1 0.09716796875 0.599609375 0.0693359375 0.09765625
1 0.03271484375 0.66845703125 0.0634765625 0.0986328125
1 0.08447265625 0.5615234375 0.0654296875 0.099609375
1 0.49951171875 0.1875 0.0673828125 0.099609375
1 0.01904296875 0.57080078125 0.0361328125 0.0908203125
1 0.13671875 0.17333984375 0.06640625 0.1005859375
1 0.23388671875 0.201171875 0.0654296875 0.099609375
1 0.16845703125 0.25830078125 0.0673828125 0.1005859375
1 0.248046875 0.24853515625 0.06640625 0.1005859375
1 0.3974609375 0.15966796875 0.068359375 0.1005859375
1 0.482421875 0.1435546875 0.06640625 0.099609375
1 0.41943359375 0.201171875 0.0654296875 0.099609375
1 0.42919921875 0.24755859375 0.0634765625 0.0986328125
1 0.25439453125 0.52978515625 0.0673828125 0.0986328125
1 0.51220703125 0.23095703125 0.0634765625 0.1005859375
1 0.5302734375 0.271484375 0.064453125 0.1015625
1 0.44873046875 0.28955078125 0.0673828125 0.1025390625
1 0.27734375 0.33349609375 0.06640625 0.1025390625
1 0.208984375 0.39013671875 0.06640625 0.1005859375
1 0.03125 0.3818359375 0.060546875 0.095703125
1 0.04150390625 0.4306640625 0.0673828125 0.1015625
1 0.0556640625 0.4697265625 0.0625 0.1015625
1 0.06787109375 0.51708984375 0.0673828125 0.1005859375
1 0.23974609375 0.4794921875 0.0693359375 0.099609375
1 0.3212890625 0.4697265625 0.068359375 0.099609375
