1 0.189453125 0.49853515625 0.083984375 0.0126953125
1 0.359375 0.5029296875 0.0859375 0.01171875
1 0.36328125 0.48876953125 0.08203125 0.0126953125
1 0.359375 0.474609375 0.0859375 0.01171875
1 0.365234375 0.46044921875 0.083984375 0.0126953125
1 0.36865234375 0.447265625 0.0810546875 0.013671875
1 0.36572265625 0.4345703125 0.0849609375 0.01171875
1 0.36474609375 0.42138671875 0.0810546875 0.0107421875
1 0.19775390625 0.4150390625 0.0771484375 0.01171875
1 0.18896484375 0.42919921875 0.0791015625 0.0107421875
1 0.18701171875 0.44384765625 0.0830078125 0.0107421875
1 0.1904296875 0.45751953125 0.083984375 0.0107421875
1 0.19189453125 0.47119140625 0.0810546875 0.0107421875
1 0.1923828125 0.48486328125 0.083984375 0.0107421875
1 0.19482421875 0.51171875 0.0830078125 0.01171875
1 0.1943359375 0.52587890625 0.083984375 0.0107421875
1 0.18603515625 0.53955078125 0.0810546875 0.0107421875
1 0.18701171875 0.56787109375 0.0869140625 0.0107421875
1 0.1884765625 0.58251953125 0.083984375 0.0107421875
1 0.18994140625 0.595703125 0.0830078125 0.009765625
1 0.19140625 0.609375 0.083984375 0.01171875
1 0.19140625 0.623046875 0.08203125 0.01171875
1 0.18603515625 0.63671875 0.0830078125 0.01171875
1 0.1875 0.650390625 0.083984375 0.01171875
1 0.18212890625 0.6630859375 0.0849609375 0.009765625
1 0.1845703125 0.6767578125 0.08203125 0.01171875
1 0.189453125 0.75390625 0.068359375 0.04296875
1 0.265625 0.80126953125 0.01171875 0.0849609375
1 0.36767578125 0.51611328125 0.0712890625 0.0126953125
1 0.36279296875 0.53125 0.0849609375 0.01171875
1 0.36279296875 0.54345703125 0.0771484375 0.0107421875
1 0.3623046875 0.57177734375 0.083984375 0.0107421875
1 0.7255859375 0.61083984375 0.09375 0.0126953125
1 0.72705078125 0.625 0.0849609375 0.01171875
1 0.72900390625 0.63916015625 0.0830078125 0.0126953125
1 0.71875 0.65283203125 0.08203125 0.0126953125
1 0.6845703125 0.90283203125 0.009765625 0.0458984375
1 0.619140625 0.94970703125 0.013671875 0.0380859375
1 0.53564453125 0.9599609375 0.0283203125 0.009765625
1 0.44921875 0.47607421875 0.083984375 0.0126953125
1 0.4501953125 0.50537109375 0.08203125 0.0126953125
1 0.44873046875 0.51904296875 0.0830078125 0.0126953125
1 0.44775390625 0.53076171875 0.0771484375 0.0126953125
1 0.451171875 0.5458984375 0.08203125 0.01171875
1 0.451171875 0.57177734375 0.08203125 0.0107421875
1 0.4501953125 0.58642578125 0.08203125 0.0107421875
1 0.44921875 0.6005859375 0.08203125 0.009765625
1 0.45166015625 0.61376953125 0.0810546875 0.0146484375
1 0.58056640625 0.66455078125 0.0830078125 0.0146484375
1 0.48779296875 0.6630859375 0.0830078125 0.013671875
1 0.38427734375 0.6630859375 0.0810546875 0.01171875
1 0.37939453125 0.62646484375 0.0830078125 0.0126953125
1 0.36328125 0.61328125 0.083984375 0.01171875
1 0.36279296875 0.60009765625 0.0830078125 0.0126953125
1 0.36474609375 0.58642578125 0.0849609375 0.0126953125
1 0.2529296875 0.8486328125 0.01171875 0.08203125
1 0.23779296875 0.85498046875 0.0126953125 0.0830078125
1 0.22412109375 0.84814453125 0.0126953125 0.0869140625
1 0.18408203125 0.84716796875 0.0126953125 0.0810546875
1 0.15576171875 0.84814453125 0.0126953125 0.0830078125
1 0.11572265625 0.4150390625 0.0849609375 0.01171875
1 0.1025390625 0.42822265625 0.078125 0.0126953125
1 0.095703125 0.4423828125 0.08203125 0.013671875
1 0.1015625 0.4580078125 0.083984375 0.01171875
1 0.10107421875 0.47021484375 0.0830078125 0.0107421875
1 0.1025390625 0.484375 0.08203125 0.01171875
1 0.10009765625 0.49853515625 0.0830078125 0.0107421875
1 0.1025390625 0.5107421875 0.087890625 0.01171875
1 0.1025390625 0.52490234375 0.0859375 0.0107421875
1 0.10107421875 0.53857421875 0.0830078125 0.0126953125
1 0.09716796875 0.56640625 0.0732421875 0.01171875
1 0.09912109375 0.595703125 0.0810546875 0.013671875
1 0.099609375 0.6083984375 0.083984375 0.009765625
1 0.10302734375 0.6220703125 0.0771484375 0.009765625
1 0.0986328125 0.6474609375 0.08203125 0.013671875
1 0.10107421875 0.67626953125 0.0810546875 0.0126953125
1 0.09912109375 0.7041015625 0.0810546875 0.01171875
1 0.1337890625 0.7294921875 0.083984375 0.01171875
1 0.724609375 0.5986328125 0.083984375 0.013671875
1 0.72314453125 0.58447265625 0.0810546875 0.0185546875
1 0.69775390625 0.53515625 0.0595703125 0.072265625
1 0.6865234375 0.5263671875 0.052734375 0.068359375
1 0.22900390625 0.31396484375 0.0146484375 0.0849609375
1 0.26904296875 0.31884765625 0.0126953125 0.0751953125
1 0.283203125 0.31982421875 0.01171875 0.0791015625
1 0.296875 0.31591796875 0.01171875 0.0810546875
1 0.310546875 0.31787109375 0.01171875 0.0771484375
1 0.33740234375 0.3134765625 0.0126953125 0.080078125
1 0.365234375 0.3193359375 0.01171875 0.080078125
1 0.37939453125 0.31201171875 0.0107421875 0.0849609375
1 0.40576171875 0.31884765625 0.0107421875 0.0810546875
1 0.41748046875 0.322265625 0.0146484375 0.083984375
1 0.4345703125 0.318359375 0.013671875 0.076171875
1 0.4853515625 0.359375 0.05859375 0.0703125
1 0.47900390625 0.4228515625 0.0478515625 0.076171875
1 0.51953125 0.3857421875 0.05859375 0.072265625
1 0.5302734375 0.39501953125 0.060546875 0.0732421875
1 0.55029296875 0.41064453125 0.0576171875 0.0732421875
1 0.56005859375 0.42138671875 0.0576171875 0.0712890625
1 0.572265625 0.4287109375 0.05859375 0.07421875
1 0.58056640625 0.4423828125 0.0576171875 0.072265625
1 0.59326171875 0.44677734375 0.0556640625 0.0673828125
1 0.6064453125 0.45263671875 0.056640625 0.0732421875
1 0.6162109375 0.462890625 0.05859375 0.07421875
1 0.62255859375 0.474609375 0.0595703125 0.0703125
1 0.63818359375 0.478515625 0.0595703125 0.072265625
1 0.6474609375 0.4892578125 0.060546875 0.072265625
1 0.65869140625 0.498046875 0.0556640625 0.06640625
1 0.66650390625 0.509765625 0.0576171875 0.0703125
1 0.6767578125 0.51806640625 0.056640625 0.0693359375
1 0.25439453125 0.31884765625 0.0126953125 0.0849609375
1 0.201171875 0.3095703125 0.013671875 0.083984375
1 0.16015625 0.3125 0.009765625 0.08203125
1 0.77392578125 0.76416015625 0.0107421875 0.0302734375
1 0.90234375 0.77734375 0.0625 0.05078125
1 0.9033203125 0.85400390625 0.064453125 0.0439453125
1 0.009765625 0.3173828125 0.01171875 0.044921875
1 0.02294921875 0.31396484375 0.0126953125 0.0830078125
1 0.0498046875 0.31591796875 0.01171875 0.0830078125
1 0.0654296875 0.30859375 0.01171875 0.044921875
1 0.07861328125 0.3046875 0.0126953125 0.087890625
1 0.0927734375 0.32666015625 0.01171875 0.0341796875
1 0.146484375 0.326171875 0.01171875 0.044921875
