0 0.453125 0.484375 0.01953125 0.009765625
1 0.759765625 0.12646484375 0.083984375 0.0126953125
1 0.9296875 0.130859375 0.0859375 0.01171875
1 0.93359375 0.11669921875 0.08203125 0.0126953125
1 0.9296875 0.1025390625 0.0859375 0.01171875
1 0.935546875 0.08837890625 0.083984375 0.0126953125
1 0.93896484375 0.0751953125 0.0810546875 0.013671875
1 0.93603515625 0.0625 0.0849609375 0.01171875
1 0.93505859375 0.04931640625 0.0810546875 0.0107421875
1 0.76806640625 0.04296875 0.0771484375 0.01171875
1 0.75927734375 0.05712890625 0.0791015625 0.0107421875
1 0.75732421875 0.07177734375 0.0830078125 0.0107421875
1 0.7607421875 0.08544921875 0.083984375 0.0107421875
1 0.76220703125 0.09912109375 0.0810546875 0.0107421875
1 0.7626953125 0.11279296875 0.083984375 0.0107421875
1 0.76513671875 0.1396484375 0.0830078125 0.01171875
0 0.45068359375 0.49609375 0.0283203125 0.01171875
1 0.7646484375 0.15380859375 0.083984375 0.0107421875
1 0.75634765625 0.16748046875 0.0810546875 0.0107421875
1 0.75732421875 0.19580078125 0.0869140625 0.0107421875
1 0.7587890625 0.21044921875 0.083984375 0.0107421875
1 0.76025390625 0.2236328125 0.0830078125 0.009765625
1 0.76171875 0.2373046875 0.083984375 0.01171875
1 0.76171875 0.2509765625 0.08203125 0.01171875
1 0.75634765625 0.2646484375 0.0830078125 0.01171875
1 0.7578125 0.2783203125 0.083984375 0.01171875
1 0.75244140625 0.291015625 0.0849609375 0.009765625
1 0.7548828125 0.3046875 0.08203125 0.01171875
1 0.759765625 0.3818359375 0.068359375 0.04296875
1 0.8359375 0.42919921875 0.01171875 0.0849609375
1 0.93798828125 0.14404296875 0.0712890625 0.0126953125
1 0.93310546875 0.1591796875 0.0849609375 0.01171875
1 0.93310546875 0.17138671875 0.0771484375 0.0107421875
1 0.9326171875 0.19970703125 0.083984375 0.0107421875
1 0.98876953125 0.10302734375 0.0224609375 0.0107421875
1 0.98974609375 0.13232421875 0.0205078125 0.0107421875
1 0.98876953125 0.146484375 0.0224609375 0.01171875
1 0.98974609375 0.15869140625 0.0205078125 0.0126953125
1 0.990234375 0.173828125 0.01953125 0.01171875
1 0.990234375 0.19970703125 0.01953125 0.0107421875
1 0.98974609375 0.21435546875 0.0205078125 0.0107421875
1 0.9892578125 0.228515625 0.021484375 0.009765625
1 0.99072265625 0.240234375 0.0185546875 0.01171875
1 0.95458984375 0.291015625 0.0810546875 0.01171875
1 0.94970703125 0.25439453125 0.0830078125 0.0126953125
1 0.93359375 0.2412109375 0.083984375 0.01171875
1 0.93310546875 0.22802734375 0.0830078125 0.0126953125
1 0.93505859375 0.21435546875 0.0849609375 0.0126953125
1 0.8232421875 0.4765625 0.01171875 0.08203125
1 0.80810546875 0.48291015625 0.0126953125 0.0830078125
1 0.79443359375 0.47607421875 0.0126953125 0.0869140625
1 0.421875 0.33935546875 0.083984375 0.0341796875
1 0.3095703125 0.29931640625 0.080078125 0.0478515625
1 0.31640625 0.2802734375 0.080078125 0.0546875
1 0.330078125 0.24072265625 0.080078125 0.0439453125
1 0.3388671875 0.21630859375 0.0859375 0.0419921875
1 0.35009765625 0.1962890625 0.0869140625 0.037109375
1 0.24560546875 0.17041015625 0.0810546875 0.0302734375
1 0.52783203125 0.142578125 0.0244140625 0.009765625
1 0.49658203125 0.12109375 0.0849609375 0.01171875
1 0.5 0.10693359375 0.083984375 0.0107421875
1 0.501953125 0.09423828125 0.08203125 0.0126953125
1 0.5068359375 0.08154296875 0.0703125 0.0126953125
1 0.4990234375 0.068359375 0.087890625 0.01171875
1 0.40380859375 0.1337890625 0.0849609375 0.01171875
1 0.4052734375 0.1201171875 0.083984375 0.01171875
1 0.40625 0.1064453125 0.0859375 0.01171875
1 0.4013671875 0.09228515625 0.08203125 0.0126953125
1 0.41455078125 0.07861328125 0.0810546875 0.0126953125
1 0.40869140625 0.06640625 0.0849609375 0.013671875
1 0.40576171875 0.05126953125 0.0712890625 0.0126953125
1 0.27490234375 0.0361328125 0.0146484375 0.0703125
1 0.26025390625 0.0419921875 0.0166015625 0.08203125
1 0.24658203125 0.03173828125 0.0146484375 0.0615234375
1 0.23291015625 0.037109375 0.0166015625 0.072265625
1 0.21826171875 0.04736328125 0.0166015625 0.0830078125
1 0.201171875 0.0625 0.01171875 0.03125
1 0.40625 0.31494140625 0.083984375 0.0322265625
1 0.455078125 0.234375 0.078125 0.048828125
1 0.75439453125 0.47509765625 0.0126953125 0.0810546875
1 0.39892578125 0.35302734375 0.0869140625 0.0322265625
1 0.72607421875 0.47607421875 0.0126953125 0.0830078125
1 0.5498046875 0.7294921875 0.01171875 0.025390625
1 0.33251953125 0.7099609375 0.0224609375 0.03125
1 0.18505859375 0.63818359375 0.0126953125 0.0673828125
1 0.337890625 0.6689453125 0.0234375 0.041015625
1 0.68603515625 0.04296875 0.0849609375 0.01171875
1 0.6728515625 0.05615234375 0.078125 0.0126953125
1 0.666015625 0.0703125 0.08203125 0.013671875
1 0.671875 0.0859375 0.083984375 0.01171875
1 0.67138671875 0.09814453125 0.0830078125 0.0107421875
1 0.6728515625 0.1123046875 0.08203125 0.01171875
1 0.67041015625 0.12646484375 0.0830078125 0.0107421875
1 0.6728515625 0.138671875 0.087890625 0.01171875
1 0.6728515625 0.15283203125 0.0859375 0.0107421875
1 0.67138671875 0.16650390625 0.0830078125 0.0126953125
1 0.66748046875 0.1943359375 0.0732421875 0.01171875
1 0.66943359375 0.2236328125 0.0810546875 0.013671875
1 0.669921875 0.236328125 0.083984375 0.009765625
1 0.67333984375 0.25 0.0771484375 0.009765625
1 0.6689453125 0.275390625 0.08203125 0.013671875
1 0.67138671875 0.30419921875 0.0810546875 0.0126953125
1 0.66943359375 0.33203125 0.0810546875 0.01171875
1 0.7041015625 0.357421875 0.083984375 0.01171875
1 0.5107421875 0.38134765625 0.0859375 0.0283203125
1 0.5048828125 0.3408203125 0.083984375 0.02734375
1 0.52099609375 0.31640625 0.0810546875 0.046875
1 0.51953125 0.205078125 0.080078125 0.05078125
0 0.5107421875 0.7138671875 0.009765625 0.01953125
0 0.52099609375 0.71435546875 0.0087890625 0.0205078125
0 0.52099609375 0.73681640625 0.0087890625 0.0224609375
0 0.53271484375 0.71484375 0.0087890625 0.015625
0 0.54150390625 0.71484375 0.0087890625 0.017578125
0 0.56298828125 0.7158203125 0.0087890625 0.021484375
0 0.57177734375 0.71728515625 0.0087890625 0.0205078125
0 0.58251953125 0.7158203125 0.0107421875 0.021484375
0 0.6142578125 0.71630859375 0.009765625 0.0205078125
0 0.603515625 0.71923828125 0.009765625 0.0224609375
0 0.591796875 0.736328125 0.009765625 0.01953125
0 0.61328125 0.73779296875 0.009765625 0.0185546875
0 0.6337890625 0.740234375 0.013671875 0.021484375
0 0.66650390625 0.701171875 0.0185546875 0.017578125
0 0.7177734375 0.697265625 0.021484375 0.01171875
0 0.71484375 0.7158203125 0.021484375 0.01171875
0 0.71533203125 0.7490234375 0.0244140625 0.01171875
0 0.7158203125 0.76025390625 0.021484375 0.0107421875
0 0.71533203125 0.77197265625 0.0283203125 0.0107421875
0 0.654296875 0.79150390625 0.013671875 0.0244140625
0 0.623046875 0.78857421875 0.01171875 0.0244140625
0 0.61181640625 0.78857421875 0.0126953125 0.0244140625
0 0.57861328125 0.78662109375 0.0107421875 0.0263671875
0 0.5703125 0.7890625 0.009765625 0.0234375
0 0.548828125 0.7880859375 0.01171875 0.021484375
0 0.5185546875 0.78515625 0.01171875 0.021484375
0 0.4990234375 0.78955078125 0.009765625 0.0205078125
0 0.478515625 0.78662109375 0.0078125 0.0205078125
0 0.51123046875 0.73486328125 0.0107421875 0.0244140625
0 0.49951171875 0.73291015625 0.0087890625 0.0185546875
0 0.458984375 0.78369140625 0.01171875 0.0224609375
0 0.50048828125 0.7158203125 0.0087890625 0.021484375
0 0.453125 0.50634765625 0.021484375 0.0087890625
0 0.45068359375 0.515625 0.0244140625 0.009765625
0 0.44921875 0.53564453125 0.0234375 0.0126953125
0 0.43212890625 0.55078125 0.0185546875 0.025390625
0 0.4501953125 0.5830078125 0.021484375 0.009765625
0 0.44970703125 0.60400390625 0.0224609375 0.0107421875
0 0.44970703125 0.6259765625 0.0205078125 0.01171875
0 0.45166015625 0.646484375 0.0205078125 0.009765625
0 0.46435546875 0.66162109375 0.0107421875 0.0205078125
0 0.4765625 0.66064453125 0.009765625 0.0185546875
0 0.48779296875 0.662109375 0.0087890625 0.017578125
0 0.50634765625 0.66162109375 0.0107421875 0.0244140625
0 0.53564453125 0.6630859375 0.0087890625 0.0234375
0 0.546875 0.662109375 0.009765625 0.01953125
0 0.55712890625 0.66015625 0.0087890625 0.021484375
0 0.568359375 0.6630859375 0.01171875 0.021484375
0 0.587890625 0.66259765625 0.01171875 0.0263671875
0 0.609375 0.66162109375 0.01171875 0.0224609375
0 0.62841796875 0.66552734375 0.0087890625 0.0224609375
0 0.67919921875 0.66552734375 0.0087890625 0.0205078125
0 0.69775390625 0.66455078125 0.0107421875 0.0224609375
0 0.45068359375 0.71435546875 0.0087890625 0.0205078125
0 0.4619140625 0.71142578125 0.01171875 0.0185546875
0 0.470703125 0.71044921875 0.009765625 0.0205078125
0 0.46044921875 0.7314453125 0.0087890625 0.0234375
0 0.48046875 0.71142578125 0.009765625 0.0224609375
0 0.490234375 0.71240234375 0.009765625 0.0185546875
0 0.46923828125 0.78759765625 0.0107421875 0.0205078125
0 0.4482421875 0.78857421875 0.01171875 0.0224609375
0 0.4375 0.78662109375 0.009765625 0.0205078125
0 0.42724609375 0.78466796875 0.0107421875 0.0244140625
0 0.1015625 0.8427734375 0.01171875 0.01953125
0 0.3955078125 0.78564453125 0.01171875 0.0224609375
0 0.34423828125 0.78515625 0.0126953125 0.03125
0 0.15869140625 0.51953125 0.0244140625 0.015625
0 0.2421875 0.51220703125 0.021484375 0.0224609375
0 0.30615234375 0.4306640625 0.0244140625 0.01171875
0 0.21142578125 0.4462890625 0.0224609375 0.021484375
0 0.29052734375 0.00732421875 0.0126953125 0.0126953125
0 0.30615234375 0.0068359375 0.0126953125 0.01171875
1 0.10302734375 0.00244140625 0.0126953125 0.0029296875
