0 0.64990234375 0.1806640625 0.0361328125 0.0234375
1 0.97705078125 0.2763671875 0.0458984375 0.03515625
1 0.63330078125 0.8798828125 0.1025390625 0.05078125
1 0.6416015625 0.90625 0.1015625 0.046875
1 0.64990234375 0.93212890625 0.1044921875 0.0478515625
1 0.65673828125 0.95556640625 0.1044921875 0.0498046875
1 0.80810546875 0.35595703125 0.0986328125 0.0458984375
1 0.8134765625 0.38330078125 0.103515625 0.0517578125
1 0.8212890625 0.40869140625 0.1015625 0.0517578125
1 0.98095703125 0.3046875 0.0380859375 0.03125
1 0.61767578125 0.82763671875 0.1025390625 0.0458984375
1 0.9853515625 0.33203125 0.029296875 0.029296875
1 0.98828125 0.357421875 0.0234375 0.029296875
1 0.9931640625 0.384765625 0.013671875 0.025390625
1 0.8291015625 0.43408203125 0.1015625 0.0517578125
1 0.837890625 0.462890625 0.103515625 0.048828125
1 0.6259765625 0.853515625 0.103515625 0.046875
1 0.61083984375 0.802734375 0.1025390625 0.046875
0 0.61181640625 0.19140625 0.0380859375 0.025390625
1 0.556640625 0.62158203125 0.1015625 0.0458984375
1 0.18896484375 0.5595703125 0.1005859375 0.05078125
1 0.197265625 0.58642578125 0.1015625 0.0517578125
1 0.20556640625 0.60986328125 0.1025390625 0.0517578125
1 0.49658203125 0.5576171875 0.0498046875 0.1015625
1 0.5244140625 0.55126953125 0.05078125 0.1025390625
1 0.56494140625 0.6474609375 0.1005859375 0.052734375
1 0.6025390625 0.77587890625 0.103515625 0.0458984375
1 0.75634765625 0.5712890625 0.1025390625 0.046875
1 0.76416015625 0.59619140625 0.1044921875 0.0458984375
1 0.771484375 0.623046875 0.103515625 0.044921875
1 0.57177734375 0.671875 0.1025390625 0.048828125
1 0.5791015625 0.69970703125 0.099609375 0.0498046875
1 0.58740234375 0.72509765625 0.1025390625 0.0478515625
1 0.5947265625 0.75146484375 0.1015625 0.0458984375
1 0.84521484375 0.48876953125 0.1025390625 0.0498046875
1 0.86083984375 0.5419921875 0.1025390625 0.05078125
1 0.89794921875 0.9853515625 0.0986328125 0.029296875
1 0.953125 0.8564453125 0.09375 0.048828125
1 0.95703125 0.8837890625 0.0859375 0.044921875
1 0.86083984375 0.9189453125 0.1025390625 0.048828125
1 0.97216796875 0.90966796875 0.0556640625 0.0361328125
0 0.09716796875 0.31884765625 0.0380859375 0.0263671875
0 0.0498046875 0.306640625 0.029296875 0.021484375
0 0.18359375 0.26513671875 0.04296875 0.0283203125
0 0.33935546875 0.2333984375 0.0380859375 0.025390625
0 0.40087890625 0.1982421875 0.0361328125 0.0234375
0 0.48681640625 0.2041015625 0.0400390625 0.025390625
0 0.5380859375 0.1015625 0.0390625 0.029296875
0 0.79931640625 0.01953125 0.0400390625 0.029296875
1 0.85400390625 0.89306640625 0.1025390625 0.0478515625
1 0.8466796875 0.86865234375 0.1015625 0.0478515625
1 0.94921875 0.830078125 0.099609375 0.048828125
1 0.837890625 0.841796875 0.1015625 0.048828125
1 0.87109375 0.5673828125 0.103515625 0.048828125
1 0.87890625 0.59375 0.103515625 0.048828125
1 0.8876953125 0.6201171875 0.1015625 0.046875
1 0.94091796875 0.80224609375 0.1005859375 0.0478515625
1 0.1767578125 0.5126953125 0.1015625 0.046875
