0 0.71826171875 0.58740234375 0.0439453125 0.0478515625
1 0.18359375 0.69287109375 0.09375 0.0830078125
1 0.158203125 0.67431640625 0.091796875 0.0771484375
1 0.1396484375 0.6494140625 0.091796875 0.08203125
1 0.11767578125 0.626953125 0.0888671875 0.080078125
1 0.0634765625 0.5537109375 0.09765625 0.0859375
1 0.27685546875 0.3916015625 0.0810546875 0.091796875
1 0.25341796875 0.41259765625 0.0888671875 0.1044921875
1 0.23583984375 0.4375 0.0927734375 0.10546875
1 0.31884765625 0.53662109375 0.0966796875 0.1064453125
1 0.20703125 0.45556640625 0.09375 0.1103515625
1 0.28955078125 0.65673828125 0.1162109375 0.1357421875
1 0.04833984375 0.728515625 0.0947265625 0.0859375
1 0.06884765625 0.74951171875 0.0927734375 0.0849609375
1 0.4658203125 0.6640625 0.083984375 0.095703125
1 0.44873046875 0.689453125 0.0908203125 0.1015625
1 0.49169921875 0.50927734375 0.0830078125 0.0947265625
1 0.46484375 0.52783203125 0.08203125 0.0966796875
1 0.44189453125 0.54248046875 0.0830078125 0.0927734375
1 0.419921875 0.4208984375 0.08203125 0.091796875
1 0.43408203125 0.390625 0.0869140625 0.1015625
1 0.45751953125 0.37451171875 0.0849609375 0.0986328125
1 0.48779296875 0.22705078125 0.0869140625 0.0966796875
1 0.48681640625 0.267578125 0.0830078125 0.09375
1 0.44140625 0.25927734375 0.087890625 0.1025390625
1 0.353515625 0.29638671875 0.0859375 0.0966796875
1 0.34326171875 0.33154296875 0.0888671875 0.1005859375
1 0.22216796875 0.74658203125 0.0947265625 0.0869140625
1 0.212890625 0.70751953125 0.072265625 0.0654296875
1 0.1484375 0.76171875 0.0625 0.056640625
1 0.08740234375 0.77294921875 0.0966796875 0.0849609375
1 0.03759765625 0.70263671875 0.0732421875 0.0810546875
1 0.0283203125 0.67236328125 0.0546875 0.0654296875
1 0.01904296875 0.6416015625 0.0361328125 0.05078125
1 0.02685546875 0.47607421875 0.0517578125 0.0595703125
1 0.01513671875 0.44775390625 0.0283203125 0.0400390625
1 0.4921875 0.64697265625 0.083984375 0.0947265625
0 0.751953125 0.55419921875 0.048828125 0.0439453125
0 0.7666015625 0.03271484375 0.046875 0.0361328125
0 0.755859375 0.01611328125 0.05078125 0.0302734375
0 0.81787109375 0.1357421875 0.0517578125 0.03515625
0 0.9169921875 0.361328125 0.04296875 0.03515625
0 0.8564453125 0.33544921875 0.05859375 0.0654296875
0 0.90673828125 0.32666015625 0.0517578125 0.0380859375
0 0.89404296875 0.3115234375 0.0478515625 0.03515625
0 0.88720703125 0.29052734375 0.0439453125 0.0361328125
0 0.8779296875 0.271484375 0.044921875 0.033203125
0 0.81005859375 0.2841796875 0.0595703125 0.064453125
0 0.86279296875 0.25390625 0.0400390625 0.03515625
0 0.83837890625 0.24365234375 0.0673828125 0.0458984375
0 0.7646484375 0.2275390625 0.060546875 0.068359375
0 0.8251953125 0.2216796875 0.072265625 0.046875
0 0.83935546875 0.18994140625 0.0439453125 0.0341796875
0 0.80224609375 0.20947265625 0.0419921875 0.0380859375
0 0.79296875 0.193359375 0.046875 0.0390625
0 0.82958984375 0.17236328125 0.0458984375 0.0341796875
0 0.78515625 0.17138671875 0.05078125 0.0419921875
0 0.82275390625 0.154296875 0.0400390625 0.029296875
1 0.5263671875 0.4638671875 0.08203125 0.09375
1 0.7705078125 0.4208984375 0.091796875 0.103515625
1 0.79248046875 0.40283203125 0.0947265625 0.1044921875
1 0.6767578125 0.26708984375 0.09375 0.1064453125
1 0.6396484375 0.26904296875 0.091796875 0.1044921875
1 0.60888671875 0.2763671875 0.0849609375 0.09375
1 0.58203125 0.29052734375 0.083984375 0.0966796875
1 0.5205078125 0.353515625 0.087890625 0.099609375
1 0.67529296875 0.123046875 0.0927734375 0.103515625
1 0.6240234375 0.10693359375 0.083984375 0.0927734375
1 0.60400390625 0.13232421875 0.0869140625 0.0986328125
1 0.54931640625 0.15771484375 0.0869140625 0.1025390625
1 0.5322265625 0.18359375 0.083984375 0.09375
1 0.50634765625 0.20068359375 0.0849609375 0.0966796875
1 0.509765625 0.48583984375 0.08984375 0.0986328125
1 0.515625 0.63037109375 0.08203125 0.0927734375
1 0.54296875 0.61962890625 0.08984375 0.1005859375
0 0.45361328125 0.8037109375 0.0595703125 0.056640625
0 0.47021484375 0.82568359375 0.0341796875 0.0400390625
0 0.58056640625 0.89404296875 0.0322265625 0.0400390625
1 0.63037109375 0.53466796875 0.0810546875 0.0888671875
1 0.6083984375 0.55859375 0.087890625 0.095703125
1 0.58642578125 0.576171875 0.0869140625 0.095703125
1 0.56787109375 0.599609375 0.0869140625 0.099609375
