0 0.86669921875 0.58740234375 0.0439453125 0.0478515625
1 0.33203125 0.69287109375 0.09375 0.0830078125
1 0.306640625 0.67431640625 0.091796875 0.0771484375
1 0.2880859375 0.6494140625 0.091796875 0.08203125
1 0.26611328125 0.626953125 0.0888671875 0.080078125
1 0.2119140625 0.5537109375 0.09765625 0.0859375
1 0.42529296875 0.3916015625 0.0810546875 0.091796875
1 0.40185546875 0.41259765625 0.0888671875 0.1044921875
1 0.38427734375 0.4375 0.0927734375 0.10546875
1 0.46728515625 0.53662109375 0.0966796875 0.1064453125
1 0.35546875 0.45556640625 0.09375 0.1103515625
1 0.43798828125 0.65673828125 0.1162109375 0.1357421875
1 0.19580078125 0.728515625 0.0966796875 0.0859375
1 0.21728515625 0.74951171875 0.0927734375 0.0849609375
1 0.6142578125 0.6640625 0.083984375 0.095703125
1 0.59716796875 0.689453125 0.0908203125 0.1015625
1 0.64013671875 0.50927734375 0.0830078125 0.0947265625
1 0.61328125 0.52783203125 0.08203125 0.0966796875
1 0.59033203125 0.54248046875 0.0830078125 0.0927734375
1 0.568359375 0.4208984375 0.08203125 0.091796875
1 0.58251953125 0.390625 0.0869140625 0.1015625
1 0.60595703125 0.37451171875 0.0849609375 0.0986328125
1 0.63623046875 0.22705078125 0.0869140625 0.0966796875
1 0.63525390625 0.267578125 0.0830078125 0.09375
1 0.58984375 0.25927734375 0.087890625 0.1025390625
1 0.501953125 0.29638671875 0.0859375 0.0966796875
1 0.49169921875 0.33154296875 0.0888671875 0.1005859375
1 0.37060546875 0.74658203125 0.0947265625 0.0869140625
1 0.361328125 0.70751953125 0.072265625 0.0654296875
1 0.296875 0.76171875 0.0625 0.056640625
1 0.23583984375 0.77294921875 0.0966796875 0.0849609375
1 0.17529296875 0.705078125 0.0947265625 0.0859375
1 0.15478515625 0.6826171875 0.0986328125 0.0859375
1 0.1376953125 0.6591796875 0.095703125 0.0859375
1 0.115234375 0.63671875 0.095703125 0.083984375
1 0.095703125 0.61474609375 0.095703125 0.0849609375
1 0.07568359375 0.59228515625 0.0947265625 0.0849609375
1 0.15283203125 0.48828125 0.0966796875 0.083984375
1 0.1298828125 0.46923828125 0.095703125 0.0830078125
1 0.11083984375 0.44287109375 0.0673828125 0.0634765625
1 0.08984375 0.41845703125 0.06640625 0.0576171875
1 0.05419921875 0.5693359375 0.0947265625 0.083984375
1 0.0419921875 0.54638671875 0.08203125 0.0830078125
1 0.03173828125 0.51611328125 0.0615234375 0.0693359375
1 0.02392578125 0.48095703125 0.0458984375 0.0576171875
1 0.068359375 0.3984375 0.099609375 0.087890625
1 0.640625 0.64697265625 0.083984375 0.0947265625
0 0.900390625 0.55419921875 0.048828125 0.0439453125
0 0.9150390625 0.03271484375 0.046875 0.0361328125
0 0.904296875 0.01611328125 0.05078125 0.0302734375
0 0.96630859375 0.1357421875 0.0517578125 0.03515625
0 0.98779296875 0.32421875 0.0244140625 0.04296875
0 0.95849609375 0.2841796875 0.0595703125 0.064453125
0 0.9765625 0.24560546875 0.046875 0.0419921875
0 0.9130859375 0.2275390625 0.060546875 0.068359375
0 0.96875 0.2216796875 0.0625 0.046875
0 0.98291015625 0.18994140625 0.0341796875 0.0341796875
0 0.95068359375 0.20947265625 0.0419921875 0.0380859375
0 0.94140625 0.193359375 0.046875 0.0390625
0 0.9775390625 0.17236328125 0.044921875 0.0341796875
0 0.93359375 0.17138671875 0.05078125 0.0419921875
0 0.97119140625 0.154296875 0.0400390625 0.029296875
1 0.6748046875 0.4638671875 0.08203125 0.09375
1 0.9189453125 0.4208984375 0.091796875 0.103515625
1 0.94091796875 0.40283203125 0.0947265625 0.1044921875
1 0.8251953125 0.26708984375 0.09375 0.1064453125
1 0.7880859375 0.26904296875 0.091796875 0.1044921875
1 0.75732421875 0.2763671875 0.0849609375 0.09375
1 0.73046875 0.29052734375 0.083984375 0.0966796875
1 0.6689453125 0.353515625 0.087890625 0.099609375
1 0.82373046875 0.123046875 0.0927734375 0.103515625
1 0.7724609375 0.10693359375 0.083984375 0.0927734375
1 0.75244140625 0.13232421875 0.0869140625 0.0986328125
1 0.69775390625 0.15771484375 0.0869140625 0.1025390625
1 0.6806640625 0.18359375 0.083984375 0.09375
1 0.65478515625 0.20068359375 0.0849609375 0.0966796875
1 0.658203125 0.48583984375 0.08984375 0.0986328125
1 0.6640625 0.63037109375 0.08203125 0.0927734375
1 0.69140625 0.61962890625 0.08984375 0.1005859375
0 0.60205078125 0.8037109375 0.0595703125 0.056640625
0 0.61865234375 0.82568359375 0.0341796875 0.0400390625
0 0.72900390625 0.89404296875 0.0322265625 0.0400390625
0 0.0224609375 0.26708984375 0.037109375 0.0380859375
0 0.07373046875 0.3349609375 0.0380859375 0.03515625
0 0.06494140625 0.31787109375 0.0498046875 0.0458984375
1 0.77880859375 0.53466796875 0.0810546875 0.0888671875
1 0.7568359375 0.55859375 0.087890625 0.095703125
1 0.73486328125 0.576171875 0.0869140625 0.095703125
1 0.71630859375 0.599609375 0.0869140625 0.099609375
