1 0.587890625 0.3759765625 0.099609375 0.021484375
1 0.57275390625 0.40087890625 0.1005859375 0.0205078125
1 0.4755859375 0.50439453125 0.09765625 0.0224609375
1 0.52001953125 0.45263671875 0.0966796875 0.0224609375
1 0.49853515625 0.47900390625 0.0986328125 0.0224609375
1 0.39697265625 0.4912109375 0.0810546875 0.083984375
1 0.34228515625 0.50390625 0.0791015625 0.078125
1 0.31640625 0.439453125 0.025390625 0.099609375
1 0.34228515625 0.4130859375 0.0302734375 0.099609375
1 0.47021484375 0.4150390625 0.0849609375 0.087890625
1 0.36572265625 0.39208984375 0.0361328125 0.1005859375
1 0.42529296875 0.41943359375 0.0810546875 0.0869140625
1 0.388671875 0.359375 0.029296875 0.08984375
1 0.412109375 0.34423828125 0.029296875 0.0947265625
1 0.54345703125 0.33740234375 0.0791015625 0.0791015625
1 0.5244140625 0.32470703125 0.080078125 0.0830078125
1 0.4365234375 0.31396484375 0.02734375 0.0966796875
1 0.45166015625 0.529296875 0.0966796875 0.021484375
1 0.4248046875 0.55517578125 0.09765625 0.0263671875
1 0.4013671875 0.580078125 0.099609375 0.02734375
1 0.33447265625 0.650390625 0.0986328125 0.02734375
1 0.54296875 0.42626953125 0.095703125 0.0244140625
1 0.11181640625 0.9462890625 0.0830078125 0.083984375
1 0.1923828125 0.865234375 0.08203125 0.083984375
1 0.283203125 0.76318359375 0.076171875 0.0830078125
1 0.12060546875 0.67431640625 0.0888671875 0.0791015625
1 0.32080078125 0.67578125 0.0986328125 0.02734375
1 0.359375 0.62841796875 0.1015625 0.0283203125
1 0.27685546875 0.57763671875 0.0810546875 0.0869140625
1 0.3828125 0.6025390625 0.103515625 0.02734375
1 0.1982421875 0.5703125 0.025390625 0.109375
1 0.22216796875 0.544921875 0.0263671875 0.109375
1 0.24609375 0.515625 0.029296875 0.095703125
1 0.2705078125 0.48828125 0.0234375 0.095703125
1 0.2958984375 0.4599609375 0.021484375 0.09375
1 0.45947265625 0.29443359375 0.0302734375 0.0908203125
