1 0.96923828125 0.744140625 0.0537109375 0.017578125
1 0.02978515625 0.29638671875 0.0576171875 0.0185546875
1 0.0244140625 0.41455078125 0.046875 0.0166015625
1 0.02490234375 0.39892578125 0.0478515625 0.0205078125
1 0.02685546875 0.36669921875 0.0517578125 0.0166015625
1 0.02685546875 0.35205078125 0.0517578125 0.0185546875
1 0.0283203125 0.32421875 0.0546875 0.017578125
1 0.02880859375 0.3095703125 0.0556640625 0.015625
1 0.03076171875 0.27978515625 0.0595703125 0.0166015625
1 0.00537109375 0.1845703125 0.0087890625 0.0546875
1 0.1142578125 0.19482421875 0.01953125 0.0556640625
1 0.07275390625 0.19140625 0.0166015625 0.0546875
1 0.04443359375 0.18798828125 0.0166015625 0.0537109375
1 0.02978515625 0.18603515625 0.0166015625 0.0556640625
1 0.0185546875 0.54443359375 0.03515625 0.0166015625
1 0.02001953125 0.52978515625 0.0380859375 0.0166015625
1 0.02001953125 0.515625 0.0380859375 0.017578125
1 0.02099609375 0.50146484375 0.0400390625 0.0166015625
1 0.021484375 0.48779296875 0.041015625 0.0166015625
1 0.02197265625 0.47265625 0.0419921875 0.017578125
1 0.01611328125 0.18505859375 0.0146484375 0.0556640625
1 0.88037109375 0.51318359375 0.0185546875 0.0791015625
1 0.5537109375 0.236328125 0.017578125 0.0546875
1 0.69775390625 0.25 0.0146484375 0.0546875
1 0.68359375 0.248046875 0.015625 0.0546875
1 0.6689453125 0.2470703125 0.015625 0.0546875
1 0.640625 0.24462890625 0.017578125 0.0556640625
1 0.62548828125 0.2431640625 0.0166015625 0.0546875
1 0.61181640625 0.24169921875 0.0146484375 0.0537109375
1 0.59619140625 0.23974609375 0.0166015625 0.0537109375
1 0.56787109375 0.23779296875 0.0146484375 0.0537109375
1 0.5390625 0.23486328125 0.017578125 0.0556640625
1 0.5244140625 0.2333984375 0.017578125 0.0546875
1 0.51025390625 0.232421875 0.0166015625 0.0546875
1 0.49560546875 0.23095703125 0.0185546875 0.0537109375
1 0.3154296875 0.7900390625 0.015625 0.08203125
1 0.30126953125 0.7880859375 0.0185546875 0.08203125
1 0.287109375 0.78662109375 0.01953125 0.0830078125
1 0.27294921875 0.78662109375 0.0185546875 0.0810546875
1 0.2568359375 0.78515625 0.01953125 0.08203125
1 0.71240234375 0.25048828125 0.0166015625 0.0537109375
1 0.72607421875 0.2529296875 0.0166015625 0.0546875
1 0.74072265625 0.25390625 0.0166015625 0.0546875
1 0.755859375 0.255859375 0.013671875 0.0546875
1 0.75341796875 0.95654296875 0.0810546875 0.0166015625
1 0.66650390625 0.95166015625 0.0810546875 0.0166015625
1 0.57861328125 0.94677734375 0.0791015625 0.0185546875
1 0.4921875 0.94189453125 0.08203125 0.0185546875
1 0.48876953125 0.92626953125 0.0791015625 0.0166015625
1 0.3994140625 0.9375 0.08203125 0.017578125
1 0.75634765625 0.81103515625 0.0185546875 0.0810546875
1 0.74169921875 0.8125 0.0166015625 0.080078125
1 0.7509765625 0.72509765625 0.01953125 0.0810546875
1 0.73828125 0.6982421875 0.017578125 0.0546875
1 0.72412109375 0.697265625 0.0166015625 0.052734375
1 0.70849609375 0.69580078125 0.0146484375 0.0537109375
1 0.6943359375 0.6943359375 0.017578125 0.0546875
1 0.814453125 0.26171875 0.015625 0.0546875
1 0.7998046875 0.2607421875 0.015625 0.052734375
1 0.78515625 0.25732421875 0.013671875 0.0537109375
1 0.7705078125 0.255859375 0.015625 0.0546875
1 0.244140625 0.78466796875 0.01953125 0.0830078125
1 0.228515625 0.78173828125 0.017578125 0.0830078125
1 0.21435546875 0.7822265625 0.0185546875 0.083984375
1 0.4814453125 0.22998046875 0.015625 0.0537109375
1 0.453125 0.22705078125 0.015625 0.0556640625
1 0.43798828125 0.224609375 0.0166015625 0.0546875
1 0.423828125 0.22412109375 0.015625 0.0537109375
1 0.40869140625 0.22216796875 0.0166015625 0.0556640625
1 0.33154296875 0.26513671875 0.0830078125 0.0185546875
1 0.3330078125 0.24951171875 0.08203125 0.0205078125
1 0.2578125 0.20849609375 0.015625 0.0537109375
1 0.24462890625 0.20703125 0.0185546875 0.0546875
1 0.17236328125 0.201171875 0.0166015625 0.0546875
1 0.158203125 0.19873046875 0.015625 0.0537109375
1 0.14404296875 0.197265625 0.0166015625 0.0546875
1 0.1298828125 0.19580078125 0.017578125 0.0537109375
1 0.09326171875 0.73095703125 0.0498046875 0.0478515625
1 0.03466796875 0.67626953125 0.0166015625 0.0537109375
1 0.01953125 0.67333984375 0.017578125 0.0537109375
1 0.46728515625 0.22802734375 0.0166015625 0.0537109375
1 0.1259765625 0.46728515625 0.052734375 0.0166015625
1 0.2001953125 0.77978515625 0.017578125 0.0791015625
1 0.12451171875 0.4814453125 0.0537109375 0.015625
1 0.32373046875 0.703125 0.0185546875 0.08203125
1 0.30908203125 0.70166015625 0.0166015625 0.0810546875
1 0.294921875 0.701171875 0.01953125 0.08203125
1 0.2802734375 0.69921875 0.017578125 0.08203125
1 0.26513671875 0.69775390625 0.0185546875 0.0810546875
1 0.25146484375 0.6953125 0.0185546875 0.08203125
1 0.2373046875 0.69384765625 0.01953125 0.0810546875
1 0.2236328125 0.693359375 0.01953125 0.08203125
1 0.1748046875 0.72900390625 0.021484375 0.0810546875
1 0.189453125 0.73583984375 0.01953125 0.0849609375
1 0.2080078125 0.69384765625 0.01953125 0.0830078125
1 0.1103515625 0.62451171875 0.080078125 0.0205078125
1 0.11865234375 0.55224609375 0.0537109375 0.0146484375
1 0.119140625 0.53955078125 0.0546875 0.0166015625
1 0.12109375 0.5244140625 0.0546875 0.017578125
1 0.123046875 0.51025390625 0.0546875 0.0166015625
1 0.12353515625 0.49560546875 0.0537109375 0.0185546875
