1 0.02490234375 0.427734375 0.0478515625 0.078125
1 0.015625 0.4619140625 0.029296875 0.052734375
1 0.11474609375 0.4501953125 0.1123046875 0.1328125
1 0.0869140625 0.466796875 0.111328125 0.130859375
1 0.09423828125 0.5234375 0.1142578125 0.12890625
1 0.07763671875 0.5517578125 0.1201171875 0.119140625
1 0.171875 0.62158203125 0.048828125 0.0673828125
1 0.19287109375 0.64697265625 0.0478515625 0.0654296875
1 0.212890625 0.6748046875 0.05078125 0.072265625
1 0.01953125 0.37158203125 0.037109375 0.0595703125
1 0.03173828125 0.33935546875 0.0615234375 0.0947265625
1 0.0283203125 0.146484375 0.0546875 0.0859375
1 0.044921875 0.1171875 0.087890625 0.125
1 0.05859375 0.09619140625 0.11328125 0.1298828125
1 0.12890625 0.02392578125 0.072265625 0.0458984375
1 0.9384765625 0.396484375 0.123046875 0.115234375
1 0.97021484375 0.23486328125 0.0595703125 0.0654296875
1 0.90087890625 0.2998046875 0.0947265625 0.083984375
1 0.8232421875 0.23974609375 0.138671875 0.1142578125
1 0.9453125 0.13525390625 0.109375 0.1083984375
1 0.61865234375 0.26806640625 0.0810546875 0.0947265625
1 0.69580078125 0.0166015625 0.0556640625 0.03125
1 0.9482421875 0.4326171875 0.103515625 0.099609375
1 0.958984375 0.462890625 0.08203125 0.080078125
1 0.37744140625 0.3125 0.0830078125 0.095703125
1 0.4501953125 0.40185546875 0.080078125 0.0966796875
1 0.41162109375 0.40087890625 0.1142578125 0.1337890625
1 0.38427734375 0.42138671875 0.1142578125 0.1357421875
1 0.3642578125 0.470703125 0.08203125 0.09375
1 0.34033203125 0.49267578125 0.0830078125 0.0947265625
1 0.22802734375 0.40283203125 0.1123046875 0.1376953125
1 0.24951171875 0.37841796875 0.1142578125 0.1376953125
1 0.2744140625 0.3583984375 0.11328125 0.1328125
1 0.30126953125 0.21875 0.0810546875 0.09765625
1 0.30078125 0.2685546875 0.1171875 0.138671875
1 0.27685546875 0.28857421875 0.1162109375 0.1357421875
1 0.119140625 0.26611328125 0.11328125 0.1357421875
1 0.14208984375 0.24609375 0.1123046875 0.130859375
1 0.1650390625 0.2265625 0.115234375 0.1328125
1 0.37353515625 0.1572265625 0.0849609375 0.095703125
1 0.19580078125 0.1376953125 0.1123046875 0.1328125
1 0.16845703125 0.15576171875 0.1162109375 0.1376953125
1 0.15966796875 0.03466796875 0.0966796875 0.0673828125
1 0.60400390625 0.08154296875 0.1357421875 0.1181640625
1 0.58544921875 0.0595703125 0.1376953125 0.119140625
1 0.5595703125 0.048828125 0.130859375 0.095703125
1 0.52685546875 0.03466796875 0.0986328125 0.0673828125
1 0.494140625 0.0205078125 0.064453125 0.0390625
1 0.455078125 0.01416015625 0.048828125 0.0263671875
