0 0.52685546875 0.3916015625 0.0361328125 0.01953125
1 0.201171875 0.68359375 0.052734375 0.087890625
1 0.2412109375 0.572265625 0.091796875 0.0234375
1 0.34912109375 0.58544921875 0.0947265625 0.0283203125
1 0.2373046875 0.59814453125 0.095703125 0.0224609375
1 0.35546875 0.61181640625 0.1015625 0.0322265625
1 0.23828125 0.623046875 0.095703125 0.021484375
1 0.35498046875 0.6396484375 0.0830078125 0.03125
1 0.4833984375 0.60888671875 0.095703125 0.0263671875
1 0.49560546875 0.64306640625 0.0986328125 0.0302734375
1 0.2314453125 0.6865234375 0.056640625 0.09765625
0 0.5322265625 0.41650390625 0.033203125 0.0185546875
1 0.2568359375 0.6904296875 0.056640625 0.099609375
1 0.2802734375 0.701171875 0.044921875 0.08203125
1 0.31005859375 0.701171875 0.0517578125 0.09765625
1 0.333984375 0.70849609375 0.0546875 0.0927734375
1 0.359375 0.712890625 0.056640625 0.09375
1 0.38623046875 0.71630859375 0.0537109375 0.0947265625
1 0.41015625 0.7275390625 0.05078125 0.08203125
1 0.4365234375 0.7314453125 0.048828125 0.083984375
1 0.21435546875 0.48046875 0.0419921875 0.10546875
1 0.23828125 0.46435546875 0.041015625 0.0986328125
1 0.26806640625 0.47265625 0.0380859375 0.1015625
1 0.2958984375 0.4833984375 0.041015625 0.103515625
1 0.52197265625 0.09033203125 0.0361328125 0.1025390625
1 0.54931640625 0.0869140625 0.0341796875 0.095703125
1 0.57470703125 0.08837890625 0.0283203125 0.0947265625
1 0.5986328125 0.08642578125 0.029296875 0.0927734375
1 0.7109375 0.50439453125 0.041015625 0.0966796875
1 0.6845703125 0.49609375 0.041015625 0.103515625
1 0.59228515625 0.5009765625 0.0361328125 0.095703125
1 0.5634765625 0.50244140625 0.0390625 0.0986328125
1 0.53564453125 0.49658203125 0.0400390625 0.0947265625
1 0.5107421875 0.494140625 0.037109375 0.091796875
1 0.482421875 0.49365234375 0.03515625 0.0947265625
1 0.455078125 0.49267578125 0.0390625 0.0966796875
1 0.4287109375 0.4921875 0.041015625 0.09765625
1 0.4013671875 0.48828125 0.0390625 0.09375
1 0.37451171875 0.48974609375 0.0400390625 0.1005859375
1 0.3486328125 0.484375 0.0390625 0.095703125
1 0.32275390625 0.48095703125 0.0380859375 0.0947265625
1 0.46435546875 0.72998046875 0.0556640625 0.0966796875
1 0.48828125 0.73583984375 0.0546875 0.0927734375
1 0.51611328125 0.740234375 0.0576171875 0.095703125
0 0.52783203125 0.8857421875 0.0185546875 0.033203125
1 0.541015625 0.74658203125 0.0546875 0.0908203125
1 0.56982421875 0.7509765625 0.0556640625 0.099609375
1 0.20068359375 0.8212890625 0.0341796875 0.1015625
1 0.22607421875 0.82080078125 0.0341796875 0.0966796875
1 0.25244140625 0.82861328125 0.0361328125 0.0927734375
1 0.27783203125 0.833984375 0.0341796875 0.09765625
1 0.30712890625 0.83837890625 0.0322265625 0.0888671875
1 0.3330078125 0.84326171875 0.03515625 0.0908203125
1 0.3603515625 0.8515625 0.033203125 0.09765625
1 0.38720703125 0.85693359375 0.0341796875 0.0966796875
1 0.41455078125 0.85986328125 0.0361328125 0.0986328125
1 0.44189453125 0.86181640625 0.0322265625 0.0947265625
1 0.4716796875 0.87255859375 0.03515625 0.0927734375
1 0.49609375 0.87744140625 0.033203125 0.0947265625
1 0.57421875 0.8974609375 0.03125 0.064453125
1 0.2470703125 0.9921875 0.02734375 0.015625
1 0.49365234375 0.09375 0.0400390625 0.103515625
