1 0.60400390625 0.27197265625 0.0830078125 0.0205078125
1 0.40771484375 0.3681640625 0.0205078125 0.08203125
1 0.54638671875 0.39990234375 0.0537109375 0.0185546875
1 0.607421875 0.39111328125 0.0546875 0.0166015625
1 0.5947265625 0.37353515625 0.08203125 0.0244140625
1 0.599609375 0.34228515625 0.080078125 0.0185546875
1 0.59912109375 0.32763671875 0.0810546875 0.0205078125
1 0.60205078125 0.2998046875 0.0810546875 0.01953125
1 0.6025390625 0.28564453125 0.08203125 0.0166015625
1 0.60595703125 0.255859375 0.0830078125 0.017578125
1 0.5888671875 0.1611328125 0.015625 0.0546875
1 0.4638671875 0.28564453125 0.01953125 0.0810546875
1 0.44775390625 0.28369140625 0.0185546875 0.0830078125
1 0.43212890625 0.28173828125 0.0185546875 0.0810546875
1 0.4150390625 0.28173828125 0.01953125 0.0810546875
1 0.701171875 0.17138671875 0.01953125 0.0556640625
1 0.65966796875 0.16796875 0.0166015625 0.0546875
1 0.63134765625 0.16455078125 0.0166015625 0.0537109375
1 0.61669921875 0.16259765625 0.0166015625 0.0556640625
1 0.4228515625 0.369140625 0.021484375 0.08203125
1 0.439453125 0.36865234375 0.0234375 0.0830078125
1 0.45556640625 0.37158203125 0.0205078125 0.0810546875
1 0.39794921875 0.45068359375 0.0224609375 0.0810546875
1 0.47607421875 0.6240234375 0.0185546875 0.0546875
1 0.4619140625 0.6123046875 0.017578125 0.052734375
1 0.4482421875 0.60302734375 0.017578125 0.0556640625
1 0.59619140625 0.5205078125 0.0537109375 0.017578125
1 0.5361328125 0.51513671875 0.0546875 0.0166015625
1 0.59814453125 0.505859375 0.0556640625 0.017578125
1 0.53759765625 0.50048828125 0.0537109375 0.0166015625
1 0.5986328125 0.49169921875 0.0546875 0.0185546875
1 0.5390625 0.4873046875 0.0546875 0.017578125
1 0.599609375 0.4775390625 0.056640625 0.017578125
1 0.53857421875 0.47216796875 0.0556640625 0.0166015625
1 0.60107421875 0.4638671875 0.0556640625 0.017578125
1 0.60205078125 0.44873046875 0.0556640625 0.0185546875
1 0.541015625 0.4580078125 0.0546875 0.01953125
1 0.44677734375 0.45654296875 0.0185546875 0.0830078125
1 0.43017578125 0.4541015625 0.0205078125 0.08203125
1 0.4150390625 0.45263671875 0.0234375 0.0830078125
1 0.60302734375 0.16162109375 0.0146484375 0.0556640625
1 0.57421875 0.16064453125 0.015625 0.0556640625
1 0.2529296875 0.3125 0.01953125 0.08203125
1 0.296875 0.3564453125 0.017578125 0.08203125
1 0.28125 0.35498046875 0.01953125 0.0810546875
1 0.26513671875 0.35205078125 0.0205078125 0.0810546875
1 0.3369140625 0.275390625 0.017578125 0.080078125
1 0.322265625 0.275390625 0.01953125 0.08203125
1 0.30615234375 0.2685546875 0.0205078125 0.080078125
1 0.28955078125 0.27001953125 0.0185546875 0.0810546875
1 0.2744140625 0.26806640625 0.01953125 0.0830078125
1 0.23828125 0.31005859375 0.021484375 0.0810546875
1 0.560546875 0.158203125 0.015625 0.0546875
1 0.1474609375 0.3759765625 0.0546875 0.017578125
1 0.1484375 0.3603515625 0.056640625 0.01953125
1 0.1513671875 0.345703125 0.0546875 0.017578125
1 0.15185546875 0.3310546875 0.0576171875 0.01953125
1 0.15625 0.30224609375 0.0546875 0.0185546875
1 0.158203125 0.2880859375 0.056640625 0.01953125
1 0.1591796875 0.27392578125 0.056640625 0.0166015625
1 0.35107421875 0.16015625 0.0810546875 0.02734375
1 0.3125 0.3603515625 0.01953125 0.08203125
1 0.328125 0.36083984375 0.021484375 0.0810546875
1 0.24365234375 0.3974609375 0.0224609375 0.08203125
1 0.18896484375 0.36962890625 0.0205078125 0.0810546875
1 0.544921875 0.15625 0.015625 0.056640625
1 0.51708984375 0.15380859375 0.0166015625 0.0556640625
1 0.50390625 0.1533203125 0.015625 0.0546875
1 0.48876953125 0.1513671875 0.0166015625 0.0546875
1 0.47412109375 0.14990234375 0.0166015625 0.0537109375
1 0.458984375 0.14990234375 0.017578125 0.0537109375
1 0.4453125 0.14697265625 0.017578125 0.0517578125
1 0.4306640625 0.14697265625 0.015625 0.0556640625
1 0.3818359375 0.45068359375 0.0234375 0.0830078125
1 0.267578125 0.52783203125 0.078125 0.0478515625
1 0.193359375 0.47509765625 0.025390625 0.0341796875
1 0.18408203125 0.43408203125 0.0126953125 0.0419921875
1 0.31982421875 0.44775390625 0.0205078125 0.0810546875
1 0.3037109375 0.44580078125 0.021484375 0.0810546875
1 0.28759765625 0.4423828125 0.0205078125 0.083984375
1 0.27197265625 0.4375 0.0205078125 0.08203125
1 0.25537109375 0.43701171875 0.0224609375 0.0810546875
1 0.48974609375 0.63134765625 0.0185546875 0.0537109375
1 0.50341796875 0.640625 0.0166015625 0.0546875
1 0.51904296875 0.64111328125 0.0166015625 0.0537109375
1 0.5322265625 0.64306640625 0.017578125 0.0556640625
1 0.90234375 0.7666015625 0.015625 0.08203125
1 0.88818359375 0.7646484375 0.0185546875 0.08203125
1 0.8740234375 0.76318359375 0.01953125 0.0830078125
1 0.85986328125 0.76318359375 0.0185546875 0.0810546875
1 0.84375 0.76171875 0.01953125 0.08203125
1 0.97265625 0.9130859375 0.0546875 0.015625
1 0.8310546875 0.76123046875 0.01953125 0.0830078125
1 0.8154296875 0.75830078125 0.017578125 0.0830078125
1 0.80126953125 0.7587890625 0.0185546875 0.083984375
1 0.99365234375 0.19873046875 0.0126953125 0.0556640625
1 0.91845703125 0.24169921875 0.0830078125 0.0185546875
1 0.919921875 0.22607421875 0.08203125 0.0205078125
1 0.8447265625 0.18505859375 0.015625 0.0537109375
1 0.83154296875 0.18359375 0.0185546875 0.0546875
1 0.75927734375 0.177734375 0.0166015625 0.0546875
1 0.7451171875 0.17529296875 0.015625 0.0537109375
1 0.73095703125 0.173828125 0.0166015625 0.0546875
1 0.716796875 0.17236328125 0.017578125 0.0537109375
1 0.68017578125 0.70751953125 0.0498046875 0.0478515625
1 0.62158203125 0.65283203125 0.0166015625 0.0537109375
1 0.6064453125 0.64990234375 0.017578125 0.0537109375
1 0.5615234375 0.646484375 0.017578125 0.0546875
1 0.546875 0.64453125 0.017578125 0.0546875
1 0.712890625 0.44384765625 0.052734375 0.0166015625
1 0.787109375 0.75634765625 0.017578125 0.0791015625
1 0.71142578125 0.4580078125 0.0537109375 0.015625
1 0.91064453125 0.6796875 0.0185546875 0.08203125
1 0.89599609375 0.67822265625 0.0166015625 0.0810546875
1 0.8818359375 0.677734375 0.01953125 0.08203125
1 0.8671875 0.67578125 0.017578125 0.08203125
1 0.85205078125 0.67431640625 0.0185546875 0.0810546875
1 0.83837890625 0.671875 0.0185546875 0.08203125
1 0.82421875 0.67041015625 0.01953125 0.0810546875
1 0.810546875 0.669921875 0.01953125 0.08203125
1 0.76171875 0.70556640625 0.021484375 0.0810546875
1 0.7763671875 0.71240234375 0.01953125 0.0849609375
1 0.794921875 0.67041015625 0.01953125 0.0830078125
1 0.697265625 0.60107421875 0.080078125 0.0205078125
1 0.70556640625 0.52880859375 0.0537109375 0.0146484375
1 0.7060546875 0.51611328125 0.0546875 0.0166015625
1 0.7080078125 0.5009765625 0.0546875 0.017578125
1 0.7099609375 0.48681640625 0.0546875 0.0166015625
1 0.71044921875 0.47216796875 0.0537109375 0.0185546875
1 0.26318359375 0.18408203125 0.0751953125 0.0458984375
