1 0.21435546875 0.931640625 0.0830078125 0.072265625
1 0.43212890625 0.79931640625 0.1103515625 0.1123046875
1 0.1064453125 0.79638671875 0.080078125 0.0712890625
1 0.1357421875 0.83642578125 0.083984375 0.0732421875
1 0.15625 0.8525390625 0.083984375 0.07421875
1 0.16943359375 0.87353515625 0.0810546875 0.0712890625
1 0.18408203125 0.89404296875 0.0830078125 0.0712890625
1 0.2314453125 0.95166015625 0.080078125 0.0712890625
1 0.400390625 0.75634765625 0.109375 0.1103515625
1 0.24755859375 0.96630859375 0.0830078125 0.0673828125
1 0.2880859375 0.98095703125 0.05859375 0.0380859375
1 0.44775390625 0.8232421875 0.1103515625 0.111328125
1 0.416015625 0.77734375 0.109375 0.11328125
1 0.3837890625 0.7333984375 0.109375 0.109375
1 0.4814453125 0.86572265625 0.109375 0.1123046875
1 0.49169921875 0.45947265625 0.0673828125 0.0751953125
1 0.3623046875 0.28955078125 0.0625 0.0771484375
1 0.37939453125 0.30615234375 0.0634765625 0.0751953125
1 0.4072265625 0.34423828125 0.06640625 0.0771484375
1 0.44873046875 0.40234375 0.0654296875 0.07421875
1 0.462890625 0.421875 0.064453125 0.07421875
1 0.474609375 0.4423828125 0.068359375 0.076171875
1 0.5166015625 0.50146484375 0.076171875 0.0849609375
1 0.36865234375 0.71240234375 0.1123046875 0.1103515625
1 0.2724609375 0.5439453125 0.0703125 0.072265625
1 0.283203125 0.572265625 0.0703125 0.068359375
1 0.30224609375 0.59130859375 0.0693359375 0.0693359375
1 0.3359375 0.6708984375 0.111328125 0.111328125
1 0.119140625 0.71533203125 0.060546875 0.0966796875
1 0.3505859375 0.69482421875 0.109375 0.1103515625
1 0.46484375 0.8427734375 0.109375 0.111328125
1 0.4990234375 0.88623046875 0.107421875 0.1123046875
0 0.916015625 0.76806640625 0.03515625 0.0400390625
0 0.4912109375 0.26220703125 0.03515625 0.0400390625
0 0.34765625 0.06396484375 0.033203125 0.0380859375
0 0.42236328125 0.10693359375 0.0400390625 0.0458984375
0 0.62646484375 0.40625 0.0400390625 0.041015625
0 0.66650390625 0.333984375 0.0361328125 0.041015625
0 0.64404296875 0.1845703125 0.0341796875 0.03515625
0 0.8076171875 0.18994140625 0.0546875 0.0419921875
0 0.80712890625 0.51611328125 0.0341796875 0.0361328125
0 0.84521484375 0.67724609375 0.0439453125 0.0458984375
0 0.91845703125 0.7314453125 0.0400390625 0.044921875
1 0.51513671875 0.9091796875 0.1103515625 0.111328125
1 0.6787109375 0.73095703125 0.072265625 0.0830078125
1 0.55615234375 0.56884765625 0.0751953125 0.0849609375
1 0.5732421875 0.587890625 0.07421875 0.083984375
1 0.63818359375 0.666015625 0.0732421875 0.0859375
1 0.66748046875 0.70849609375 0.0732421875 0.0830078125
1 0.69775390625 0.74853515625 0.0712890625 0.0830078125
1 0.61474609375 0.990234375 0.0322265625 0.01953125
1 0.71435546875 0.76708984375 0.0673828125 0.0751953125
1 0.7255859375 0.79296875 0.064453125 0.07421875
1 0.74072265625 0.81201171875 0.0673828125 0.0771484375
1 0.5595703125 0.9384765625 0.076171875 0.078125
1 0.7412109375 0.92919921875 0.0625 0.0791015625
1 0.58251953125 0.982421875 0.0498046875 0.03515625
1 0.34765625 0.26904296875 0.056640625 0.0693359375
