1 0.85791015625 0.02490234375 0.0751953125 0.0478515625
1 0.51611328125 0.3994140625 0.0712890625 0.08984375
1 0.5361328125 0.4140625 0.07421875 0.08984375
1 0.58203125 0.0380859375 0.11328125 0.07421875
1 0.62744140625 0.03515625 0.1044921875 0.068359375
1 0.72265625 0.03125 0.095703125 0.060546875
1 0.76953125 0.029296875 0.09375 0.056640625
1 0.8154296875 0.02685546875 0.083984375 0.0517578125
1 0.73876953125 0.107421875 0.1259765625 0.1015625
1 0.57763671875 0.44482421875 0.0712890625 0.0888671875
1 0.6943359375 0.11279296875 0.125 0.1005859375
1 0.681640625 0.13720703125 0.123046875 0.0986328125
1 0.78369140625 0.10595703125 0.1259765625 0.1005859375
1 0.83056640625 0.103515625 0.1259765625 0.09765625
1 0.60595703125 0.1875 0.1259765625 0.099609375
1 0.64453125 0.24755859375 0.125 0.1025390625
1 0.7236328125 0.27392578125 0.126953125 0.1005859375
1 0.7666015625 0.33740234375 0.123046875 0.1005859375
1 0.8505859375 0.36865234375 0.126953125 0.0986328125
1 0.4970703125 0.3837890625 0.072265625 0.08984375
1 0.47412109375 0.3681640625 0.0751953125 0.087890625
1 0.45556640625 0.353515625 0.0732421875 0.08984375
1 0.4345703125 0.337890625 0.072265625 0.08984375
1 0.4033203125 0.07275390625 0.125 0.1025390625
1 0.384765625 0.09326171875 0.126953125 0.1005859375
1 0.11083984375 0.0830078125 0.0732421875 0.091796875
1 0.15185546875 0.11279296875 0.0712890625 0.0908203125
1 0.173828125 0.1279296875 0.072265625 0.08984375
1 0.1943359375 0.1435546875 0.07421875 0.087890625
1 0.20361328125 0.171875 0.0732421875 0.087890625
1 0.22705078125 0.18603515625 0.0712890625 0.0888671875
1 0.24755859375 0.2021484375 0.0732421875 0.087890625
1 0.26708984375 0.2177734375 0.0732421875 0.08984375
1 0.2880859375 0.232421875 0.07421875 0.087890625
1 0.3095703125 0.248046875 0.072265625 0.091796875
1 0.330078125 0.26123046875 0.07421875 0.0888671875
1 0.3505859375 0.27685546875 0.07421875 0.0908203125
1 0.37158203125 0.29248046875 0.0732421875 0.0888671875
1 0.3916015625 0.30810546875 0.072265625 0.0888671875
1 0.4130859375 0.32275390625 0.072265625 0.0908203125
1 0.48486328125 0.099609375 0.1279296875 0.10546875
1 0.521484375 0.15869140625 0.126953125 0.0986328125
1 0.55712890625 0.4296875 0.0712890625 0.087890625
1 0.599609375 0.4609375 0.072265625 0.087890625
0 0.12939453125 0.01806640625 0.0341796875 0.0341796875
0 0.11328125 0.01220703125 0.029296875 0.0224609375
1 0.619140625 0.47412109375 0.07421875 0.0888671875
0 0.9091796875 0.013671875 0.0390625 0.025390625
0 0.92578125 0.02783203125 0.0390625 0.0302734375
0 0.9501953125 0.037109375 0.04296875 0.03515625
0 0.96923828125 0.052734375 0.0400390625 0.029296875
0 0.99365234375 0.0849609375 0.0126953125 0.0234375
1 0.6416015625 0.48876953125 0.07421875 0.0888671875
1 0.66162109375 0.50439453125 0.0732421875 0.0908203125
1 0.68212890625 0.51904296875 0.0732421875 0.0888671875
1 0.70166015625 0.53515625 0.0732421875 0.08984375
1 0.7255859375 0.54931640625 0.072265625 0.0888671875
1 0.74462890625 0.5654296875 0.0712890625 0.08984375
1 0.765625 0.58154296875 0.07421875 0.0908203125
1 0.7861328125 0.59619140625 0.076171875 0.0908203125
1 0.8056640625 0.61181640625 0.072265625 0.0888671875
1 0.82763671875 0.62744140625 0.0712890625 0.0888671875
1 0.8720703125 0.095703125 0.126953125 0.1015625
1 0.9130859375 0.091796875 0.125 0.1015625
1 0.94775390625 0.08642578125 0.1044921875 0.0966796875
1 0.90234375 0.19287109375 0.130859375 0.1005859375
1 0.94287109375 0.189453125 0.1142578125 0.10546875
1 0.9638671875 0.16796875 0.072265625 0.076171875
1 0.984375 0.14990234375 0.03125 0.0458984375
1 0.935546875 0.3603515625 0.087890625 0.07421875
