0 0.2822265625 0.12890625 0.013671875 0.021484375
0 0.21240234375 0.12841796875 0.0107421875 0.0185546875
1 0.22021484375 0.65625 0.0400390625 0.03125
0 0.1435546875 0.12744140625 0.01171875 0.0224609375
0 0.1748046875 0.1318359375 0.009765625 0.01953125
0 0.1845703125 0.1259765625 0.009765625 0.015625
0 0.19384765625 0.12646484375 0.0087890625 0.0185546875
0 0.203125 0.12939453125 0.009765625 0.0205078125
0 0.22265625 0.1298828125 0.01171875 0.01953125
1 0.01953125 0.63134765625 0.037109375 0.0107421875
0 0.232421875 0.12890625 0.01171875 0.01953125
0 0.24365234375 0.1298828125 0.0107421875 0.01953125
0 0.16357421875 0.1787109375 0.0185546875 0.009765625
0 0.185546875 0.1796875 0.021484375 0.009765625
0 0.21142578125 0.1787109375 0.0185546875 0.009765625
0 0.19921875 0.23046875 0.01953125 0.009765625
1 0.02392578125 0.6494140625 0.0439453125 0.013671875
1 0.19287109375 0.54150390625 0.0439453125 0.0107421875
0 0.271484375 0.1259765625 0.009765625 0.017578125
1 0.1904296875 0.38427734375 0.044921875 0.0087890625
1 0.30224609375 0.2314453125 0.0751953125 0.013671875
1 0.18603515625 0.283203125 0.0439453125 0.009765625
1 0.18505859375 0.302734375 0.0458984375 0.01171875
1 0.1884765625 0.3359375 0.046875 0.013671875
1 0.26025390625 0.36181640625 0.0166015625 0.0400390625
1 0.1884765625 0.36572265625 0.044921875 0.0126953125
1 0.19140625 0.39794921875 0.044921875 0.0087890625
1 0.1943359375 0.5263671875 0.044921875 0.009765625
1 0.19140625 0.4130859375 0.046875 0.009765625
1 0.19140625 0.43115234375 0.046875 0.0107421875
1 0.19140625 0.4443359375 0.044921875 0.009765625
1 0.1904296875 0.4599609375 0.044921875 0.009765625
1 0.19189453125 0.47607421875 0.0458984375 0.0107421875
1 0.1982421875 0.51171875 0.044921875 0.009765625
0 0.2001953125 0.24267578125 0.017578125 0.0087890625
0 0.2041015625 0.25390625 0.017578125 0.009765625
0 0.10498046875 0.2548828125 0.0107421875 0.021484375
0 0.36279296875 0.66748046875 0.0205078125 0.0107421875
0 0.25634765625 0.6982421875 0.0205078125 0.009765625
0 0.29443359375 0.677734375 0.0166015625 0.01171875
0 0.2373046875 0.68701171875 0.0234375 0.0107421875
0 0.29833984375 0.6669921875 0.0185546875 0.009765625
0 0.3173828125 0.66845703125 0.017578125 0.0107421875
0 0.35888671875 0.67724609375 0.0166015625 0.0087890625
0 0.37890625 0.6748046875 0.017578125 0.009765625
0 0.109375 0.4619140625 0.009765625 0.01953125
0 0.35888671875 0.6572265625 0.0205078125 0.009765625
0 0.38037109375 0.64794921875 0.0185546875 0.0107421875
0 0.35888671875 0.646484375 0.0185546875 0.009765625
0 0.29833984375 0.64794921875 0.0166015625 0.0107421875
0 0.25390625 0.12744140625 0.009765625 0.0185546875
0 0.26318359375 0.12646484375 0.0107421875 0.0166015625
0 0.31982421875 0.693359375 0.0205078125 0.009765625
0 0.31787109375 0.70458984375 0.0185546875 0.0107421875
0 0.3798828125 0.68603515625 0.017578125 0.0087890625
0 0.38134765625 0.6953125 0.0244140625 0.0078125
0 0.3818359375 0.705078125 0.021484375 0.009765625
0 0.3818359375 0.7138671875 0.01953125 0.009765625
0 0.380859375 0.72314453125 0.01953125 0.0087890625
0 0.318359375 0.7333984375 0.017578125 0.0078125
0 0.318359375 0.7431640625 0.017578125 0.0078125
0 0.3818359375 0.73291015625 0.01953125 0.0087890625
0 0.38134765625 0.75146484375 0.0185546875 0.0087890625
0 0.3818359375 0.76904296875 0.01953125 0.0107421875
0 0.240234375 0.77294921875 0.0234375 0.0107421875
0 0.2373046875 0.72509765625 0.01953125 0.0107421875
0 0.189453125 0.73583984375 0.017578125 0.0107421875
0 0.1181640625 0.72509765625 0.01953125 0.0224609375
0 0.10986328125 0.48583984375 0.0107421875 0.0185546875
1 0.18505859375 0.26806640625 0.0400390625 0.0107421875
