0 0.44775390625 0.36279296875 0.0205078125 0.0146484375
1 0.42578125 0.42822265625 0.041015625 0.0302734375
1 0.43701171875 0.54443359375 0.0439453125 0.0322265625
1 0.43505859375 0.52734375 0.0419921875 0.03125
1 0.43212890625 0.51025390625 0.0419921875 0.0322265625
1 0.4296875 0.4931640625 0.044921875 0.033203125
1 0.42919921875 0.4775390625 0.0419921875 0.033203125
1 0.427734375 0.4609375 0.041015625 0.03125
1 0.42822265625 0.44580078125 0.0478515625 0.0361328125
1 0.42236328125 0.40966796875 0.0439453125 0.0322265625
0 0.45556640625 0.35546875 0.0166015625 0.01953125
1 0.31201171875 0.41357421875 0.0341796875 0.0244140625
1 0.318359375 0.42431640625 0.02734375 0.0224609375
1 0.31689453125 0.4404296875 0.0361328125 0.025390625
1 0.32177734375 0.45361328125 0.0458984375 0.0302734375
1 0.3203125 0.4677734375 0.03515625 0.025390625
1 0.3251953125 0.482421875 0.044921875 0.03125
1 0.3271484375 0.49755859375 0.044921875 0.0322265625
1 0.43798828125 0.56103515625 0.0439453125 0.0341796875
1 0.4404296875 0.57763671875 0.04296875 0.0322265625
1 0.44140625 0.59521484375 0.04296875 0.0341796875
1 0.4404296875 0.60791015625 0.044921875 0.0322265625
0 0.2470703125 0.0458984375 0.017578125 0.01953125
0 0.18505859375 0.0634765625 0.0205078125 0.017578125
0 0.2041015625 0.06787109375 0.01953125 0.0185546875
0 0.2060546875 0.04443359375 0.017578125 0.0166015625
0 0.21728515625 0.01708984375 0.0107421875 0.0224609375
0 0.2060546875 0.021484375 0.013671875 0.01953125
0 0.193359375 0.02490234375 0.013671875 0.0185546875
0 0.18359375 0.0283203125 0.013671875 0.021484375
0 0.1728515625 0.02978515625 0.015625 0.0205078125
0 0.02587890625 0.0888671875 0.0166015625 0.01171875
0 0.0244140625 0.0712890625 0.017578125 0.009765625
0 0.02392578125 0.0810546875 0.0166015625 0.01171875
0 0.0205078125 0.052734375 0.017578125 0.01171875
0 0.017578125 0.03564453125 0.017578125 0.0126953125
0 0.01611328125 0.02734375 0.0185546875 0.013671875
1 0.3291015625 0.51025390625 0.044921875 0.0322265625
1 0.3310546875 0.5234375 0.044921875 0.03125
1 0.33251953125 0.5390625 0.0458984375 0.03125
1 0.28271484375 0.55126953125 0.0419921875 0.0302734375
1 0.2861328125 0.59423828125 0.044921875 0.0302734375
1 0.19775390625 0.57861328125 0.0458984375 0.0302734375
1 0.20166015625 0.6259765625 0.0439453125 0.029296875
1 0.451171875 0.6767578125 0.044921875 0.033203125
1 0.29541015625 0.6630859375 0.0458984375 0.033203125
1 0.21630859375 0.68701171875 0.0439453125 0.0185546875
1 0.21826171875 0.69921875 0.0439453125 0.017578125
1 0.22265625 0.71142578125 0.04296875 0.0166015625
1 0.22607421875 0.72412109375 0.0419921875 0.0146484375
1 0.2265625 0.73681640625 0.041015625 0.0146484375
1 0.2578125 0.77294921875 0.015625 0.0439453125
1 0.27001953125 0.77197265625 0.0126953125 0.0439453125
1 0.2822265625 0.76904296875 0.015625 0.0419921875
1 0.29541015625 0.76708984375 0.0146484375 0.0439453125
1 0.37158203125 0.74658203125 0.0146484375 0.0458984375
1 0.19384765625 0.5498046875 0.0458984375 0.029296875
1 0.279296875 0.525390625 0.04296875 0.03125
1 0.33544921875 0.55224609375 0.0458984375 0.0322265625
1 0.18994140625 0.51806640625 0.0478515625 0.0283203125
1 0.33740234375 0.56640625 0.0458984375 0.03125
1 0.34033203125 0.59326171875 0.0458984375 0.0322265625
1 0.34228515625 0.60693359375 0.0458984375 0.0302734375
1 0.27197265625 0.4814453125 0.0458984375 0.03125
1 0.26953125 0.46826171875 0.046875 0.0302734375
1 0.267578125 0.45263671875 0.044921875 0.0302734375
1 0.26513671875 0.42529296875 0.0419921875 0.0302734375
1 0.15234375 0.1787109375 0.021484375 0.046875
1 0.13671875 0.2099609375 0.01171875 0.04296875
1 0.3369140625 0.32470703125 0.013671875 0.0498046875
1 0.3193359375 0.328125 0.009765625 0.046875
1 0.294921875 0.3271484375 0.01171875 0.04296875
1 0.2119140625 0.4111328125 0.025390625 0.04296875
1 0.1845703125 0.48681640625 0.046875 0.0283203125
1 0.185546875 0.501953125 0.046875 0.029296875
0 0.2548828125 0.052734375 0.017578125 0.017578125
0 0.26220703125 0.05859375 0.0166015625 0.01953125
0 0.26953125 0.0693359375 0.017578125 0.01953125
0 0.39990234375 0.26318359375 0.0205078125 0.0205078125
0 0.41162109375 0.24658203125 0.0205078125 0.0185546875
0 0.41845703125 0.2392578125 0.0185546875 0.015625
0 0.4248046875 0.23291015625 0.01953125 0.0185546875
0 0.47412109375 0.23828125 0.0185546875 0.017578125
0 0.4677734375 0.18212890625 0.01953125 0.0185546875
0 0.46142578125 0.18896484375 0.0185546875 0.0185546875
0 0.470703125 0.150390625 0.017578125 0.017578125
0 0.46044921875 0.14599609375 0.0185546875 0.0205078125
0 0.455078125 0.13818359375 0.015625 0.0185546875
0 0.43798828125 0.126953125 0.0185546875 0.01953125
0 0.44775390625 0.130859375 0.0166015625 0.017578125
0 0.50390625 0.1220703125 0.017578125 0.0234375
0 0.49658203125 0.1162109375 0.0166015625 0.0234375
0 0.48876953125 0.10888671875 0.0205078125 0.0224609375
0 0.474609375 0.0966796875 0.017578125 0.01953125
0 0.40478515625 0.25634765625 0.0185546875 0.0166015625
0 0.47998046875 0.25927734375 0.0166015625 0.0166015625
0 0.4580078125 0.083984375 0.015625 0.021484375
0 0.4736328125 0.26513671875 0.015625 0.0166015625
0 0.482421875 0.3505859375 0.015625 0.015625
0 0.48779296875 0.341796875 0.0146484375 0.013671875
0 0.4619140625 0.34814453125 0.017578125 0.0166015625
0 0.47265625 0.3330078125 0.017578125 0.01953125
0 0.47705078125 0.32421875 0.0185546875 0.01953125
0 0.49951171875 0.32861328125 0.0185546875 0.0166015625
0 0.505859375 0.32080078125 0.015625 0.0146484375
0 0.48876953125 0.310546875 0.0185546875 0.017578125
0 0.39404296875 0.333984375 0.0185546875 0.017578125
0 0.4091796875 0.31494140625 0.01953125 0.0185546875
0 0.416015625 0.3046875 0.017578125 0.017578125
0 0.4521484375 0.29638671875 0.017578125 0.0185546875
0 0.423828125 0.298828125 0.017578125 0.015625
0 0.46337890625 0.28125 0.0185546875 0.017578125
0 0.4677734375 0.27294921875 0.017578125 0.0185546875
0 0.4658203125 0.08935546875 0.01953125 0.0224609375
0 0.4482421875 0.078125 0.015625 0.021484375
0 0.279296875 0.072265625 0.015625 0.01953125
0 0.0908203125 0.57861328125 0.009765625 0.0185546875
0 0.06298828125 0.5810546875 0.0107421875 0.017578125
0 0.0546875 0.58349609375 0.01171875 0.0185546875
0 0.0458984375 0.58447265625 0.009765625 0.0185546875
0 0.1337890625 0.55224609375 0.009765625 0.0205078125
0 0.12353515625 0.5546875 0.0107421875 0.015625
0 0.0966796875 0.55908203125 0.009765625 0.0166015625
0 0.07763671875 0.56298828125 0.0087890625 0.0166015625
0 0.06884765625 0.56201171875 0.0107421875 0.0185546875
0 0.0517578125 0.56640625 0.0078125 0.017578125
0 0.03564453125 0.5673828125 0.0107421875 0.017578125
0 0.25830078125 0.41162109375 0.0224609375 0.0126953125
0 0.04296875 0.1025390625 0.017578125 0.0234375
0 0.14990234375 0.10595703125 0.0185546875 0.0185546875
0 0.16650390625 0.10888671875 0.0185546875 0.0185546875
0 0.18017578125 0.09521484375 0.0205078125 0.0185546875
0 0.07275390625 0.58154296875 0.0107421875 0.0185546875
0 0.1005859375 0.57568359375 0.01171875 0.0185546875
0 0.4228515625 0.06201171875 0.017578125 0.0205078125
0 0.11865234375 0.57470703125 0.0126953125 0.0205078125
0 0.41748046875 0.05224609375 0.0185546875 0.0205078125
0 0.40966796875 0.04541015625 0.0166015625 0.0205078125
0 0.40283203125 0.03759765625 0.0185546875 0.0224609375
0 0.396484375 0.03125 0.01953125 0.021484375
0 0.38720703125 0.02734375 0.0166015625 0.017578125
0 0.376953125 0.02197265625 0.015625 0.0205078125
0 0.3681640625 0.015625 0.017578125 0.021484375
0 0.3798828125 0.08203125 0.017578125 0.021484375
0 0.3740234375 0.07373046875 0.015625 0.0205078125
0 0.36474609375 0.0673828125 0.0185546875 0.01953125
0 0.3564453125 0.0615234375 0.015625 0.017578125
0 0.35009765625 0.0537109375 0.0185546875 0.021484375
0 0.34228515625 0.04931640625 0.0166015625 0.0185546875
0 0.13818359375 0.572265625 0.0087890625 0.01953125
0 0.12841796875 0.5712890625 0.0107421875 0.017578125
1 0.455078125 0.8603515625 0.015625 0.044921875
