1 0.60595703125 0.482421875 0.1669921875 0.072265625
1 0.25341796875 0.3154296875 0.1142578125 0.056640625
1 0.25927734375 0.34765625 0.1103515625 0.052734375
1 0.267578125 0.37841796875 0.11328125 0.0556640625
1 0.27587890625 0.41259765625 0.1103515625 0.0556640625
1 0.32666015625 0.564453125 0.1123046875 0.0546875
1 0.33349609375 0.595703125 0.1123046875 0.0546875
1 0.3427734375 0.6279296875 0.111328125 0.056640625
1 0.5263671875 0.20263671875 0.16796875 0.0712890625
1 0.5546875 0.294921875 0.16796875 0.07421875
1 0.5625 0.32666015625 0.1640625 0.0712890625
1 0.57177734375 0.35546875 0.1650390625 0.072265625
1 0.576171875 0.39013671875 0.169921875 0.0712890625
1 0.58984375 0.4189453125 0.166015625 0.072265625
1 0.59619140625 0.45068359375 0.1650390625 0.0751953125
1 0.6181640625 0.5126953125 0.16796875 0.07421875
1 0.85498046875 0.10595703125 0.1650390625 0.0732421875
1 0.8642578125 0.13671875 0.169921875 0.068359375
1 0.8720703125 0.16650390625 0.166015625 0.0751953125
1 0.88134765625 0.19677734375 0.1650390625 0.0751953125
1 0.890625 0.22900390625 0.166015625 0.0771484375
1 0.900390625 0.259765625 0.166015625 0.076171875
1 0.91064453125 0.2919921875 0.1650390625 0.07421875
1 0.9189453125 0.32177734375 0.162109375 0.0732421875
1 0.92431640625 0.35302734375 0.1513671875 0.0732421875
1 0.92822265625 0.38525390625 0.1435546875 0.0732421875
1 0.24169921875 0.28369140625 0.1142578125 0.0556640625
