1 0.70166015625 0.39794921875 0.1083984375 0.0498046875
1 0.06005859375 0.51416015625 0.1181640625 0.0595703125
1 0.0205078125 0.22314453125 0.0390625 0.0361328125
1 0.03466796875 0.31884765625 0.0673828125 0.0458984375
1 0.03759765625 0.35205078125 0.0732421875 0.0458984375
1 0.04248046875 0.38232421875 0.0830078125 0.0498046875
1 0.0458984375 0.41796875 0.08984375 0.05078125
1 0.0517578125 0.44873046875 0.1015625 0.0556640625
1 0.0546875 0.48046875 0.107421875 0.05859375
1 0.06640625 0.54638671875 0.130859375 0.0654296875
1 0.68896484375 0.3271484375 0.1103515625 0.0546875
1 0.28466796875 0.14404296875 0.1650390625 0.0732421875
1 0.2939453125 0.1748046875 0.169921875 0.068359375
1 0.3017578125 0.20458984375 0.166015625 0.0751953125
1 0.31103515625 0.23486328125 0.1650390625 0.0751953125
1 0.3203125 0.26708984375 0.166015625 0.0771484375
1 0.330078125 0.2978515625 0.166015625 0.076171875
1 0.34033203125 0.330078125 0.1650390625 0.07421875
1 0.349609375 0.35986328125 0.1640625 0.0732421875
1 0.3623046875 0.39013671875 0.16796875 0.0751953125
1 0.3681640625 0.42138671875 0.1640625 0.0771484375
1 0.62451171875 0.17138671875 0.1103515625 0.0556640625
1 0.63671875 0.20068359375 0.111328125 0.0595703125
1 0.6552734375 0.27587890625 0.111328125 0.0556640625
1 0.6630859375 0.30224609375 0.109375 0.0537109375
