0 0.71337890625 0.1962890625 0.0146484375 0.025390625
1 0.59375 0.4345703125 0.03125 0.0625
1 0.63818359375 0.5859375 0.0283203125 0.064453125
1 0.51318359375 0.56640625 0.0302734375 0.056640625
1 0.521484375 0.5478515625 0.03125 0.06640625
1 0.470703125 0.52978515625 0.02734375 0.0537109375
1 0.48095703125 0.51220703125 0.0244140625 0.0556640625
1 0.4931640625 0.501953125 0.02734375 0.060546875
1 0.5107421875 0.466796875 0.03515625 0.06640625
1 0.541015625 0.51025390625 0.03125 0.0634765625
1 0.560546875 0.47607421875 0.02734375 0.0634765625
1 0.521484375 0.45166015625 0.02734375 0.0537109375
1 0.53271484375 0.431640625 0.0322265625 0.06640625
1 0.5419921875 0.41259765625 0.029296875 0.0537109375
1 0.5517578125 0.39599609375 0.02734375 0.0576171875
1 0.5703125 0.45703125 0.033203125 0.068359375
1 0.58154296875 0.45166015625 0.0302734375 0.0615234375
1 0.6240234375 0.5146484375 0.03125 0.064453125
1 0.64208984375 0.5166015625 0.0263671875 0.06640625
1 0.6220703125 0.58154296875 0.029296875 0.0673828125
1 0.60595703125 0.580078125 0.0283203125 0.06640625
1 0.59228515625 0.57373046875 0.0283203125 0.0654296875
1 0.15625 0.4921875 0.052734375 0.029296875
1 0.2646484375 0.26806640625 0.041015625 0.0478515625
1 0.375 0.25634765625 0.0390625 0.0458984375
1 0.28515625 0.30419921875 0.04296875 0.0498046875
1 0.1748046875 0.3779296875 0.044921875 0.048828125
1 0.25732421875 0.39990234375 0.0439453125 0.0517578125
1 0.26904296875 0.42626953125 0.0439453125 0.0517578125
1 0.314453125 0.37451171875 0.048828125 0.0576171875
1 0.56103515625 0.73095703125 0.0224609375 0.0634765625
1 0.5576171875 0.6025390625 0.013671875 0.06640625
1 0.576171875 0.734375 0.0234375 0.0625
1 0.5908203125 0.7373046875 0.0234375 0.0625
1 0.60888671875 0.73486328125 0.0185546875 0.0634765625
1 0.63232421875 0.73828125 0.0146484375 0.056640625
1 0.4560546875 0.642578125 0.064453125 0.017578125
1 0.44482421875 0.62109375 0.0654296875 0.021484375
1 0.41796875 0.6005859375 0.064453125 0.0234375
1 0.65673828125 0.5146484375 0.0263671875 0.064453125
1 0.60546875 0.423828125 0.03125 0.064453125
0 0.70166015625 0.1923828125 0.0146484375 0.0234375
1 0.5634765625 0.38671875 0.02734375 0.056640625
0 0.654296875 0.12939453125 0.015625 0.0224609375
0 0.6630859375 0.134765625 0.015625 0.0234375
0 0.67333984375 0.13623046875 0.0146484375 0.0224609375
0 0.6845703125 0.138671875 0.013671875 0.021484375
0 0.693359375 0.14306640625 0.013671875 0.0224609375
0 0.70068359375 0.1220703125 0.0146484375 0.0234375
0 0.7099609375 0.1259765625 0.013671875 0.021484375
0 0.71923828125 0.12890625 0.0126953125 0.01953125
0 0.7294921875 0.13232421875 0.015625 0.0244140625
0 0.73974609375 0.13623046875 0.0166015625 0.0244140625
0 0.72314453125 0.15185546875 0.0146484375 0.0205078125
0 0.71240234375 0.14794921875 0.0126953125 0.0185546875
0 0.7041015625 0.14599609375 0.01171875 0.0205078125
0 0.60302734375 0.16796875 0.0146484375 0.021484375
0 0.6142578125 0.16796875 0.013671875 0.021484375
0 0.59130859375 0.16455078125 0.0146484375 0.0224609375
0 0.68408203125 0.18798828125 0.0126953125 0.0224609375
0 0.625 0.1201171875 0.013671875 0.021484375
0 0.6337890625 0.123046875 0.017578125 0.0234375
0 0.68115234375 0.11669921875 0.0166015625 0.0244140625
1 0.63720703125 0.32080078125 0.0634765625 0.0205078125
1 0.57470703125 0.375 0.0302734375 0.0546875
1 0.5849609375 0.3642578125 0.02734375 0.05078125
1 0.59716796875 0.35107421875 0.0263671875 0.0478515625
1 0.61572265625 0.40869140625 0.0283203125 0.0576171875
1 0.623046875 0.38037109375 0.02734375 0.0556640625
1 0.63330078125 0.36279296875 0.0283203125 0.0517578125
1 0.505859375 0.33056640625 0.0390625 0.0478515625
1 0.63623046875 0.3046875 0.0517578125 0.017578125
0 0.671875 0.1142578125 0.013671875 0.021484375
0 0.6474609375 0.05224609375 0.015625 0.0244140625
0 0.748046875 0.04150390625 0.01953125 0.0146484375
0 0.751953125 0.05078125 0.021484375 0.017578125
0 0.76416015625 0.06884765625 0.0224609375 0.0185546875
0 0.77490234375 0.08984375 0.0205078125 0.017578125
0 0.78271484375 0.10693359375 0.0224609375 0.0185546875
0 0.66015625 0.10888671875 0.015625 0.0263671875
1 0.3310546875 0.29833984375 0.033203125 0.0615234375
