0 0.30126953125 0.08544921875 0.0146484375 0.0244140625
0 0.01904296875 0.1240234375 0.0244140625 0.01171875
0 0.24658203125 0.0966796875 0.0126953125 0.0234375
0 0.25830078125 0.09228515625 0.0146484375 0.0224609375
0 0.26611328125 0.0888671875 0.0146484375 0.025390625
0 0.27734375 0.08837890625 0.015625 0.0263671875
0 0.28955078125 0.08642578125 0.0146484375 0.0263671875
0 0.310546875 0.0810546875 0.017578125 0.025390625
0 0.23486328125 0.09619140625 0.0146484375 0.0244140625
0 0.32373046875 0.07763671875 0.0146484375 0.0224609375
0 0.35693359375 0.0732421875 0.0166015625 0.025390625
0 0.392578125 0.06689453125 0.017578125 0.0283203125
0 0.30322265625 0.0283203125 0.0146484375 0.025390625
0 0.31494140625 0.0283203125 0.0166015625 0.02734375
0 0.3349609375 0.02294921875 0.015625 0.0224609375
0 0.14794921875 0.15283203125 0.0244140625 0.0126953125
0 0.212890625 0.1015625 0.015625 0.025390625
0 0.35595703125 0.02001953125 0.0126953125 0.0224609375
0 0.095703125 0.12548828125 0.015625 0.0244140625
0 0.2568359375 0.037109375 0.017578125 0.025390625
0 0.26806640625 0.03466796875 0.0166015625 0.0244140625
0 0.28076171875 0.033203125 0.0146484375 0.025390625
0 0.29150390625 0.0302734375 0.0126953125 0.021484375
0 0.05224609375 0.11962890625 0.0283203125 0.0166015625
0 0.07958984375 0.12451171875 0.0244140625 0.0244140625
0 0.10595703125 0.1201171875 0.0185546875 0.029296875
0 0.2021484375 0.10498046875 0.017578125 0.0244140625
0 0.1162109375 0.11669921875 0.013671875 0.0224609375
0 0.126953125 0.11669921875 0.017578125 0.0244140625
0 0.13916015625 0.1162109375 0.0166015625 0.0234375
0 0.15185546875 0.11181640625 0.0146484375 0.0283203125
0 0.1708984375 0.111328125 0.015625 0.0234375
0 0.18408203125 0.1083984375 0.0146484375 0.0234375
0 0.3466796875 0.02001953125 0.015625 0.0224609375
0 0.36865234375 0.01708984375 0.0146484375 0.0263671875
0 0.23193359375 0.04248046875 0.0146484375 0.0244140625
0 0.3017578125 0.44775390625 0.013671875 0.0244140625
0 0.0908203125 0.29345703125 0.025390625 0.0146484375
0 0.18896484375 0.27490234375 0.0302734375 0.0185546875
0 0.25146484375 0.25927734375 0.0283203125 0.0166015625
0 0.2919921875 0.38720703125 0.013671875 0.0244140625
0 0.30126953125 0.38623046875 0.0146484375 0.0224609375
0 0.3115234375 0.38720703125 0.013671875 0.0224609375
0 0.314453125 0.44580078125 0.015625 0.0224609375
0 0.044921875 0.20849609375 0.021484375 0.0126953125
0 0.3154296875 0.2490234375 0.0234375 0.01171875
0 0.31201171875 0.23046875 0.0244140625 0.017578125
0 0.3486328125 0.24365234375 0.0234375 0.0146484375
0 0.32568359375 0.44091796875 0.0166015625 0.0263671875
0 0.33740234375 0.4404296875 0.0166015625 0.02734375
0 0.34912109375 0.43603515625 0.0126953125 0.0244140625
0 0.0498046875 0.2705078125 0.0234375 0.013671875
0 0.04345703125 0.0126953125 0.0205078125 0.013671875
0 0.38037109375 0.015625 0.0166015625 0.025390625
0 0.484375 0.0458984375 0.013671875 0.0234375
0 0.39404296875 0.0126953125 0.0107421875 0.021484375
0 0.41064453125 0.064453125 0.0166015625 0.025390625
0 0.43994140625 0.05712890625 0.0146484375 0.0244140625
0 0.45263671875 0.05419921875 0.0166015625 0.0263671875
0 0.4638671875 0.0517578125 0.015625 0.025390625
0 0.47412109375 0.05126953125 0.0166015625 0.0263671875
0 0.49609375 0.04638671875 0.015625 0.0224609375
0 0.01611328125 0.01708984375 0.0263671875 0.0166015625
0 0.5068359375 0.044921875 0.015625 0.0234375
0 0.52490234375 0.04248046875 0.0126953125 0.0224609375
0 0.5478515625 0.0361328125 0.015625 0.02734375
0 0.5595703125 0.03271484375 0.013671875 0.0244140625
0 0.5703125 0.0302734375 0.015625 0.0234375
0 0.58056640625 0.0263671875 0.0166015625 0.025390625
0 0.244140625 0.0390625 0.015625 0.025390625
0 0.220703125 0.044921875 0.017578125 0.025390625
0 0.3720703125 0.43310546875 0.015625 0.0244140625
1 0.94287109375 0.43505859375 0.0439453125 0.0556640625
1 0.96728515625 0.4296875 0.0478515625 0.056640625
1 0.98486328125 0.42626953125 0.0302734375 0.0517578125
1 0.9580078125 0.35888671875 0.083984375 0.0322265625
1 0.86376953125 0.2119140625 0.0595703125 0.033203125
1 0.9375 0.1982421875 0.060546875 0.03125
1 0.9716796875 0.19091796875 0.056640625 0.0283203125
1 0.90185546875 0.43994140625 0.0634765625 0.0830078125
1 0.82861328125 0.45556640625 0.0400390625 0.0537109375
1 0.4990234375 0.5166015625 0.0625 0.083984375
1 0.2861328125 0.3427734375 0.078125 0.029296875
1 0.17236328125 0.61865234375 0.0927734375 0.0302734375
1 0.49462890625 0.30078125 0.0732421875 0.02734375
1 0.47998046875 0.26123046875 0.0498046875 0.0244140625
1 0.6220703125 0.27587890625 0.076171875 0.0283203125
1 0.451171875 0.52490234375 0.064453125 0.0830078125
1 0.52001953125 0.51220703125 0.0458984375 0.0576171875
1 0.80810546875 0.45751953125 0.0595703125 0.0810546875
1 0.541015625 0.51123046875 0.044921875 0.0576171875
1 0.66162109375 0.49169921875 0.0458984375 0.0576171875
1 0.71484375 0.47314453125 0.046875 0.0576171875
1 0.7333984375 0.4755859375 0.0546875 0.068359375
1 0.75927734375 0.4658203125 0.0458984375 0.056640625
1 0.81298828125 0.51904296875 0.0595703125 0.0263671875
0 0.2080078125 0.0498046875 0.013671875 0.021484375
0 0.1181640625 0.0673828125 0.015625 0.02734375
0 0.0361328125 0.08251953125 0.015625 0.0244140625
0 0.04931640625 0.0810546875 0.0146484375 0.0234375
0 0.06103515625 0.0751953125 0.0166015625 0.0234375
0 0.07958984375 0.07275390625 0.0146484375 0.0244140625
0 0.08984375 0.0703125 0.015625 0.0234375
0 0.10107421875 0.068359375 0.0185546875 0.02734375
0 0.12939453125 0.06396484375 0.0146484375 0.0244140625
0 0.14208984375 0.0625 0.0146484375 0.0234375
0 0.15380859375 0.0595703125 0.0126953125 0.0234375
0 0.1640625 0.05712890625 0.013671875 0.0205078125
0 0.17578125 0.056640625 0.013671875 0.021484375
0 0.185546875 0.05224609375 0.01171875 0.0185546875
0 0.197265625 0.05126953125 0.013671875 0.0224609375
0 0.02001953125 0.08740234375 0.0166015625 0.0244140625
0 0.36083984375 0.4345703125 0.0166015625 0.025390625
0 0.38134765625 0.431640625 0.0107421875 0.021484375
0 0.9189453125 0.2685546875 0.01171875 0.021484375
0 0.95556640625 0.318359375 0.0166015625 0.0234375
0 0.9677734375 0.31787109375 0.015625 0.0224609375
0 0.982421875 0.31591796875 0.017578125 0.0244140625
0 0.99365234375 0.3154296875 0.0126953125 0.025390625
0 0.93017578125 0.26611328125 0.0126953125 0.0224609375
0 0.9296875 0.328125 0.013671875 0.021484375
0 0.94140625 0.26513671875 0.013671875 0.0244140625
0 0.95556640625 0.2626953125 0.0126953125 0.0234375
0 0.97265625 0.26123046875 0.013671875 0.0224609375
0 0.9833984375 0.25732421875 0.015625 0.0244140625
0 0.9951171875 0.25439453125 0.009765625 0.0224609375
0 0.943359375 0.3212890625 0.01171875 0.01953125
0 0.91845703125 0.3291015625 0.0166015625 0.025390625
0 0.84765625 0.2822265625 0.015625 0.021484375
0 0.85498046875 0.34130859375 0.0146484375 0.0205078125
0 0.8017578125 0.291015625 0.015625 0.0234375
0 0.8056640625 0.2392578125 0.025390625 0.015625
0 0.814453125 0.2861328125 0.013671875 0.0234375
0 0.8251953125 0.287109375 0.015625 0.025390625
0 0.8359375 0.2841796875 0.015625 0.025390625
0 0.86572265625 0.27880859375 0.0126953125 0.0224609375
0 0.9052734375 0.3310546875 0.013671875 0.025390625
0 0.876953125 0.2763671875 0.015625 0.0234375
0 0.88916015625 0.27587890625 0.0146484375 0.0244140625
0 0.8994140625 0.27197265625 0.015625 0.0263671875
0 0.86865234375 0.337890625 0.0166015625 0.02734375
0 0.88232421875 0.33544921875 0.0146484375 0.0244140625
0 0.8935546875 0.33203125 0.015625 0.0234375
0 0.82470703125 0.34716796875 0.0146484375 0.0224609375
0 0.83837890625 0.34521484375 0.0146484375 0.0263671875
0 0.81396484375 0.35205078125 0.0126953125 0.0224609375
0 0.39208984375 0.4287109375 0.0146484375 0.025390625
0 0.494140625 0.3486328125 0.013671875 0.021484375
0 0.41796875 0.36181640625 0.015625 0.0244140625
0 0.4287109375 0.359375 0.013671875 0.01953125
0 0.4443359375 0.359375 0.015625 0.025390625
0 0.4609375 0.35498046875 0.013671875 0.0244140625
0 0.47021484375 0.3525390625 0.0126953125 0.017578125
0 0.48193359375 0.35009765625 0.0166015625 0.0244140625
0 0.5048828125 0.34814453125 0.015625 0.0263671875
0 0.38818359375 0.3671875 0.0146484375 0.025390625
0 0.5146484375 0.34521484375 0.013671875 0.0224609375
0 0.52392578125 0.34423828125 0.0126953125 0.0185546875
0 0.5361328125 0.3427734375 0.013671875 0.0234375
0 0.546875 0.34033203125 0.015625 0.0244140625
0 0.5576171875 0.337890625 0.013671875 0.01953125
0 0.59423828125 0.4248046875 0.0166015625 0.025390625
0 0.40283203125 0.36669921875 0.0166015625 0.0263671875
0 0.37939453125 0.3720703125 0.0126953125 0.01953125
0 0.6044921875 0.47705078125 0.015625 0.0244140625
0 0.46923828125 0.41455078125 0.0166015625 0.0263671875
0 0.40380859375 0.42724609375 0.0166015625 0.0244140625
0 0.41455078125 0.42431640625 0.0146484375 0.0224609375
0 0.42529296875 0.42138671875 0.0146484375 0.0244140625
0 0.43603515625 0.42041015625 0.0166015625 0.0263671875
0 0.447265625 0.41845703125 0.015625 0.0244140625
0 0.45849609375 0.416015625 0.0126953125 0.021484375
0 0.48193359375 0.4111328125 0.0166015625 0.0234375
0 0.36865234375 0.375 0.0146484375 0.021484375
0 0.49658203125 0.40869140625 0.0126953125 0.0185546875
0 0.513671875 0.40478515625 0.017578125 0.0224609375
0 0.3232421875 0.38330078125 0.015625 0.0263671875
0 0.33447265625 0.3818359375 0.0126953125 0.0234375
0 0.34521484375 0.37841796875 0.0126953125 0.0224609375
0 0.35498046875 0.37646484375 0.0146484375 0.0224609375
0 0.59912109375 0.45166015625 0.0146484375 0.0224609375
0 0.60986328125 0.5048828125 0.0166015625 0.0234375
0 0.79638671875 0.353515625 0.0126953125 0.021484375
0 0.697265625 0.37060546875 0.015625 0.0263671875
0 0.74169921875 0.3017578125 0.0146484375 0.021484375
0 0.75537109375 0.298828125 0.0166015625 0.0234375
0 0.76953125 0.296875 0.017578125 0.025390625
0 0.78271484375 0.29541015625 0.0146484375 0.0244140625
0 0.6708984375 0.3740234375 0.017578125 0.025390625
0 0.68359375 0.373046875 0.01171875 0.01953125
0 0.70947265625 0.36865234375 0.0166015625 0.0244140625
0 0.71826171875 0.30810546875 0.0166015625 0.0244140625
0 0.72314453125 0.3681640625 0.0146484375 0.025390625
0 0.736328125 0.36279296875 0.01171875 0.0244140625
0 0.74951171875 0.36328125 0.0146484375 0.025390625
0 0.76220703125 0.35791015625 0.0146484375 0.0224609375
0 0.7734375 0.359375 0.013671875 0.021484375
0 0.78564453125 0.3564453125 0.0146484375 0.0234375
0 0.73046875 0.3046875 0.013671875 0.021484375
0 0.70654296875 0.3095703125 0.0166015625 0.025390625
0 0.615234375 0.533203125 0.015625 0.02734375
0 0.591796875 0.3291015625 0.013671875 0.0234375
0 0.62158203125 0.5576171875 0.0166015625 0.0234375
0 0.63525390625 0.6279296875 0.0146484375 0.021484375
0 0.6396484375 0.6552734375 0.013671875 0.0234375
0 0.64453125 0.6826171875 0.015625 0.025390625
0 0.6484375 0.70947265625 0.015625 0.0224609375
0 0.5751953125 0.3330078125 0.015625 0.0234375
0 0.60888671875 0.32763671875 0.0146484375 0.0224609375
0 0.6953125 0.310546875 0.015625 0.0234375
0 0.6201171875 0.3251953125 0.015625 0.02734375
0 0.630859375 0.32080078125 0.015625 0.0244140625
0 0.6435546875 0.3203125 0.013671875 0.0234375
0 0.65478515625 0.31884765625 0.0166015625 0.0244140625
0 0.6728515625 0.31494140625 0.017578125 0.0263671875
0 0.68408203125 0.3125 0.0146484375 0.0234375
1 0.234375 0.3330078125 0.060546875 0.025390625
