1 0.70166015625 0.35986328125 0.1083984375 0.0498046875
1 0.06005859375 0.47607421875 0.1181640625 0.0595703125
1 0.0205078125 0.18505859375 0.0390625 0.0361328125
1 0.03466796875 0.28076171875 0.0673828125 0.0458984375
1 0.03759765625 0.31396484375 0.0732421875 0.0458984375
1 0.04248046875 0.34423828125 0.0830078125 0.0498046875
1 0.0458984375 0.3798828125 0.08984375 0.05078125
1 0.0517578125 0.41064453125 0.1015625 0.0556640625
1 0.0546875 0.4423828125 0.107421875 0.05859375
1 0.06640625 0.50830078125 0.130859375 0.0654296875
1 0.68896484375 0.2890625 0.1103515625 0.0546875
1 0.28466796875 0.10595703125 0.1650390625 0.0732421875
1 0.2939453125 0.13671875 0.169921875 0.068359375
1 0.3017578125 0.16650390625 0.166015625 0.0751953125
1 0.31103515625 0.19677734375 0.1650390625 0.0751953125
1 0.3203125 0.22900390625 0.166015625 0.0771484375
1 0.330078125 0.259765625 0.166015625 0.076171875
1 0.34033203125 0.2919921875 0.1650390625 0.07421875
1 0.349609375 0.32177734375 0.1640625 0.0732421875
1 0.3623046875 0.35205078125 0.16796875 0.0751953125
1 0.3681640625 0.38330078125 0.1640625 0.0771484375
1 0.62451171875 0.13330078125 0.1103515625 0.0556640625
1 0.63671875 0.16259765625 0.111328125 0.0595703125
1 0.6552734375 0.23779296875 0.111328125 0.0556640625
1 0.6630859375 0.26416015625 0.109375 0.0537109375
