5 0.64892578125 0.32421875 0.0830078125 0.11328125
5 0.68359375 0.2568359375 0.078125 0.119140625
5 0.75146484375 0.30419921875 0.0947265625 0.2412109375
5 0.80029296875 0.3095703125 0.0615234375 0.193359375
5 0.94140625 0.36376953125 0.1171875 0.3720703125
5 0.6318359375 0.3818359375 0.1328125 0.162109375
5 0.34423828125 0.36279296875 0.1025390625 0.1005859375
5 0.21337890625 0.32275390625 0.1884765625 0.2041015625
5 0.197265625 0.25390625 0.119140625 0.13671875
5 0.16357421875 0.20263671875 0.1025390625 0.1142578125
5 0.1083984375 0.1748046875 0.140625 0.1484375
5 0.07373046875 0.12109375 0.1123046875 0.115234375
5 0.0634765625 0.05322265625 0.041015625 0.0458984375
5 0.025390625 0.03515625 0.048828125 0.068359375
