5 0.48291015625 0.955078125 0.0283203125 0.08984375
5 0.14208984375 0.9912109375 0.1279296875 0.017578125
5 0.255859375 0.9619140625 0.056640625 0.076171875
5 0.34033203125 0.955078125 0.0751953125 0.08984375
5 0.533203125 0.96044921875 0.03125 0.0791015625
5 0.96337890625 0.42919921875 0.0732421875 0.0654296875
5 0.57666015625 0.9599609375 0.0205078125 0.080078125
5 0.7705078125 0.96533203125 0.060546875 0.0693359375
5 0.93212890625 0.859375 0.1357421875 0.0859375
5 0.943359375 0.81103515625 0.11328125 0.0693359375
5 0.9541015625 0.72705078125 0.091796875 0.0791015625
5 0.9619140625 0.67138671875 0.076171875 0.0458984375
5 0.96875 0.58251953125 0.0625 0.0537109375
5 0.9599609375 0.5087890625 0.080078125 0.060546875
5 0.98291015625 0.33935546875 0.0341796875 0.0380859375
5 0.9091796875 0.19189453125 0.087890625 0.0888671875
5 0.8154296875 0.14697265625 0.083984375 0.0693359375
5 0.73486328125 0.0947265625 0.0986328125 0.1015625
5 0.6103515625 0.037109375 0.162109375 0.072265625
