1 0.64892578125 0.5810546875 0.1318359375 0.099609375
1 0.703125 0.51611328125 0.142578125 0.0908203125
1 0.64111328125 0.4736328125 0.1416015625 0.091796875
1 0.6103515625 0.4521484375 0.140625 0.087890625
1 0.57373046875 0.43505859375 0.1396484375 0.0927734375
1 0.544921875 0.41259765625 0.13671875 0.0869140625
1 0.494140625 0.7529296875 0.087890625 0.080078125
1 0.4189453125 0.330078125 0.138671875 0.08984375
1 0.287109375 0.34716796875 0.13671875 0.1025390625
1 0.38623046875 0.30908203125 0.1396484375 0.0908203125
1 0.291015625 0.24658203125 0.140625 0.0869140625
1 0.259765625 0.2255859375 0.140625 0.091796875
1 0.86181640625 0.61962890625 0.1416015625 0.0869140625
1 0.83447265625 0.8251953125 0.1357421875 0.103515625
1 0.99072265625 0.7724609375 0.0185546875 0.033203125
1 0.958984375 0.71484375 0.08203125 0.0703125
1 0.9443359375 0.68505859375 0.111328125 0.0849609375
1 0.8935546875 0.638671875 0.142578125 0.091796875
1 0.82861328125 0.595703125 0.1416015625 0.08984375
1 0.79833984375 0.5771484375 0.1416015625 0.095703125
1 0.22705078125 0.205078125 0.1435546875 0.08984375
