1 0.01904296875 0.96337890625 0.0361328125 0.0361328125
1 0.0146484375 0.986328125 0.02734375 0.02734375
1 0.04296875 0.99560546875 0.02734375 0.0087890625
1 0.025390625 0.93603515625 0.048828125 0.0400390625
1 0.16943359375 0.36181640625 0.0537109375 0.0986328125
1 0.1923828125 0.3720703125 0.05078125 0.09375
1 0.23876953125 0.392578125 0.0517578125 0.095703125
1 0.13427734375 0.45703125 0.0517578125 0.09375
1 0.18212890625 0.47509765625 0.0537109375 0.0947265625
1 0.2041015625 0.4833984375 0.052734375 0.09375
1 0.22900390625 0.490234375 0.0556640625 0.09375
1 0.19921875 0.58203125 0.052734375 0.09375
1 0.17236328125 0.5771484375 0.0537109375 0.09375
1 0.14990234375 0.5673828125 0.0517578125 0.095703125
1 0.16552734375 0.67529296875 0.0517578125 0.0966796875
1 0.31005859375 0.75732421875 0.1279296875 0.0986328125
1 0.30517578125 0.79150390625 0.0888671875 0.0654296875
1 0.291015625 0.8154296875 0.087890625 0.06640625
1 0.04150390625 0.83447265625 0.0810546875 0.0576171875
1 0.037109375 0.8603515625 0.072265625 0.052734375
0 0.60205078125 0.10546875 0.0341796875 0.03515625
0 0.51171875 0.16162109375 0.029296875 0.0419921875
0 0.46142578125 0.18115234375 0.0341796875 0.0517578125
0 0.43994140625 0.17431640625 0.0302734375 0.0478515625
0 0.45947265625 0.13330078125 0.0263671875 0.0419921875
0 0.49365234375 0.15185546875 0.0283203125 0.0458984375
0 0.40869140625 0.1640625 0.0302734375 0.046875
0 0.43994140625 0.1298828125 0.0244140625 0.037109375
0 0.3896484375 0.1591796875 0.02734375 0.037109375
0 0.404296875 0.11962890625 0.025390625 0.0380859375
0 0.4228515625 0.1220703125 0.021484375 0.03515625
0 0.54931640625 0.072265625 0.0302734375 0.04296875
0 0.56689453125 0.07861328125 0.0283203125 0.0400390625
0 0.5302734375 0.06494140625 0.02734375 0.0380859375
0 0.51220703125 0.0595703125 0.0263671875 0.0390625
0 0.4951171875 0.0537109375 0.025390625 0.037109375
0 0.47802734375 0.04736328125 0.0302734375 0.0400390625
0 0.4609375 0.03759765625 0.029296875 0.0380859375
0 0.439453125 0.033203125 0.037109375 0.046875
0 0.9755859375 0.111328125 0.0390625 0.037109375
0 0.5302734375 0.169921875 0.02734375 0.037109375
0 0.61474609375 0.11865234375 0.0478515625 0.0439453125
0 0.62939453125 0.1328125 0.0380859375 0.0390625
0 0.63330078125 0.26513671875 0.0361328125 0.0380859375
0 0.6171875 0.255859375 0.03515625 0.037109375
0 0.59130859375 0.28515625 0.0380859375 0.041015625
0 0.578125 0.2724609375 0.033203125 0.033203125
0 0.60400390625 0.2421875 0.0341796875 0.037109375
0 0.5634765625 0.25537109375 0.03515625 0.0361328125
0 0.59033203125 0.22802734375 0.0380859375 0.0400390625
0 0.7490234375 0.2509765625 0.037109375 0.0390625
0 0.7294921875 0.2255859375 0.03515625 0.037109375
0 0.7119140625 0.21142578125 0.048828125 0.0498046875
0 0.7001953125 0.1953125 0.041015625 0.04296875
0 0.5771484375 0.21435546875 0.033203125 0.0400390625
0 0.5478515625 0.244140625 0.033203125 0.037109375
0 0.5341796875 0.2333984375 0.033203125 0.037109375
0 0.5615234375 0.20263671875 0.03515625 0.0400390625
0 0.51806640625 0.2197265625 0.0361328125 0.041015625
0 0.54736328125 0.19091796875 0.0341796875 0.0361328125
0 0.68603515625 0.18310546875 0.0361328125 0.0400390625
0 0.6708984375 0.1708984375 0.037109375 0.0390625
0 0.65625 0.15625 0.03515625 0.037109375
0 0.6435546875 0.1435546875 0.037109375 0.0390625
0 0.64892578125 0.2783203125 0.0380859375 0.0390625
0 0.60498046875 0.2998046875 0.0341796875 0.041015625
0 0.6220703125 0.30859375 0.03515625 0.0390625
0 0.33203125 0.14111328125 0.033203125 0.0478515625
0 0.36669921875 0.10791015625 0.0302734375 0.0458984375
0 0.38330078125 0.1142578125 0.0263671875 0.041015625
0 0.35498046875 0.14306640625 0.0322265625 0.0419921875
0 0.37255859375 0.15380859375 0.0283203125 0.0380859375
0 0.23486328125 0.19921875 0.0283203125 0.046875
0 0.251953125 0.20556640625 0.033203125 0.0439453125
0 0.271484375 0.21142578125 0.03125 0.0498046875
0 0.29150390625 0.220703125 0.0341796875 0.046875
0 0.3251953125 0.232421875 0.033203125 0.046875
0 0.35986328125 0.24853515625 0.0380859375 0.0517578125
0 0.37939453125 0.25830078125 0.0283203125 0.0380859375
0 0.18994140625 0.92724609375 0.0341796875 0.0419921875
0 0.208984375 0.9365234375 0.033203125 0.0390625
0 0.2431640625 0.96142578125 0.037109375 0.0419921875
0 0.1484375 0.94921875 0.03515625 0.041015625
0 0.16552734375 0.9599609375 0.0302734375 0.037109375
0 0.20263671875 0.9794921875 0.0322265625 0.037109375
0 0.3486328125 0.10107421875 0.025390625 0.0380859375
0 0.22705078125 0.14013671875 0.0458984375 0.0361328125
0 0.2333984375 0.11865234375 0.037109375 0.0283203125
0 0.259765625 0.0458984375 0.04296875 0.03125
0 0.2529296875 0.0673828125 0.04296875 0.03125
0 0.2421875 0.1025390625 0.048828125 0.03125
0 0.634765625 0.322265625 0.033203125 0.037109375
0 0.630859375 0.44140625 0.04296875 0.0390625
0 0.64453125 0.45654296875 0.03515625 0.0361328125
0 0.6015625 0.41357421875 0.03515625 0.0380859375
0 0.58544921875 0.40576171875 0.0361328125 0.0380859375
0 0.54150390625 0.36279296875 0.0380859375 0.0419921875
0 0.52734375 0.35205078125 0.029296875 0.0322265625
0 0.5146484375 0.337890625 0.037109375 0.041015625
0 0.49951171875 0.32421875 0.0341796875 0.037109375
0 0.48193359375 0.31298828125 0.0283203125 0.0302734375
0 0.69384765625 0.376953125 0.0322265625 0.037109375
0 0.67529296875 0.365234375 0.0322265625 0.03515625
0 0.72021484375 0.34716796875 0.0361328125 0.0380859375
0 0.662109375 0.35009765625 0.03515625 0.0380859375
0 0.70068359375 0.3369140625 0.0361328125 0.0390625
0 0.68798828125 0.322265625 0.0361328125 0.037109375
0 0.677734375 0.3076171875 0.03515625 0.037109375
0 0.64990234375 0.33447265625 0.0361328125 0.0380859375
0 0.66015625 0.29296875 0.03515625 0.0390625
