1 0.30859375 0.59619140625 0.080078125 0.0869140625
1 0.693359375 0.259765625 0.138671875 0.095703125
1 0.09619140625 0.79248046875 0.0732421875 0.0849609375
1 0.1005859375 0.703125 0.12109375 0.11328125
1 0.19775390625 0.04345703125 0.1298828125 0.0849609375
1 0.04345703125 0.2080078125 0.0849609375 0.080078125
1 0.11669921875 0.775390625 0.0791015625 0.0859375
1 0.1357421875 0.7568359375 0.080078125 0.0859375
1 0.16064453125 0.74072265625 0.0830078125 0.0888671875
1 0.40966796875 0.07470703125 0.1416015625 0.0869140625
1 0.66064453125 0.236328125 0.1396484375 0.09375
1 0.38232421875 0.2802734375 0.1357421875 0.103515625
1 0.599609375 0.19873046875 0.140625 0.0908203125
1 0.53662109375 0.15625 0.1416015625 0.09765625
1 0.50634765625 0.13525390625 0.1396484375 0.0947265625
1 0.44140625 0.09375 0.142578125 0.091796875
1 0.37646484375 0.05078125 0.1416015625 0.08984375
1 0.18212890625 0.72021484375 0.0771484375 0.0830078125
1 0.34521484375 0.04052734375 0.1396484375 0.0791015625
1 0.287109375 0.61572265625 0.083984375 0.0849609375
1 0.26416015625 0.634765625 0.0810546875 0.0859375
1 0.2431640625 0.65869140625 0.08203125 0.0869140625
1 0.22509765625 0.6787109375 0.0771484375 0.083984375
1 0.20458984375 0.69775390625 0.0771484375 0.0791015625
