0 0.1455078125 0.8466796875 0.01953125 0.009765625
1 0.85791015625 0.30908203125 0.0400390625 0.0478515625
1 0.8671875 0.0546875 0.03515625 0.046875
1 0.8642578125 0.10888671875 0.03515625 0.0478515625
1 0.8642578125 0.13330078125 0.03515625 0.0478515625
1 0.86474609375 0.154296875 0.0361328125 0.046875
1 0.861328125 0.18408203125 0.03515625 0.0478515625
1 0.8623046875 0.20849609375 0.03515625 0.0478515625
1 0.86181640625 0.22998046875 0.0361328125 0.0458984375
1 0.8603515625 0.2578125 0.03515625 0.048828125
1 0.86083984375 0.28271484375 0.0380859375 0.0458984375
1 0.85595703125 0.34716796875 0.0361328125 0.0458984375
1 0.92919921875 0.2333984375 0.0615234375 0.05859375
1 0.857421875 0.37353515625 0.03515625 0.0478515625
1 0.6103515625 0.4951171875 0.05078125 0.01171875
1 0.63818359375 0.6474609375 0.0224609375 0.05078125
1 0.67236328125 0.63623046875 0.0166015625 0.0517578125
1 0.6689453125 0.58056640625 0.015625 0.0517578125
1 0.65185546875 0.5859375 0.0166015625 0.05078125
1 0.62109375 0.5751953125 0.015625 0.048828125
1 0.8662109375 0.0302734375 0.033203125 0.048828125
1 0.935546875 0.21923828125 0.041015625 0.0439453125
1 0.59228515625 0.58984375 0.0224609375 0.05078125
0 0.8896484375 0.59521484375 0.01953125 0.0107421875
0 0.880859375 0.56591796875 0.017578125 0.0283203125
0 0.91064453125 0.39111328125 0.0224609375 0.0107421875
0 0.9501953125 0.38134765625 0.021484375 0.0107421875
0 0.95166015625 0.37109375 0.0185546875 0.009765625
0 0.92822265625 0.37158203125 0.0224609375 0.0107421875
1 0.86474609375 0.08447265625 0.0361328125 0.0478515625
1 0.931640625 0.1689453125 0.05859375 0.060546875
1 0.95263671875 0.01220703125 0.0419921875 0.0224609375
1 0.94873046875 0.021484375 0.0439453125 0.033203125
1 0.9482421875 0.041015625 0.0625 0.056640625
1 0.943359375 0.0546875 0.060546875 0.05859375
1 0.935546875 0.0654296875 0.060546875 0.05859375
1 0.9345703125 0.08642578125 0.060546875 0.0615234375
1 0.93505859375 0.107421875 0.0576171875 0.060546875
1 0.93115234375 0.146484375 0.0595703125 0.060546875
1 0.6064453125 0.58642578125 0.025390625 0.0517578125
1 0.58056640625 0.59375 0.0224609375 0.05078125
0 0.1064453125 0.8779296875 0.0234375 0.01171875
1 0.150390625 0.64208984375 0.05078125 0.0126953125
1 0.06884765625 0.59765625 0.0341796875 0.013671875
1 0.0380859375 0.80029296875 0.037109375 0.0458984375
1 0.02490234375 0.79736328125 0.0380859375 0.0478515625
1 0.0107421875 0.79736328125 0.01953125 0.0400390625
1 0.1494140625 0.67822265625 0.052734375 0.0107421875
1 0.0556640625 0.66552734375 0.025390625 0.0380859375
1 0.04052734375 0.666015625 0.0244140625 0.0390625
1 0.02490234375 0.6669921875 0.0224609375 0.0390625
1 0.150390625 0.65673828125 0.048828125 0.0126953125
1 0.1474609375 0.69189453125 0.048828125 0.0126953125
1 0.56787109375 0.59765625 0.0224609375 0.05078125
1 0.56689453125 0.41796875 0.0380859375 0.044921875
1 0.55517578125 0.6015625 0.0244140625 0.052734375
1 0.5419921875 0.60498046875 0.0234375 0.0498046875
1 0.5302734375 0.6123046875 0.025390625 0.05078125
1 0.404296875 0.4736328125 0.01171875 0.05078125
1 0.41748046875 0.47314453125 0.0126953125 0.0517578125
1 0.431640625 0.4765625 0.01171875 0.052734375
1 0.4462890625 0.47412109375 0.01171875 0.0517578125
1 0.5654296875 0.4638671875 0.0390625 0.04296875
1 0.56591796875 0.4423828125 0.0380859375 0.044921875
1 0.56787109375 0.376953125 0.0380859375 0.044921875
1 0.1484375 0.70556640625 0.05078125 0.0126953125
1 0.56884765625 0.3564453125 0.0380859375 0.044921875
1 0.47607421875 0.1953125 0.0126953125 0.05078125
1 0.1416015625 0.7900390625 0.05078125 0.01171875
1 0.14013671875 0.77587890625 0.0498046875 0.0107421875
1 0.14404296875 0.76171875 0.0498046875 0.01171875
1 0.14501953125 0.74853515625 0.0498046875 0.0107421875
1 0.14697265625 0.734375 0.0517578125 0.013671875
1 0.14892578125 0.7197265625 0.0498046875 0.013671875
0 0.857421875 0.623046875 0.015625 0.021484375
0 0.953125 0.65576171875 0.021484375 0.0244140625
0 0.95654296875 0.640625 0.0166015625 0.0234375
0 0.62109375 0.77978515625 0.017578125 0.0224609375
0 0.47119140625 0.81640625 0.0224609375 0.025390625
0 0.4921875 0.81787109375 0.01953125 0.0224609375
0 0.50537109375 0.8173828125 0.0185546875 0.021484375
0 0.51611328125 0.81640625 0.0126953125 0.01953125
0 0.5361328125 0.81982421875 0.01171875 0.0224609375
0 0.6611328125 0.767578125 0.017578125 0.021484375
0 0.6513671875 0.76953125 0.01953125 0.021484375
0 0.64111328125 0.7734375 0.0146484375 0.01953125
0 0.62939453125 0.77685546875 0.0185546875 0.0205078125
0 0.59130859375 0.79443359375 0.0205078125 0.0185546875
0 0.44384765625 0.81103515625 0.0185546875 0.0205078125
0 0.58544921875 0.818359375 0.0224609375 0.0234375
0 0.5966796875 0.8203125 0.01953125 0.025390625
0 0.611328125 0.8193359375 0.015625 0.021484375
0 0.642578125 0.82080078125 0.015625 0.0224609375
0 0.63818359375 0.8056640625 0.0185546875 0.009765625
0 0.65673828125 0.7958984375 0.0224609375 0.017578125
0 0.6572265625 0.8115234375 0.017578125 0.021484375
0 0.66796875 0.81396484375 0.013671875 0.0205078125
0 0.67236328125 0.7978515625 0.0166015625 0.017578125
0 0.45263671875 0.8154296875 0.0185546875 0.021484375
0 0.43017578125 0.81494140625 0.0126953125 0.0224609375
0 0.818359375 0.71826171875 0.0234375 0.0166015625
0 0.0615234375 0.97314453125 0.0234375 0.0185546875
0 0.06640625 0.85498046875 0.01953125 0.0126953125
0 0.4208984375 0.8125 0.013671875 0.021484375
0 0.37255859375 0.79833984375 0.0205078125 0.0107421875
0 0.373046875 0.81103515625 0.021484375 0.0107421875
0 0.3916015625 0.79931640625 0.015625 0.0107421875
0 0.3916015625 0.80908203125 0.017578125 0.0107421875
0 0.40869140625 0.80859375 0.0185546875 0.0234375
0 0.31005859375 0.83984375 0.0205078125 0.01171875
0 0.36279296875 0.8896484375 0.0185546875 0.025390625
0 0.32861328125 0.9248046875 0.0224609375 0.013671875
0 0.33642578125 0.966796875 0.0224609375 0.01171875
0 0.4248046875 0.90185546875 0.009765625 0.0166015625
0 0.43310546875 0.9033203125 0.0087890625 0.015625
0 0.44140625 0.9052734375 0.009765625 0.01953125
0 0.9677734375 0.818359375 0.0078125 0.0234375
0 0.71484375 0.7646484375 0.009765625 0.021484375
0 0.7568359375 0.80810546875 0.01171875 0.0205078125
0 0.76708984375 0.82958984375 0.0185546875 0.0185546875
0 0.81396484375 0.84619140625 0.0224609375 0.0126953125
0 0.83642578125 0.84814453125 0.0205078125 0.0107421875
0 0.8583984375 0.8486328125 0.021484375 0.01171875
0 0.98681640625 0.85205078125 0.0224609375 0.0126953125
0 0.8818359375 0.84912109375 0.017578125 0.0107421875
0 0.990234375 0.81982421875 0.009765625 0.0244140625
0 0.95556640625 0.818359375 0.0107421875 0.025390625
0 0.48388671875 0.90478515625 0.0107421875 0.0205078125
0 0.88671875 0.81640625 0.021484375 0.017578125
0 0.8935546875 0.783203125 0.0234375 0.015625
0 0.892578125 0.77099609375 0.01953125 0.0126953125
0 0.935546875 0.7666015625 0.01171875 0.01953125
0 0.9580078125 0.77099609375 0.01171875 0.0224609375
0 0.9794921875 0.77197265625 0.009765625 0.0205078125
0 0.96875 0.75341796875 0.01953125 0.0146484375
0 0.97314453125 0.74365234375 0.0205078125 0.0146484375
0 0.8154296875 0.7294921875 0.021484375 0.015625
0 0.7041015625 0.7666015625 0.009765625 0.021484375
0 0.69384765625 0.763671875 0.0107421875 0.021484375
0 0.89599609375 0.95751953125 0.0166015625 0.0185546875
0 0.92626953125 0.98486328125 0.0185546875 0.0087890625
0 0.49609375 0.908203125 0.009765625 0.01953125
0 0.50732421875 0.90771484375 0.0107421875 0.0185546875
0 0.52978515625 0.90966796875 0.0107421875 0.0224609375
0 0.54150390625 0.908203125 0.0068359375 0.017578125
0 0.55126953125 0.90966796875 0.0107421875 0.0185546875
0 0.5625 0.91357421875 0.01171875 0.0205078125
0 0.57568359375 0.91064453125 0.0107421875 0.0205078125
0 0.484375 0.94677734375 0.01171875 0.0224609375
0 0.50390625 0.94873046875 0.01171875 0.0244140625
0 0.51904296875 0.94970703125 0.0107421875 0.0205078125
0 0.53125 0.95068359375 0.009765625 0.0205078125
0 0.54150390625 0.9501953125 0.0107421875 0.01953125
0 0.5517578125 0.94873046875 0.01171875 0.0185546875
0 0.576171875 0.990234375 0.0234375 0.01171875
0 0.60498046875 0.9921875 0.0205078125 0.013671875
0 0.7275390625 0.97900390625 0.013671875 0.0224609375
0 0.83154296875 0.955078125 0.0166015625 0.021484375
0 0.8427734375 0.95458984375 0.015625 0.0205078125
0 0.88427734375 0.95556640625 0.0185546875 0.0224609375
