1 0.02490234375 0.0966796875 0.0419921875 0.009765625
1 0.0244140625 0.10791015625 0.044921875 0.0107421875
1 0.02294921875 0.0654296875 0.0458984375 0.009765625
1 0.01416015625 0.0517578125 0.0263671875 0.01171875
0 0.42626953125 0.203125 0.0107421875 0.02734375
0 0.447265625 0.20654296875 0.01171875 0.0244140625
0 0.458984375 0.20166015625 0.01171875 0.0224609375
0 0.591796875 0.83203125 0.01953125 0.01171875
0 0.591796875 0.81298828125 0.01953125 0.0107421875
0 0.61279296875 0.8154296875 0.0185546875 0.009765625
0 0.6123046875 0.8251953125 0.017578125 0.01171875
0 0.1318359375 0.26953125 0.01171875 0.01953125
0 0.11279296875 0.265625 0.0107421875 0.01953125
0 0.09326171875 0.263671875 0.0087890625 0.017578125
0 0.087890625 0.1806640625 0.009765625 0.021484375
0 0.39599609375 0.19921875 0.0107421875 0.025390625
0 0.28125 0.66552734375 0.01171875 0.0224609375
0 0.3916015625 0.67138671875 0.009765625 0.0224609375
