1 0.6259765625 0.14453125 0.01171875 0.037109375
1 0.63818359375 0.14111328125 0.0107421875 0.0380859375
1 0.6123046875 0.14306640625 0.015625 0.0458984375
1 0.6015625 0.1396484375 0.013671875 0.037109375
1 0.5888671875 0.138671875 0.01171875 0.044921875
1 0.56787109375 0.11376953125 0.0341796875 0.0146484375
1 0.56396484375 0.1015625 0.0419921875 0.013671875
1 0.6015625 0.078125 0.013671875 0.037109375
1 0.619140625 0.072265625 0.009765625 0.037109375
1 0.638671875 0.08056640625 0.02734375 0.0439453125
1 0.66015625 0.087890625 0.033203125 0.033203125
1 0.68408203125 0.08447265625 0.0361328125 0.0283203125
1 0.68994140625 0.07080078125 0.0322265625 0.0244140625
1 0.82958984375 0.0966796875 0.0419921875 0.009765625
1 0.8291015625 0.10791015625 0.044921875 0.0107421875
1 0.82763671875 0.0654296875 0.0458984375 0.009765625
1 0.8095703125 0.0517578125 0.044921875 0.01171875
1 0.68359375 0.0361328125 0.01171875 0.037109375
1 0.6337890625 0.03857421875 0.01171875 0.0361328125
1 0.62109375 0.03076171875 0.013671875 0.0380859375
1 0.60498046875 0.03662109375 0.0126953125 0.0419921875
1 0.55908203125 0.087890625 0.0380859375 0.01171875
1 0.55517578125 0.07470703125 0.0361328125 0.0126953125
1 0.55419921875 0.060546875 0.0380859375 0.01171875
1 0.7802734375 0.0185546875 0.037109375 0.01171875
1 0.65234375 0.14306640625 0.009765625 0.0458984375
1 0.66552734375 0.14501953125 0.0107421875 0.0458984375
1 0.67919921875 0.154296875 0.0107421875 0.0390625
1 0.50927734375 0.70751953125 0.0361328125 0.0185546875
1 0.40087890625 0.6806640625 0.0458984375 0.0234375
1 0.44921875 0.66845703125 0.046875 0.0224609375
1 0.49609375 0.65673828125 0.046875 0.0224609375
1 0.40771484375 0.69287109375 0.0458984375 0.0205078125
1 0.45361328125 0.68212890625 0.0458984375 0.0224609375
1 0.5 0.6708984375 0.046875 0.0234375
1 0.40771484375 0.70751953125 0.0458984375 0.0224609375
1 0.4560546875 0.69482421875 0.046875 0.0224609375
1 0.50390625 0.68310546875 0.046875 0.0224609375
1 0.4150390625 0.71923828125 0.046875 0.0224609375
1 0.427734375 0.7294921875 0.037109375 0.01953125
1 0.46875 0.71923828125 0.037109375 0.0185546875
1 0.4228515625 0.7451171875 0.044921875 0.021484375
1 0.69384765625 0.1630859375 0.0087890625 0.03125
1 0.4716796875 0.73291015625 0.04296875 0.0224609375
1 0.5166015625 0.72119140625 0.044921875 0.0205078125
1 0.42138671875 0.7626953125 0.0439453125 0.021484375
1 0.47119140625 0.7470703125 0.0419921875 0.021484375
1 0.51904296875 0.73486328125 0.0439453125 0.0205078125
1 0.517578125 0.748046875 0.044921875 0.021484375
1 0.76904296875 0.16455078125 0.0107421875 0.0361328125
1 0.75439453125 0.16748046875 0.0107421875 0.0322265625
1 0.7392578125 0.16064453125 0.009765625 0.0439453125
1 0.7255859375 0.15625 0.009765625 0.04296875
1 0.71484375 0.15576171875 0.009765625 0.0380859375
1 0.70361328125 0.15966796875 0.0107421875 0.0400390625
1 0.48828125 0.64404296875 0.041015625 0.0205078125
1 0.44580078125 0.65576171875 0.0458984375 0.0224609375
1 0.3984375 0.66796875 0.046875 0.021484375
1 0.4892578125 0.6298828125 0.046875 0.021484375
1 0.47119140625 0.56591796875 0.0458984375 0.0224609375
1 0.36962890625 0.46337890625 0.0205078125 0.0458984375
1 0.3828125 0.46044921875 0.01953125 0.0458984375
1 0.39599609375 0.45751953125 0.0224609375 0.0517578125
1 0.41015625 0.4560546875 0.01953125 0.04296875
1 0.42138671875 0.4482421875 0.0224609375 0.0546875
1 0.435546875 0.4453125 0.0234375 0.052734375
1 0.44873046875 0.4453125 0.0205078125 0.044921875
1 0.37255859375 0.5634765625 0.0478515625 0.0234375
1 0.375 0.5771484375 0.046875 0.021484375
1 0.47119140625 0.53662109375 0.0458984375 0.0185546875
1 0.37548828125 0.59130859375 0.0458984375 0.0224609375
1 0.421875 0.578125 0.044921875 0.021484375
1 0.47216796875 0.57861328125 0.0458984375 0.0224609375
1 0.34375 0.46826171875 0.01953125 0.0458984375
1 0.4228515625 0.591796875 0.044921875 0.021484375
1 0.375 0.60498046875 0.044921875 0.0205078125
1 0.38330078125 0.61572265625 0.0478515625 0.0244140625
1 0.42919921875 0.6025390625 0.0439453125 0.021484375
1 0.4755859375 0.591796875 0.04296875 0.021484375
1 0.38720703125 0.62841796875 0.0439453125 0.0205078125
1 0.439453125 0.61572265625 0.04296875 0.0224609375
1 0.48583984375 0.6044921875 0.0458984375 0.021484375
1 0.3896484375 0.64306640625 0.044921875 0.0224609375
1 0.4384765625 0.63037109375 0.044921875 0.0205078125
1 0.48876953125 0.6162109375 0.0458984375 0.021484375
1 0.43994140625 0.64306640625 0.0458984375 0.0224609375
1 0.3564453125 0.46533203125 0.01953125 0.0458984375
1 0.33203125 0.47119140625 0.01953125 0.0458984375
1 0.3154296875 0.45849609375 0.01953125 0.0458984375
1 0.26416015625 0.51171875 0.0205078125 0.046875
1 0.275390625 0.56396484375 0.021484375 0.0458984375
1 0.294921875 0.46923828125 0.017578125 0.0458984375
1 0.3056640625 0.4677734375 0.017578125 0.044921875
0 0.9365234375 0.26953125 0.01171875 0.01953125
0 0.91748046875 0.265625 0.0107421875 0.01953125
0 0.89794921875 0.263671875 0.0087890625 0.017578125
0 0.892578125 0.1806640625 0.009765625 0.021484375
0 0.27294921875 0.0126953125 0.0126953125 0.025390625
0 0.19677734375 0.05859375 0.0185546875 0.03125
0 0.20849609375 0.05615234375 0.0146484375 0.0263671875
0 0.22021484375 0.0546875 0.0146484375 0.025390625
0 0.23193359375 0.0517578125 0.0146484375 0.025390625
0 0.24365234375 0.046875 0.0146484375 0.02734375
0 0.25390625 0.04345703125 0.015625 0.0263671875
0 0.26611328125 0.04150390625 0.0146484375 0.0263671875
0 0.27587890625 0.0390625 0.0126953125 0.02734375
0 0.28564453125 0.0341796875 0.0126953125 0.0390625
0 0.1611328125 0.169921875 0.025390625 0.0234375
0 0.1640625 0.1806640625 0.02734375 0.02734375
0 0.185546875 0.19091796875 0.021484375 0.0283203125
0 0.19287109375 0.2001953125 0.0205078125 0.025390625
0 0.19482421875 0.21484375 0.0244140625 0.029296875
0 0.2001953125 0.2314453125 0.025390625 0.029296875
0 0.20361328125 0.2470703125 0.0244140625 0.03125
0 0.20556640625 0.263671875 0.0263671875 0.03125
0 0.21240234375 0.27392578125 0.0244140625 0.0302734375
0 0.2138671875 0.2880859375 0.02734375 0.02734375
0 0.21533203125 0.30322265625 0.0263671875 0.0302734375
0 0.22021484375 0.314453125 0.0283203125 0.029296875
0 0.22216796875 0.32861328125 0.0263671875 0.0263671875
0 0.2265625 0.33984375 0.029296875 0.029296875
0 0.228515625 0.35546875 0.02734375 0.029296875
0 0.23193359375 0.36865234375 0.0263671875 0.0263671875
0 0.23583984375 0.38330078125 0.0263671875 0.0263671875
0 0.26123046875 0.01416015625 0.0146484375 0.0283203125
0 0.25 0.01611328125 0.015625 0.0283203125
0 0.23779296875 0.02099609375 0.0146484375 0.0283203125
0 0.1279296875 0.0283203125 0.02734375 0.02734375
0 0.12109375 0.00830078125 0.029296875 0.0146484375
0 0.12548828125 0.0146484375 0.0283203125 0.025390625
0 0.13134765625 0.041015625 0.0283203125 0.02734375
0 0.2265625 0.02490234375 0.013671875 0.0283203125
0 0.1357421875 0.05224609375 0.02734375 0.0244140625
0 0.13818359375 0.0654296875 0.0283203125 0.02734375
0 0.1396484375 0.0791015625 0.025390625 0.025390625
0 0.142578125 0.091796875 0.029296875 0.02734375
0 0.146484375 0.10498046875 0.025390625 0.0263671875
0 0.14892578125 0.1181640625 0.0263671875 0.0234375
0 0.15087890625 0.13134765625 0.0244140625 0.0244140625
0 0.1552734375 0.14453125 0.029296875 0.029296875
0 0.16064453125 0.15771484375 0.0283203125 0.0263671875
0 0.19140625 0.03271484375 0.015625 0.0263671875
0 0.20263671875 0.029296875 0.0146484375 0.02734375
0 0.21630859375 0.02880859375 0.0146484375 0.0263671875
0 0.2392578125 0.39794921875 0.025390625 0.0263671875
0 0.24072265625 0.41064453125 0.0244140625 0.0283203125
0 0.24560546875 0.421875 0.0283203125 0.02734375
0 0.25 0.45263671875 0.01953125 0.0322265625
0 0.29931640625 0.6240234375 0.0166015625 0.029296875
0 0.1962890625 0.70068359375 0.013671875 0.0185546875
0 0.23779296875 0.88232421875 0.0166015625 0.0224609375
0 0.458984375 0.43212890625 0.021484375 0.0400390625
0 0.47607421875 0.54931640625 0.0302734375 0.0205078125
