0 0.7109375 0.81005859375 0.0234375 0.0244140625
1 0.01416015625 0.39892578125 0.0263671875 0.0322265625
1 0.01806640625 0.27685546875 0.0341796875 0.0361328125
1 0.04931640625 0.3076171875 0.0400390625 0.03515625
1 0.01806640625 0.2958984375 0.0302734375 0.029296875
1 0.0478515625 0.32568359375 0.037109375 0.0341796875
1 0.01904296875 0.31396484375 0.0361328125 0.0361328125
1 0.048828125 0.3447265625 0.037109375 0.037109375
1 0.01611328125 0.33154296875 0.0302734375 0.0302734375
1 0.04638671875 0.3623046875 0.0380859375 0.037109375
1 0.0166015625 0.34619140625 0.03125 0.0361328125
1 0.04443359375 0.3779296875 0.0400390625 0.0390625
1 0.01513671875 0.36669921875 0.0283203125 0.0361328125
1 0.04345703125 0.39697265625 0.0361328125 0.0341796875
1 0.01171875 0.49853515625 0.021484375 0.0302734375
1 0.0107421875 0.515625 0.01953125 0.02734375
1 0.03564453125 0.5283203125 0.0380859375 0.037109375
1 0.013671875 0.77587890625 0.025390625 0.0283203125
1 0.02294921875 0.7197265625 0.0380859375 0.0390625
1 0.0224609375 0.66748046875 0.0390625 0.0380859375
1 0.0263671875 0.6533203125 0.037109375 0.0390625
1 0.02880859375 0.6171875 0.0380859375 0.0390625
1 0.03076171875 0.599609375 0.0361328125 0.037109375
1 0.0087890625 0.5888671875 0.015625 0.025390625
1 0.03369140625 0.58154296875 0.0380859375 0.0380859375
1 0.0322265625 0.56201171875 0.03515625 0.0361328125
1 0.0322265625 0.54443359375 0.037109375 0.0380859375
1 0.013671875 0.38232421875 0.025390625 0.0302734375
1 0.04150390625 0.412109375 0.0400390625 0.037109375
1 0.04150390625 0.4296875 0.0380859375 0.037109375
1 0.33935546875 0.9951171875 0.0166015625 0.009765625
1 0.349609375 0.98828125 0.029296875 0.0234375
1 0.357421875 0.98095703125 0.03515625 0.0380859375
1 0.3837890625 0.98876953125 0.02734375 0.0224609375
1 0.357421875 0.9619140625 0.037109375 0.0390625
1 0.38818359375 0.97705078125 0.0380859375 0.0380859375
1 0.390625 0.96142578125 0.037109375 0.0400390625
1 0.35595703125 0.9423828125 0.0361328125 0.0390625
1 0.35693359375 0.92578125 0.0380859375 0.041015625
1 0.3916015625 0.94482421875 0.03515625 0.0361328125
1 0.35986328125 0.9111328125 0.0380859375 0.0390625
1 0.392578125 0.92626953125 0.0390625 0.0380859375
1 0.35791015625 0.890625 0.0400390625 0.0390625
1 0.3603515625 0.8759765625 0.0390625 0.0390625
1 0.39404296875 0.91015625 0.0361328125 0.037109375
1 0.3955078125 0.89208984375 0.041015625 0.0380859375
1 0.359375 0.85888671875 0.0390625 0.0380859375
1 0.361328125 0.84375 0.0390625 0.037109375
1 0.396484375 0.876953125 0.0390625 0.037109375
1 0.3974609375 0.8603515625 0.0390625 0.0390625
1 0.39990234375 0.84521484375 0.0380859375 0.0380859375
1 0.41064453125 0.8388671875 0.0341796875 0.03515625
1 0.1416015625 0.98828125 0.025390625 0.0234375
1 0.1201171875 0.99462890625 0.015625 0.0107421875
1 0.01318359375 0.41796875 0.0244140625 0.03125
1 0.041015625 0.4462890625 0.0390625 0.037109375
1 0.013671875 0.43359375 0.025390625 0.03125
1 0.0400390625 0.4619140625 0.0390625 0.03515625
1 0.01318359375 0.44873046875 0.0244140625 0.0322265625
1 0.03857421875 0.4794921875 0.0380859375 0.037109375
1 0.01220703125 0.46533203125 0.0224609375 0.0302734375
1 0.03759765625 0.49560546875 0.0380859375 0.0380859375
1 0.03662109375 0.51123046875 0.0380859375 0.0380859375
1 0.01904296875 0.81982421875 0.0361328125 0.0361328125
1 0.0166015625 0.8486328125 0.03125 0.037109375
1 0.015625 0.8662109375 0.029296875 0.033203125
1 0.0146484375 0.9013671875 0.02734375 0.03125
1 0.015625 0.88232421875 0.029296875 0.0322265625
1 0.13916015625 0.97265625 0.0302734375 0.0390625
1 0.11474609375 0.98193359375 0.0302734375 0.0361328125
1 0.0693359375 0.06787109375 0.009765625 0.0439453125
1 0.06787109375 0.0205078125 0.0126953125 0.0390625
1 0.056640625 0.02490234375 0.01171875 0.0458984375
1 0.14111328125 0.9453125 0.0341796875 0.041015625
1 0.13232421875 0.73974609375 0.0322265625 0.0419921875
1 0.080078125 0.79150390625 0.029296875 0.0400390625
1 0.1064453125 0.751953125 0.033203125 0.04296875
1 0.1337890625 0.71337890625 0.033203125 0.0419921875
1 0.15869140625 0.67529296875 0.0322265625 0.0400390625
1 0.16162109375 0.6455078125 0.0322265625 0.0390625
1 0.13525390625 0.6845703125 0.0341796875 0.04296875
1 0.10888671875 0.7236328125 0.0302734375 0.041015625
1 0.08447265625 0.7607421875 0.0322265625 0.041015625
1 0.0810546875 0.740234375 0.03125 0.041015625
1 0.10888671875 0.69921875 0.0341796875 0.046875
1 0.13623046875 0.6591796875 0.0341796875 0.041015625
1 0.162109375 0.62158203125 0.03125 0.0380859375
1 0.13916015625 0.63232421875 0.0322265625 0.0419921875
1 0.1650390625 0.59375 0.03125 0.0390625
1 0.08984375 0.70263671875 0.03125 0.0400390625
1 0.0888671875 0.67919921875 0.029296875 0.0380859375
1 0.1142578125 0.642578125 0.03125 0.04296875
1 0.14111328125 0.6044921875 0.0322265625 0.0390625
1 0.1669921875 0.56640625 0.03125 0.041015625
1 0.11572265625 0.615234375 0.0322265625 0.044921875
1 0.142578125 0.57861328125 0.033203125 0.0400390625
1 0.16845703125 0.53857421875 0.0322265625 0.0419921875
1 0.1708984375 0.51318359375 0.03125 0.0380859375
1 0.14501953125 0.55029296875 0.0341796875 0.0419921875
1 0.11865234375 0.5888671875 0.0322265625 0.04296875
1 0.09326171875 0.6015625 0.0322265625 0.04296875
1 0.10546875 0.779296875 0.033203125 0.04296875
1 0.07958984375 0.81591796875 0.0283203125 0.0380859375
1 0.15625 0.72802734375 0.033203125 0.0419921875
1 0.09619140625 0.91259765625 0.0322265625 0.0419921875
1 0.09228515625 0.986328125 0.0263671875 0.02734375
1 0.11669921875 0.95751953125 0.0302734375 0.0400390625
1 0.140625 0.92138671875 0.03125 0.0400390625
1 0.12255859375 0.92578125 0.0302734375 0.0390625
1 0.09326171875 0.96435546875 0.0302734375 0.0400390625
1 0.0732421875 0.990234375 0.021484375 0.01953125
1 0.1455078125 0.89013671875 0.029296875 0.0380859375
1 0.07080078125 0.97412109375 0.0322265625 0.0419921875
1 0.0966796875 0.9375 0.03125 0.041015625
1 0.12255859375 0.8984375 0.0341796875 0.04296875
1 0.1494140625 0.8583984375 0.033203125 0.04296875
1 0.06982421875 0.951171875 0.0302734375 0.041015625
1 0.1220703125 0.876953125 0.03125 0.0390625
1 0.1298828125 0.7666015625 0.033203125 0.0390625
1 0.14599609375 0.83837890625 0.0341796875 0.0439453125
1 0.0712890625 0.92529296875 0.03125 0.0419921875
1 0.09814453125 0.8857421875 0.0322265625 0.04296875
1 0.12451171875 0.84765625 0.0341796875 0.04296875
1 0.0732421875 0.8974609375 0.033203125 0.041015625
1 0.0986328125 0.859375 0.029296875 0.0390625
1 0.12646484375 0.82080078125 0.0322265625 0.0400390625
1 0.0771484375 0.8681640625 0.029296875 0.037109375
1 0.10107421875 0.83251953125 0.0322265625 0.0419921875
1 0.12841796875 0.79345703125 0.0341796875 0.0439453125
1 0.0771484375 0.841796875 0.03125 0.04296875
1 0.103515625 0.80419921875 0.03125 0.0419921875
1 0.11962890625 0.56298828125 0.0322265625 0.0400390625
1 0.1455078125 0.52587890625 0.03125 0.0400390625
1 0.17138671875 0.48828125 0.0341796875 0.04296875
1 0.0947265625 0.19091796875 0.009765625 0.0458984375
1 0.0810546875 0.18701171875 0.01171875 0.0458984375
1 0.10791015625 0.14453125 0.0107421875 0.04296875
1 0.09521484375 0.14208984375 0.0107421875 0.0439453125
1 0.08251953125 0.138671875 0.0107421875 0.044921875
1 0.1083984375 0.09814453125 0.01171875 0.0458984375
1 0.095703125 0.09130859375 0.009765625 0.0439453125
1 0.08251953125 0.08935546875 0.0107421875 0.0439453125
1 0.1083984375 0.05078125 0.01171875 0.044921875
1 0.09423828125 0.0439453125 0.0107421875 0.04296875
1 0.107421875 0.01416015625 0.009765625 0.0263671875
1 0.09375 0.01025390625 0.009765625 0.0185546875
1 0.1806640625 0.2275390625 0.044921875 0.013671875
1 0.134765625 0.22314453125 0.044921875 0.0146484375
1 0.1142578125 0.32763671875 0.033203125 0.0419921875
1 0.095703125 0.57421875 0.03125 0.0390625
1 0.10595703125 0.46240234375 0.0302734375 0.0419921875
1 0.12109375 0.53662109375 0.033203125 0.0419921875
1 0.1484375 0.4970703125 0.03515625 0.044921875
1 0.1748046875 0.45654296875 0.033203125 0.0439453125
1 0.09765625 0.546875 0.03515625 0.04296875
1 0.12451171875 0.50830078125 0.0322265625 0.0439453125
1 0.150390625 0.46875 0.03515625 0.044921875
1 0.10205078125 0.517578125 0.0322265625 0.04296875
1 0.1259765625 0.47998046875 0.03125 0.0400390625
1 0.15283203125 0.44384765625 0.0341796875 0.0419921875
1 0.1767578125 0.40625 0.03125 0.041015625
1 0.18115234375 0.37646484375 0.0361328125 0.0439453125
1 0.15576171875 0.41552734375 0.0341796875 0.0439453125
1 0.1328125 0.42236328125 0.03125 0.0400390625
1 0.11083984375 0.3564453125 0.0322265625 0.041015625
1 0.1591796875 0.384765625 0.033203125 0.04296875
1 0.18505859375 0.3466796875 0.0322265625 0.041015625
1 0.18359375 0.32421875 0.033203125 0.0390625
1 0.1572265625 0.36279296875 0.033203125 0.0400390625
1 0.1318359375 0.39892578125 0.029296875 0.0400390625
1 0.10693359375 0.43603515625 0.0302734375 0.0400390625
1 0.13330078125 0.37255859375 0.0322265625 0.0419921875
1 0.15966796875 0.333984375 0.0341796875 0.04296875
1 0.109375 0.384765625 0.03125 0.04296875
1 0.13427734375 0.34765625 0.0322265625 0.041015625
1 0.1591796875 0.31298828125 0.029296875 0.0361328125
1 0.13916015625 0.314453125 0.0244140625 0.033203125
0 0.7373046875 0.64599609375 0.0234375 0.0283203125
0 0.7060546875 0.69287109375 0.021484375 0.0263671875
0 0.64453125 0.6240234375 0.021484375 0.025390625
0 0.64208984375 0.6015625 0.0224609375 0.029296875
0 0.6005859375 0.64013671875 0.01953125 0.0263671875
0 0.58544921875 0.6376953125 0.0224609375 0.02734375
0 0.5712890625 0.63232421875 0.0234375 0.0283203125
0 0.6142578125 0.61767578125 0.021484375 0.0283203125
0 0.63037109375 0.59619140625 0.0224609375 0.0283203125
0 0.60107421875 0.61572265625 0.0244140625 0.0283203125
0 0.58740234375 0.6103515625 0.0224609375 0.029296875
0 0.5732421875 0.6064453125 0.0234375 0.02734375
0 0.61474609375 0.591796875 0.0224609375 0.02734375
0 0.60205078125 0.587890625 0.0244140625 0.029296875
0 0.58935546875 0.583984375 0.0224609375 0.02734375
0 0.57568359375 0.57958984375 0.0224609375 0.0263671875
0 0.63134765625 0.56787109375 0.0224609375 0.0302734375
0 0.7060546875 0.83935546875 0.0234375 0.0263671875
0 0.6953125 0.830078125 0.021484375 0.025390625
0 0.69091796875 0.8115234375 0.0244140625 0.029296875
0 0.67626953125 0.80859375 0.0224609375 0.02734375
0 0.6904296875 0.78662109375 0.0234375 0.0302734375
0 0.70703125 0.7890625 0.0234375 0.025390625
0 0.70654296875 0.763671875 0.0205078125 0.02734375
0 0.69091796875 0.76123046875 0.0224609375 0.0283203125
0 0.6787109375 0.75537109375 0.0234375 0.0283203125
0 0.70458984375 0.740234375 0.0224609375 0.02734375
0 0.6943359375 0.73193359375 0.0234375 0.0283203125
0 0.68994140625 0.71435546875 0.0244140625 0.0263671875
0 0.62744140625 0.6240234375 0.0205078125 0.025390625
0 0.61328125 0.6435546875 0.0234375 0.029296875
0 0.5703125 0.6591796875 0.0234375 0.02734375
0 0.59326171875 0.72265625 0.0244140625 0.029296875
0 0.6064453125 0.775390625 0.0234375 0.029296875
0 0.62109375 0.75390625 0.01953125 0.025390625
0 0.58984375 0.77685546875 0.0234375 0.0283203125
0 0.5751953125 0.77197265625 0.0234375 0.0283203125
0 0.56201171875 0.76806640625 0.0224609375 0.0302734375
0 0.59228515625 0.748046875 0.0224609375 0.02734375
0 0.57763671875 0.74462890625 0.0224609375 0.0283203125
0 0.5654296875 0.7392578125 0.0234375 0.029296875
0 0.634765625 0.7578125 0.0234375 0.02734375
0 0.63525390625 0.73291015625 0.0224609375 0.0263671875
0 0.62255859375 0.7275390625 0.0244140625 0.029296875
0 0.60693359375 0.7509765625 0.0244140625 0.029296875
0 0.580078125 0.716796875 0.025390625 0.029296875
0 0.59814453125 0.66748046875 0.0224609375 0.0263671875
0 0.59619140625 0.69384765625 0.0224609375 0.0244140625
0 0.6103515625 0.69580078125 0.0234375 0.0283203125
0 0.6259765625 0.69775390625 0.021484375 0.0283203125
0 0.6376953125 0.705078125 0.0234375 0.02734375
0 0.6435546875 0.67236328125 0.02734375 0.0322265625
0 0.626953125 0.673828125 0.0234375 0.02734375
0 0.64306640625 0.6484375 0.0244140625 0.03125
0 0.62841796875 0.64599609375 0.0224609375 0.0302734375
0 0.61181640625 0.67041015625 0.0224609375 0.0302734375
0 0.583984375 0.6884765625 0.0234375 0.02734375
0 0.56982421875 0.6845703125 0.0244140625 0.02734375
0 0.5859375 0.66259765625 0.025390625 0.0283203125
0 0.70947265625 0.70849609375 0.0224609375 0.0263671875
0 0.70068359375 0.67333984375 0.0224609375 0.0244140625
0 0.7021484375 0.650390625 0.0234375 0.029296875
0 0.7060546875 0.47705078125 0.029296875 0.0302734375
0 0.7080078125 0.45751953125 0.0234375 0.0244140625
0 0.7041015625 0.4453125 0.02734375 0.025390625
0 0.7001953125 0.4326171875 0.025390625 0.01953125
0 0.64111328125 0.458984375 0.0244140625 0.03125
0 0.6572265625 0.43505859375 0.025390625 0.0283203125
0 0.62744140625 0.45361328125 0.0244140625 0.0302734375
0 0.64501953125 0.4306640625 0.0244140625 0.02734375
0 0.6279296875 0.4296875 0.0234375 0.029296875
0 0.64404296875 0.40576171875 0.0244140625 0.0302734375
0 0.61083984375 0.4541015625 0.0224609375 0.029296875
0 0.5986328125 0.4501953125 0.0234375 0.02734375
0 0.58740234375 0.4404296875 0.0244140625 0.029296875
0 0.61279296875 0.42822265625 0.0244140625 0.0322265625
0 0.6025390625 0.41943359375 0.0234375 0.0302734375
0 0.58837890625 0.41650390625 0.0244140625 0.0283203125
0 0.60205078125 0.3955078125 0.0244140625 0.02734375
0 0.6181640625 0.39599609375 0.0234375 0.0283203125
0 0.62890625 0.40380859375 0.0234375 0.0283203125
0 0.64453125 0.38134765625 0.0234375 0.0283203125
0 0.63330078125 0.375 0.0244140625 0.02734375
0 0.61572265625 0.373046875 0.0244140625 0.029296875
0 0.5966796875 0.3798828125 0.0234375 0.029296875
0 0.57958984375 0.40234375 0.0244140625 0.02734375
0 0.5810546875 0.37744140625 0.02734375 0.0302734375
0 0.583984375 0.35009765625 0.025390625 0.0302734375
0 0.59716796875 0.3544921875 0.0244140625 0.029296875
0 0.69677734375 0.51953125 0.0244140625 0.025390625
0 0.69873046875 0.53759765625 0.0244140625 0.0263671875
0 0.697265625 0.55712890625 0.025390625 0.0283203125
0 0.60595703125 0.5341796875 0.0244140625 0.029296875
0 0.697265625 0.63525390625 0.021484375 0.0244140625
0 0.68896484375 0.62255859375 0.0244140625 0.0263671875
0 0.70654296875 0.6005859375 0.0244140625 0.025390625
0 0.69189453125 0.5986328125 0.0244140625 0.025390625
0 0.68994140625 0.5830078125 0.0263671875 0.025390625
0 0.61865234375 0.56396484375 0.0244140625 0.0302734375
0 0.64697265625 0.54638671875 0.0244140625 0.0263671875
0 0.63330078125 0.54150390625 0.0224609375 0.0244140625
0 0.60498046875 0.56103515625 0.0244140625 0.0302734375
0 0.59033203125 0.55712890625 0.0244140625 0.0283203125
0 0.62158203125 0.5361328125 0.0244140625 0.029296875
0 0.57958984375 0.5498046875 0.0224609375 0.029296875
0 0.5927734375 0.52734375 0.0234375 0.02734375
0 0.70849609375 0.5625 0.0244140625 0.02734375
0 0.5791015625 0.52490234375 0.021484375 0.0263671875
0 0.6376953125 0.5126953125 0.025390625 0.029296875
0 0.654296875 0.48828125 0.025390625 0.029296875
0 0.63818359375 0.4873046875 0.0263671875 0.029296875
0 0.62255859375 0.5107421875 0.0244140625 0.029296875
0 0.60888671875 0.5068359375 0.0244140625 0.029296875
0 0.59521484375 0.501953125 0.0224609375 0.02734375
0 0.5810546875 0.49853515625 0.025390625 0.0302734375
0 0.611328125 0.4794921875 0.02734375 0.029296875
0 0.59521484375 0.4755859375 0.0224609375 0.02734375
0 0.583984375 0.47265625 0.0234375 0.029296875
0 0.708984375 0.58056640625 0.0234375 0.0244140625
0 0.619140625 0.78125 0.0234375 0.029296875
0 0.64013671875 0.7744140625 0.0224609375 0.02734375
0 0.63623046875 0.80078125 0.0244140625 0.029296875
0 0.6259765625 0.79541015625 0.0234375 0.0283203125
0 0.0400390625 0.03759765625 0.013671875 0.0283203125
0 0.04248046875 0.06591796875 0.0166015625 0.0283203125
0 0.04443359375 0.1201171875 0.0126953125 0.02734375
0 0.04443359375 0.150390625 0.0126953125 0.025390625
0 0.04443359375 0.17822265625 0.0126953125 0.0244140625
0 0.57421875 0.7978515625 0.021484375 0.025390625
0 0.5869140625 0.80224609375 0.0234375 0.0283203125
0 0.6015625 0.80615234375 0.025390625 0.0302734375
0 0.61181640625 0.3564453125 0.0244140625 0.029296875
0 0.63134765625 0.349609375 0.0244140625 0.03125
0 0.62548828125 0.3349609375 0.0244140625 0.02734375
0 0.72607421875 0.5419921875 0.0263671875 0.02734375
0 0.71337890625 0.39892578125 0.0283203125 0.0205078125
0 0.7177734375 0.4111328125 0.03125 0.0234375
0 0.7236328125 0.42138671875 0.02734375 0.0205078125
0 0.72705078125 0.43408203125 0.0302734375 0.0224609375
0 0.7265625 0.45703125 0.02734375 0.0234375
0 0.72900390625 0.4697265625 0.0283203125 0.025390625
0 0.732421875 0.48388671875 0.025390625 0.0263671875
0 0.7138671875 0.5009765625 0.025390625 0.025390625
0 0.732421875 0.50048828125 0.0234375 0.0244140625
0 0.7158203125 0.5185546875 0.025390625 0.02734375
0 0.7353515625 0.515625 0.025390625 0.02734375
0 0.716796875 0.537109375 0.0234375 0.0234375
0 0.7255859375 0.56201171875 0.025390625 0.0263671875
0 0.724609375 0.580078125 0.025390625 0.02734375
0 0.7294921875 0.59375 0.0234375 0.02734375
0 0.7119140625 0.6142578125 0.0234375 0.025390625
0 0.73388671875 0.6083984375 0.0263671875 0.029296875
0 0.716796875 0.62890625 0.0234375 0.025390625
0 0.732421875 0.6298828125 0.0234375 0.02734375
0 0.71484375 0.65478515625 0.0234375 0.0283203125
0 0.72119140625 0.6708984375 0.0224609375 0.02734375
0 0.72998046875 0.68408203125 0.0224609375 0.0283203125
0 0.7216796875 0.71630859375 0.025390625 0.0283203125
0 0.77587890625 0.64794921875 0.0166015625 0.0244140625
0 0.74853515625 0.6494140625 0.0244140625 0.029296875
0 0.70947265625 0.38720703125 0.0263671875 0.0205078125
0 0.61328125 0.32958984375 0.025390625 0.0322265625
0 0.55712890625 0.1953125 0.0224609375 0.02734375
0 0.54296875 0.21484375 0.0234375 0.02734375
0 0.53369140625 0.2060546875 0.0244140625 0.03125
0 0.50341796875 0.2255859375 0.0244140625 0.029296875
0 0.47998046875 0.21142578125 0.0224609375 0.0263671875
0 0.51953125 0.201171875 0.0234375 0.02734375
0 0.50390625 0.2021484375 0.0234375 0.02734375
0 0.49462890625 0.18994140625 0.0263671875 0.0322265625
0 0.5341796875 0.18017578125 0.025390625 0.0283203125
0 0.5185546875 0.17724609375 0.02734375 0.0302734375
0 0.5498046875 0.15673828125 0.02734375 0.0341796875
0 0.53515625 0.1533203125 0.025390625 0.03125
0 0.5126953125 0.16552734375 0.025390625 0.0283203125
0 0.49462890625 0.16552734375 0.0224609375 0.0283203125
0 0.4833984375 0.15869140625 0.0234375 0.0263671875
0 0.52880859375 0.14013671875 0.0244140625 0.0283203125
0 0.5107421875 0.14306640625 0.025390625 0.0302734375
0 0.498046875 0.1376953125 0.021484375 0.025390625
0 0.484375 0.1328125 0.0234375 0.02734375
0 0.60009765625 0.12353515625 0.0263671875 0.0302734375
0 0.619140625 0.12109375 0.025390625 0.029296875
0 0.6376953125 0.11962890625 0.02734375 0.0302734375
0 0.63525390625 0.099609375 0.0244140625 0.02734375
0 0.61572265625 0.10009765625 0.0244140625 0.0302734375
0 0.59716796875 0.10302734375 0.0224609375 0.0283203125
0 0.6123046875 0.08203125 0.025390625 0.02734375
0 0.6279296875 0.06201171875 0.02734375 0.0302734375
0 0.60302734375 0.14306640625 0.0205078125 0.0263671875
0 0.62109375 0.1416015625 0.025390625 0.02734375
0 0.603515625 0.166015625 0.025390625 0.029296875
0 0.68408203125 0.2958984375 0.0283203125 0.029296875
0 0.60009765625 0.32568359375 0.0263671875 0.0322265625
0 0.5166015625 0.2314453125 0.0234375 0.029296875
0 0.52880859375 0.23779296875 0.0263671875 0.0283203125
0 0.54443359375 0.24072265625 0.0263671875 0.0283203125
0 0.55859375 0.21728515625 0.0234375 0.0283203125
0 0.6435546875 0.26953125 0.025390625 0.02734375
0 0.65234375 0.28076171875 0.021484375 0.0283203125
0 0.70458984375 0.375 0.0283203125 0.0234375
0 0.7001953125 0.36181640625 0.03125 0.0224609375
0 0.697265625 0.34814453125 0.03125 0.0263671875
0 0.68896484375 0.3232421875 0.0322265625 0.02734375
0 0.68798828125 0.30859375 0.0283203125 0.025390625
0 0.677734375 0.28515625 0.02734375 0.029296875
0 0.6337890625 0.1474609375 0.025390625 0.029296875
0 0.67333984375 0.27197265625 0.0263671875 0.0302734375
0 0.66943359375 0.2587890625 0.0244140625 0.02734375
0 0.66064453125 0.25048828125 0.0244140625 0.0283203125
0 0.62548828125 0.25634765625 0.0224609375 0.0283203125
0 0.63134765625 0.22216796875 0.0224609375 0.0263671875
0 0.6142578125 0.224609375 0.0234375 0.029296875
0 0.6025390625 0.21533203125 0.021484375 0.0263671875
0 0.630859375 0.20166015625 0.025390625 0.0283203125
0 0.6171875 0.1943359375 0.021484375 0.02734375
0 0.60205078125 0.19140625 0.0224609375 0.025390625
0 0.63720703125 0.16650390625 0.0322265625 0.0400390625
0 0.6171875 0.16943359375 0.0234375 0.0302734375
0 0.5458984375 0.1162109375 0.025390625 0.033203125
0 0.5478515625 0.09130859375 0.025390625 0.0302734375
0 0.53076171875 0.1142578125 0.0224609375 0.02734375
0 0.51318359375 0.11572265625 0.0244140625 0.0283203125
0 0.5341796875 0.03466796875 0.025390625 0.0283203125
0 0.5009765625 0.10888671875 0.0234375 0.0283203125
0 0.48828125 0.103515625 0.0234375 0.025390625
0 0.52978515625 0.09228515625 0.0224609375 0.0263671875
0 0.5615234375 0.068359375 0.021484375 0.025390625
0 0.54345703125 0.06884765625 0.0244140625 0.0302734375
0 0.55908203125 0.0478515625 0.0224609375 0.02734375
0 0.51806640625 0.0849609375 0.0224609375 0.02734375
0 0.5029296875 0.08154296875 0.0234375 0.0302734375
0 0.49169921875 0.07470703125 0.0224609375 0.0283203125
0 0.51806640625 0.05908203125 0.0224609375 0.0263671875
0 0.53369140625 0.06005859375 0.0244140625 0.0302734375
0 0.55029296875 0.03662109375 0.0224609375 0.0283203125
0 0.60498046875 0.0439453125 0.0244140625 0.029296875
0 0.4921875 0.00634765625 0.017578125 0.0107421875
0 0.61572265625 0.0546875 0.0361328125 0.044921875
0 0.62060546875 0.02294921875 0.0205078125 0.0244140625
0 0.60205078125 0.0244140625 0.0244140625 0.02734375
0 0.61669921875 0.009765625 0.0224609375 0.017578125
0 0.50732421875 0.05029296875 0.0224609375 0.0283203125
0 0.49169921875 0.048828125 0.0244140625 0.02734375
0 0.52197265625 0.0283203125 0.0244140625 0.025390625
0 0.50634765625 0.02685546875 0.0244140625 0.0302734375
0 0.494140625 0.0205078125 0.0234375 0.02734375
0 0.5361328125 0.01123046875 0.0234375 0.0205078125
0 0.521484375 0.00927734375 0.01953125 0.0166015625
0 0.50732421875 0.00732421875 0.0166015625 0.0126953125
1 0.36572265625 0.49462890625 0.0283203125 0.0380859375
1 0.400390625 0.63818359375 0.033203125 0.0419921875
1 0.375 0.67626953125 0.03125 0.0361328125
1 0.3505859375 0.71044921875 0.03125 0.0419921875
1 0.32568359375 0.748046875 0.0302734375 0.04296875
1 0.3251953125 0.7255859375 0.033203125 0.04296875
1 0.3505859375 0.685546875 0.03125 0.04296875
1 0.37744140625 0.6474609375 0.0322265625 0.0390625
1 0.4033203125 0.609375 0.03515625 0.041015625
1 0.3798828125 0.6201171875 0.033203125 0.041015625
1 0.35498046875 0.65625 0.0322265625 0.041015625
1 0.33203125 0.666015625 0.02734375 0.037109375
1 0.35546875 0.630859375 0.029296875 0.037109375
1 0.37841796875 0.59765625 0.0302734375 0.037109375
1 0.33154296875 0.6416015625 0.0322265625 0.04296875
1 0.3583984375 0.6015625 0.03125 0.041015625
1 0.3359375 0.60986328125 0.033203125 0.0419921875
1 0.36083984375 0.57421875 0.0263671875 0.033203125
1 0.3857421875 0.56396484375 0.03125 0.0400390625
1 0.34228515625 0.576171875 0.0302734375 0.0390625
1 0.3642578125 0.5439453125 0.0234375 0.03125
1 0.38232421875 0.54150390625 0.0302734375 0.0380859375
1 0.41064453125 0.52734375 0.0302734375 0.037109375
1 0.3857421875 0.51318359375 0.03125 0.0400390625
1 0.4130859375 0.4765625 0.033203125 0.0390625
1 0.33935546875 0.55908203125 0.0302734375 0.0380859375
1 0.36328125 0.521484375 0.03125 0.041015625
1 0.39013671875 0.48486328125 0.0341796875 0.0400390625
1 0.39501953125 0.669921875 0.0302734375 0.037109375
1 0.3720703125 0.703125 0.02734375 0.03515625
1 0.34814453125 0.73876953125 0.0322265625 0.0419921875
1 0.2998046875 0.33544921875 0.02734375 0.0341796875
1 0.29443359375 0.44140625 0.0322265625 0.041015625
1 0.220703125 0.52392578125 0.03125 0.0419921875
1 0.24609375 0.48779296875 0.03125 0.0400390625
1 0.2705078125 0.45166015625 0.03125 0.0400390625
1 0.29736328125 0.41357421875 0.0322265625 0.0400390625
1 0.24658203125 0.462890625 0.0322265625 0.04296875
1 0.22314453125 0.47412109375 0.0302734375 0.0400390625
1 0.271484375 0.42626953125 0.029296875 0.0380859375
1 0.2958984375 0.388671875 0.033203125 0.04296875
1 0.24853515625 0.435546875 0.0322265625 0.04296875
1 0.27490234375 0.3974609375 0.0341796875 0.04296875
1 0.30078125 0.3583984375 0.033203125 0.04296875
1 0.27734375 0.369140625 0.03125 0.041015625
1 0.4013671875 0.68408203125 0.029296875 0.0322265625
1 0.251953125 0.40673828125 0.029296875 0.0380859375
1 0.22607421875 0.44384765625 0.0322265625 0.0419921875
1 0.25439453125 0.37890625 0.0302734375 0.0390625
1 0.228515625 0.39453125 0.029296875 0.04296875
1 0.2548828125 0.3544921875 0.03125 0.04296875
1 0.2802734375 0.3173828125 0.03515625 0.041015625
1 0.232421875 0.3623046875 0.029296875 0.041015625
1 0.25732421875 0.32568359375 0.0302734375 0.0400390625
1 0.25830078125 0.30322265625 0.0263671875 0.0322265625
1 0.23583984375 0.3349609375 0.0302734375 0.04296875
1 0.32177734375 0.77734375 0.0322265625 0.04296875
1 0.37890625 0.71630859375 0.03125 0.0380859375
1 0.33935546875 0.5341796875 0.0322265625 0.044921875
1 0.34521484375 0.501953125 0.0322265625 0.04296875
1 0.390625 0.4599609375 0.03125 0.0390625
1 0.44384765625 0.2236328125 0.0263671875 0.044921875
1 0.39794921875 0.2236328125 0.0322265625 0.04296875
1 0.3603515625 0.2294921875 0.029296875 0.037109375
1 0.38525390625 0.19482421875 0.0322265625 0.0419921875
1 0.412109375 0.177734375 0.033203125 0.04296875
1 0.41357421875 0.126953125 0.0341796875 0.04296875
1 0.43994140625 0.087890625 0.0341796875 0.041015625
1 0.39208984375 0.1337890625 0.0283203125 0.03515625
1 0.4150390625 0.09912109375 0.033203125 0.0419921875
1 0.44189453125 0.0615234375 0.0322265625 0.04296875
1 0.3671875 0.146484375 0.03515625 0.044921875
1 0.39208984375 0.109375 0.0302734375 0.037109375
1 0.4169921875 0.07275390625 0.03125 0.0400390625
1 0.443359375 0.03564453125 0.033203125 0.0419921875
1 0.365234375 0.1240234375 0.033203125 0.041015625
1 0.3916015625 0.0869140625 0.033203125 0.041015625
1 0.3681640625 0.09716796875 0.033203125 0.0419921875
1 0.39501953125 0.05615234375 0.0322265625 0.0419921875
1 0.419921875 0.0205078125 0.029296875 0.03515625
1 0.3955078125 0.03173828125 0.033203125 0.0439453125
1 0.4150390625 0.00634765625 0.017578125 0.0107421875
1 0.3935546875 0.013671875 0.025390625 0.025390625
1 0.37255859375 0.04296875 0.0322265625 0.041015625
1 0.53955078125 0.26220703125 0.0478515625 0.0185546875
1 0.53857421875 0.27587890625 0.0458984375 0.0185546875
1 0.53662109375 0.287109375 0.0439453125 0.015625
1 0.3505859375 0.39599609375 0.025390625 0.0341796875
1 0.416015625 0.4462890625 0.033203125 0.04296875
1 0.41455078125 0.42138671875 0.0322265625 0.0419921875
1 0.369140625 0.46533203125 0.02734375 0.0341796875
1 0.39111328125 0.43310546875 0.0322265625 0.0400390625
1 0.41650390625 0.3974609375 0.0302734375 0.037109375
1 0.3935546875 0.40576171875 0.03125 0.0400390625
1 0.36865234375 0.44189453125 0.0302734375 0.0400390625
1 0.37060546875 0.4140625 0.0283203125 0.037109375
1 0.3955078125 0.37890625 0.03125 0.041015625
1 0.41943359375 0.34326171875 0.0322265625 0.0400390625
1 0.39599609375 0.3515625 0.0341796875 0.04296875
1 0.3486328125 0.42333984375 0.02734375 0.0361328125
1 0.3740234375 0.361328125 0.033203125 0.04296875
1 0.4912109375 0.25439453125 0.044921875 0.0107421875
1 0.4208984375 0.3193359375 0.025390625 0.03125
1 0.39990234375 0.32421875 0.0322265625 0.041015625
1 0.376953125 0.33349609375 0.03125 0.0419921875
1 0.35888671875 0.3349609375 0.0322265625 0.04296875
1 0.353515625 0.3671875 0.025390625 0.033203125
1 0.34814453125 0.3271484375 0.0263671875 0.03125
1 0.359375 0.2744140625 0.046875 0.015625
1 0.359375 0.2607421875 0.044921875 0.013671875
1 0.41357421875 0.2587890625 0.0458984375 0.025390625
1 0.41650390625 0.27001953125 0.0458984375 0.0244140625
1 0.490234375 0.28271484375 0.044921875 0.0166015625
1 0.49169921875 0.26953125 0.0439453125 0.01171875
1 0.26904296875 0.4794921875 0.0322265625 0.0390625
1 0.2431640625 0.515625 0.029296875 0.0390625
1 0.29248046875 0.46875 0.0322265625 0.04296875
1 0.267578125 0.50634765625 0.03125 0.0400390625
1 0.25732421875 0.97998046875 0.0322265625 0.0380859375
1 0.2353515625 0.98486328125 0.029296875 0.0302734375
1 0.2607421875 0.951171875 0.03125 0.0390625
1 0.26123046875 0.92626953125 0.0322265625 0.0419921875
1 0.232421875 0.966796875 0.029296875 0.033203125
1 0.2587890625 0.640625 0.033203125 0.04296875
1 0.2021484375 0.79443359375 0.03125 0.0419921875
1 0.22802734375 0.7578125 0.0302734375 0.0390625
1 0.2529296875 0.7216796875 0.03125 0.041015625
1 0.2783203125 0.6826171875 0.033203125 0.04296875
1 0.22900390625 0.73046875 0.0322265625 0.0390625
1 0.2548828125 0.69482421875 0.033203125 0.0400390625
1 0.20263671875 0.74609375 0.0302734375 0.041015625
1 0.228515625 0.70703125 0.033203125 0.04296875
1 0.20556640625 0.71484375 0.0302734375 0.041015625
1 0.2568359375 0.666015625 0.033203125 0.041015625
1 0.28466796875 0.62744140625 0.0322265625 0.0419921875
1 0.21044921875 0.68603515625 0.0341796875 0.0439453125
1 0.2841796875 0.6005859375 0.033203125 0.041015625
1 0.24951171875 0.75 0.0322265625 0.041015625
1 0.259765625 0.61328125 0.033203125 0.041015625
1 0.2119140625 0.66064453125 0.03125 0.0439453125
1 0.23828125 0.6201171875 0.03125 0.041015625
1 0.2666015625 0.578125 0.033203125 0.041015625
1 0.21142578125 0.6337890625 0.0322265625 0.04296875
1 0.23828125 0.595703125 0.03125 0.041015625
1 0.26318359375 0.55908203125 0.0322265625 0.0400390625
1 0.21337890625 0.6064453125 0.0322265625 0.04296875
1 0.23974609375 0.56982421875 0.0302734375 0.0400390625
1 0.2158203125 0.58203125 0.029296875 0.0390625
1 0.2646484375 0.533203125 0.03125 0.041015625
1 0.2412109375 0.5439453125 0.03125 0.04296875
1 0.27490234375 0.7119140625 0.0322265625 0.041015625
1 0.22412109375 0.787109375 0.0302734375 0.041015625
1 0.212890625 0.99267578125 0.017578125 0.0146484375
1 0.216796875 0.8935546875 0.03125 0.04296875
1 0.21142578125 0.974609375 0.0302734375 0.041015625
1 0.19384765625 0.99609375 0.0146484375 0.0078125
1 0.2373046875 0.9375 0.03125 0.0390625
1 0.2607421875 0.90283203125 0.029296875 0.0361328125
1 0.23974609375 0.90966796875 0.0341796875 0.0419921875
1 0.21240234375 0.94873046875 0.0322265625 0.0419921875
1 0.1875 0.98291015625 0.03125 0.0341796875
1 0.18798828125 0.96240234375 0.0302734375 0.0419921875
1 0.21435546875 0.9228515625 0.0322265625 0.04296875
1 0.2392578125 0.884765625 0.03125 0.041015625
1 0.2646484375 0.84765625 0.033203125 0.04296875
1 0.18994140625 0.93310546875 0.0322265625 0.0439453125
1 0.2431640625 0.85400390625 0.03515625 0.0419921875
1 0.1982421875 0.82421875 0.033203125 0.04296875
1 0.271484375 0.8134765625 0.033203125 0.04296875
1 0.21728515625 0.86865234375 0.0322265625 0.0419921875
1 0.2431640625 0.83056640625 0.033203125 0.0419921875
1 0.19189453125 0.90771484375 0.0322265625 0.0419921875
1 0.27099609375 0.791015625 0.0322265625 0.04296875
1 0.19580078125 0.8759765625 0.0322265625 0.04296875
1 0.2216796875 0.8388671875 0.03125 0.041015625
1 0.24658203125 0.80224609375 0.0322265625 0.0419921875
1 0.1962890625 0.8505859375 0.03125 0.04296875
1 0.2216796875 0.8125 0.03125 0.041015625
1 0.2490234375 0.775390625 0.033203125 0.041015625
1 0.275390625 0.736328125 0.033203125 0.041015625
1 0.37451171875 0.01806640625 0.0322265625 0.0341796875
1 0.60400390625 0.00634765625 0.0166015625 0.0107421875
1 0.48828125 0.791015625 0.03125 0.04296875
1 0.513671875 0.7529296875 0.033203125 0.041015625
1 0.5146484375 0.7265625 0.03125 0.041015625
1 0.48876953125 0.765625 0.0322265625 0.041015625
1 0.36669921875 0.0048828125 0.0146484375 0.0078125
1 0.48974609375 0.740234375 0.0322265625 0.04296875
1 0.466796875 0.75 0.03125 0.04296875
1 0.4921875 0.7109375 0.033203125 0.041015625
1 0.4892578125 0.4248046875 0.03125 0.04296875
1 0.4814453125 0.533203125 0.033203125 0.044921875
1 0.50732421875 0.4951171875 0.0322265625 0.04296875
1 0.53173828125 0.45654296875 0.0322265625 0.0419921875
1 0.48388671875 0.50537109375 0.0322265625 0.0439453125
1 0.50927734375 0.46728515625 0.0322265625 0.0419921875
1 0.4599609375 0.517578125 0.03125 0.04296875
1 0.48583984375 0.478515625 0.0322265625 0.04296875
1 0.51220703125 0.43994140625 0.0341796875 0.0419921875
1 0.46044921875 0.4931640625 0.0322265625 0.04296875
1 0.5361328125 0.4296875 0.033203125 0.04296875
1 0.53759765625 0.4033203125 0.0302734375 0.0390625
1 0.46337890625 0.46337890625 0.0322265625 0.0419921875
1 0.51611328125 0.38623046875 0.0341796875 0.0439453125
1 0.53173828125 0.4814453125 0.0322265625 0.04296875
1 0.4658203125 0.43603515625 0.03125 0.0419921875
1 0.4912109375 0.3974609375 0.033203125 0.04296875
1 0.51708984375 0.3583984375 0.0322265625 0.04296875
1 0.46484375 0.4140625 0.029296875 0.041015625
1 0.47119140625 0.380859375 0.0322265625 0.04296875
1 0.4912109375 0.373046875 0.033203125 0.04296875
1 0.5185546875 0.3330078125 0.033203125 0.04296875
1 0.49560546875 0.34228515625 0.0322265625 0.0419921875
1 0.47119140625 0.35302734375 0.0322265625 0.0439453125
1 0.47119140625 0.33203125 0.0322265625 0.04296875
1 0.45556640625 0.57177734375 0.0322265625 0.0439453125
1 0.50732421875 0.51953125 0.0322265625 0.041015625
1 0.517578125 0.67333984375 0.03125 0.0400390625
1 0.525390625 0.59228515625 0.033203125 0.0419921875
1 0.4423828125 0.7587890625 0.033203125 0.04296875
1 0.46875 0.720703125 0.03125 0.041015625
1 0.49560546875 0.68212890625 0.0322265625 0.0419921875
1 0.521484375 0.64453125 0.033203125 0.04296875
1 0.443359375 0.73388671875 0.033203125 0.0419921875
1 0.47021484375 0.69580078125 0.0322265625 0.0439453125
1 0.49755859375 0.6552734375 0.0322265625 0.041015625
1 0.5234375 0.6171875 0.033203125 0.04296875
1 0.4462890625 0.7060546875 0.033203125 0.04296875
1 0.47216796875 0.66748046875 0.0302734375 0.0419921875
1 0.353515625 0.75341796875 0.033203125 0.0439453125
1 0.4990234375 0.6298828125 0.033203125 0.041015625
1 0.4482421875 0.67919921875 0.03125 0.0419921875
1 0.4814453125 0.55810546875 0.03125 0.0419921875
1 0.47412109375 0.64111328125 0.0322265625 0.0419921875
1 0.501953125 0.60205078125 0.033203125 0.0419921875
1 0.52685546875 0.56494140625 0.0322265625 0.0400390625
1 0.44921875 0.654296875 0.033203125 0.04296875
1 0.47607421875 0.61474609375 0.0322265625 0.0419921875
1 0.50244140625 0.57568359375 0.0322265625 0.0419921875
1 0.52880859375 0.537109375 0.0322265625 0.041015625
1 0.45166015625 0.6259765625 0.0322265625 0.04296875
1 0.4765625 0.587890625 0.033203125 0.04296875
1 0.5029296875 0.5498046875 0.033203125 0.04296875
1 0.52880859375 0.5107421875 0.0322265625 0.04296875
1 0.45556640625 0.59765625 0.0322265625 0.044921875
