0 0.0712890625 0.2177734375 0.0390625 0.02734375
1 0.02294921875 0.2958984375 0.0458984375 0.01953125
1 0.02197265625 0.30908203125 0.0419921875 0.0166015625
1 0.0205078125 0.33837890625 0.0390625 0.0185546875
1 0.0888671875 0.39013671875 0.04296875 0.0302734375
1 0.01611328125 0.38232421875 0.0302734375 0.0166015625
1 0.01513671875 0.396484375 0.0283203125 0.015625
1 0.01416015625 0.42431640625 0.0263671875 0.0146484375
1 0.08203125 0.4345703125 0.044921875 0.029296875
1 0.01123046875 0.45263671875 0.0205078125 0.0146484375
1 0.07958984375 0.46337890625 0.0419921875 0.0283203125
1 0.0107421875 0.48193359375 0.01953125 0.0146484375
1 0.0078125 0.4970703125 0.013671875 0.01171875
1 0.07421875 0.50732421875 0.041015625 0.0283203125
1 0.07275390625 0.52294921875 0.0439453125 0.0302734375
1 0.0634765625 0.57958984375 0.04296875 0.0283203125
1 0.13330078125 0.28759765625 0.0458984375 0.0302734375
1 0.1689453125 0.56982421875 0.04296875 0.0205078125
1 0.24951171875 0.56494140625 0.0458984375 0.0185546875
1 0.29052734375 0.12548828125 0.0126953125 0.0380859375
1 0.24169921875 0.21484375 0.0380859375 0.033203125
1 0.23095703125 0.224609375 0.0380859375 0.03515625
1 0.22216796875 0.236328125 0.0361328125 0.03515625
1 0.1943359375 0.36669921875 0.044921875 0.0185546875
1 0.19140625 0.39501953125 0.04296875 0.0205078125
1 0.1865234375 0.40966796875 0.044921875 0.0185546875
1 0.18310546875 0.453125 0.0458984375 0.021484375
1 0.265625 0.43408203125 0.046875 0.0185546875
1 0.2607421875 0.46337890625 0.044921875 0.0185546875
1 0.17578125 0.525390625 0.044921875 0.021484375
1 0.1748046875 0.5400390625 0.046875 0.01953125
1 0.3525390625 0.5166015625 0.044921875 0.029296875
1 0.35205078125 0.5322265625 0.0439453125 0.029296875
1 0.3466796875 0.5615234375 0.04296875 0.029296875
1 0.00537109375 0.5390625 0.0087890625 0.01171875
1 0.005859375 0.5537109375 0.009765625 0.01171875
1 0.0068359375 0.5791015625 0.01171875 0.013671875
1 0.34814453125 0.1220703125 0.0126953125 0.0390625
1 0.39208984375 0.11962890625 0.0146484375 0.0380859375
1 0.4228515625 0.1171875 0.013671875 0.037109375
1 0.72314453125 0.2373046875 0.0380859375 0.01171875
1 0.46044921875 0.69384765625 0.0322265625 0.0146484375
1 0.470703125 0.6806640625 0.033203125 0.015625
1 0.45947265625 0.65283203125 0.0283203125 0.0126953125
1 0.67431640625 0.10693359375 0.0107421875 0.0361328125
1 0.728515625 0.1650390625 0.0390625 0.01171875
1 0.72705078125 0.1796875 0.0400390625 0.013671875
1 0.72607421875 0.193359375 0.0400390625 0.01171875
1 0.72509765625 0.20849609375 0.0400390625 0.0126953125
1 0.7216796875 0.22314453125 0.0390625 0.0107421875
1 0.72216796875 0.2529296875 0.0400390625 0.01171875
1 0.453125 0.11572265625 0.013671875 0.0380859375
1 0.71875 0.267578125 0.0390625 0.01171875
1 0.48193359375 0.30322265625 0.0322265625 0.0380859375
1 0.4658203125 0.30615234375 0.029296875 0.0361328125
1 0.44873046875 0.30810546875 0.0302734375 0.0380859375
1 0.43115234375 0.3076171875 0.0322265625 0.0390625
1 0.4150390625 0.31005859375 0.029296875 0.0380859375
1 0.3974609375 0.3115234375 0.03125 0.037109375
1 0.380859375 0.31298828125 0.03125 0.0380859375
1 0.36474609375 0.3173828125 0.0322265625 0.037109375
1 0.36474609375 0.23583984375 0.0244140625 0.0400390625
1 0.35107421875 0.23046875 0.0263671875 0.041015625
1 0.31591796875 0.2353515625 0.0263671875 0.0390625
1 0.52490234375 0.1123046875 0.0146484375 0.037109375
1 0.5107421875 0.11328125 0.013671875 0.037109375
1 0.4951171875 0.115234375 0.01171875 0.037109375
1 0.4658203125 0.11474609375 0.013671875 0.0380859375
1 0.50146484375 0.30419921875 0.0322265625 0.0380859375
1 0.51806640625 0.3017578125 0.0322265625 0.037109375
1 0.53564453125 0.29931640625 0.0302734375 0.0380859375
1 0.50244140625 0.2197265625 0.0283203125 0.0390625
1 0.72265625 0.28173828125 0.0390625 0.0107421875
1 0.72021484375 0.3427734375 0.0400390625 0.01171875
1 0.720703125 0.35791015625 0.041015625 0.0107421875
1 0.65380859375 0.21435546875 0.0244140625 0.0380859375
1 0.5712890625 0.2177734375 0.02734375 0.0390625
1 0.51904296875 0.220703125 0.0244140625 0.0390625
1 0.484375 0.224609375 0.025390625 0.0390625
1 0.55224609375 0.30029296875 0.0322265625 0.0380859375
1 0.46728515625 0.224609375 0.0283203125 0.0390625
1 0.45068359375 0.2255859375 0.0263671875 0.041015625
1 0.63623046875 0.2890625 0.0322265625 0.037109375
1 0.6025390625 0.29248046875 0.03125 0.0380859375
1 0.5869140625 0.294921875 0.03125 0.037109375
1 0.5693359375 0.29736328125 0.03125 0.0361328125
