0 0.1689453125 0.2177734375 0.0390625 0.02734375
1 0.05419921875 0.10888671875 0.0224609375 0.0400390625
1 0.12060546875 0.2958984375 0.0458984375 0.01953125
1 0.1181640625 0.31005859375 0.044921875 0.0185546875
1 0.11572265625 0.3388671875 0.0439453125 0.01953125
1 0.1865234375 0.39013671875 0.04296875 0.0302734375
1 0.1064453125 0.38330078125 0.044921875 0.0185546875
1 0.10400390625 0.39794921875 0.0458984375 0.0185546875
1 0.1015625 0.42626953125 0.046875 0.0185546875
1 0.1796875 0.4345703125 0.044921875 0.029296875
1 0.0966796875 0.455078125 0.044921875 0.01953125
1 0.17724609375 0.46337890625 0.0419921875 0.0283203125
1 0.0966796875 0.484375 0.04296875 0.01953125
1 0.091796875 0.4990234375 0.041015625 0.015625
1 0.171875 0.50732421875 0.041015625 0.0283203125
1 0.17041015625 0.52294921875 0.0439453125 0.0302734375
1 0.1611328125 0.57958984375 0.04296875 0.0283203125
1 0.23095703125 0.28759765625 0.0458984375 0.0302734375
1 0.2666015625 0.56982421875 0.04296875 0.0205078125
1 0.34716796875 0.56494140625 0.0458984375 0.0185546875
1 0.38818359375 0.12548828125 0.0126953125 0.0380859375
1 0.33935546875 0.21484375 0.0380859375 0.033203125
1 0.32861328125 0.224609375 0.0380859375 0.03515625
1 0.31982421875 0.236328125 0.0361328125 0.03515625
1 0.2919921875 0.36669921875 0.044921875 0.0185546875
1 0.2890625 0.39501953125 0.04296875 0.0205078125
1 0.2841796875 0.40966796875 0.044921875 0.0185546875
1 0.28076171875 0.453125 0.0458984375 0.021484375
1 0.36328125 0.43408203125 0.046875 0.0185546875
1 0.3583984375 0.46337890625 0.044921875 0.0185546875
1 0.2734375 0.525390625 0.044921875 0.021484375
1 0.2724609375 0.5400390625 0.046875 0.01953125
1 0.4501953125 0.5166015625 0.044921875 0.029296875
1 0.44970703125 0.5322265625 0.0439453125 0.029296875
1 0.4443359375 0.5615234375 0.04296875 0.029296875
1 0.08349609375 0.54248046875 0.0478515625 0.0185546875
1 0.08544921875 0.556640625 0.0458984375 0.017578125
1 0.0888671875 0.58203125 0.04296875 0.01953125
1 0.0087890625 0.50048828125 0.015625 0.0205078125
1 0.00634765625 0.5302734375 0.0107421875 0.017578125
1 0.0048828125 0.56005859375 0.0078125 0.0146484375
1 0.03662109375 0.234375 0.0400390625 0.029296875
1 0.0322265625 0.26318359375 0.04296875 0.0322265625
1 0.02734375 0.2919921875 0.041015625 0.03125
1 0.0224609375 0.3212890625 0.041015625 0.03125
1 0.02001953125 0.33642578125 0.0400390625 0.0283203125
1 0.01611328125 0.37890625 0.0302734375 0.029296875
1 0.0146484375 0.39404296875 0.02734375 0.0263671875
1 0.44580078125 0.1220703125 0.0126953125 0.0390625
1 0.48974609375 0.11962890625 0.0146484375 0.0380859375
1 0.5205078125 0.1171875 0.013671875 0.037109375
1 0.82080078125 0.2373046875 0.0380859375 0.01171875
1 0.55810546875 0.69384765625 0.0322265625 0.0146484375
1 0.568359375 0.6806640625 0.033203125 0.015625
1 0.55712890625 0.65283203125 0.0283203125 0.0126953125
1 0.77197265625 0.10693359375 0.0107421875 0.0361328125
1 0.826171875 0.1650390625 0.0390625 0.01171875
1 0.82470703125 0.1796875 0.0400390625 0.013671875
1 0.82373046875 0.193359375 0.0400390625 0.01171875
1 0.82275390625 0.20849609375 0.0400390625 0.0126953125
1 0.8193359375 0.22314453125 0.0390625 0.0107421875
1 0.81982421875 0.2529296875 0.0400390625 0.01171875
1 0.55078125 0.11572265625 0.013671875 0.0380859375
1 0.81640625 0.267578125 0.0390625 0.01171875
1 0.57958984375 0.30322265625 0.0322265625 0.0380859375
1 0.5634765625 0.30615234375 0.029296875 0.0361328125
1 0.54638671875 0.30810546875 0.0302734375 0.0380859375
1 0.52880859375 0.3076171875 0.0322265625 0.0390625
1 0.5126953125 0.31005859375 0.029296875 0.0380859375
1 0.4951171875 0.3115234375 0.03125 0.037109375
1 0.478515625 0.31298828125 0.03125 0.0380859375
1 0.46240234375 0.3173828125 0.0322265625 0.037109375
1 0.46240234375 0.23583984375 0.0244140625 0.0400390625
1 0.44873046875 0.23046875 0.0263671875 0.041015625
1 0.41357421875 0.2353515625 0.0263671875 0.0390625
1 0.62255859375 0.1123046875 0.0146484375 0.037109375
1 0.6083984375 0.11328125 0.013671875 0.037109375
1 0.5927734375 0.115234375 0.01171875 0.037109375
1 0.5634765625 0.11474609375 0.013671875 0.0380859375
1 0.59912109375 0.30419921875 0.0322265625 0.0380859375
1 0.61572265625 0.3017578125 0.0322265625 0.037109375
1 0.63330078125 0.29931640625 0.0302734375 0.0380859375
1 0.60009765625 0.2197265625 0.0283203125 0.0390625
1 0.8203125 0.28173828125 0.0390625 0.0107421875
1 0.81787109375 0.3427734375 0.0400390625 0.01171875
1 0.818359375 0.35791015625 0.041015625 0.0107421875
1 0.75146484375 0.21435546875 0.0244140625 0.0380859375
1 0.6689453125 0.2177734375 0.02734375 0.0390625
1 0.61669921875 0.220703125 0.0244140625 0.0390625
1 0.58203125 0.224609375 0.025390625 0.0390625
1 0.64990234375 0.30029296875 0.0322265625 0.0380859375
1 0.56494140625 0.224609375 0.0283203125 0.0390625
1 0.54833984375 0.2255859375 0.0263671875 0.041015625
1 0.73388671875 0.2890625 0.0322265625 0.037109375
1 0.7001953125 0.29248046875 0.03125 0.0380859375
1 0.6845703125 0.294921875 0.03125 0.037109375
1 0.6669921875 0.29736328125 0.03125 0.0361328125
