1 0.34716796875 0.38623046875 0.0595703125 0.0517578125
1 0.236328125 0.333984375 0.04296875 0.03515625
1 0.19580078125 0.3642578125 0.0419921875 0.03515625
1 0.19482421875 0.25537109375 0.0380859375 0.0400390625
1 0.1611328125 0.23583984375 0.0390625 0.0419921875
1 0.15185546875 0.2490234375 0.0400390625 0.041015625
1 0.19580078125 0.27734375 0.0361328125 0.0390625
1 0.18798828125 0.287109375 0.0380859375 0.0390625
1 0.1767578125 0.294921875 0.037109375 0.041015625
1 0.1591796875 0.29638671875 0.029296875 0.0341796875
1 0.126953125 0.27685546875 0.037109375 0.0419921875
1 0.11767578125 0.28857421875 0.0380859375 0.0400390625
1 0.1337890625 0.3466796875 0.0390625 0.041015625
1 0.125 0.35791015625 0.0390625 0.0419921875
1 0.1083984375 0.3798828125 0.037109375 0.041015625
1 0.076171875 0.34130859375 0.033203125 0.0439453125
