1 0.248046875 0.3291015625 0.091796875 0.03125
1 0.41162109375 0.07763671875 0.0908203125 0.0283203125
1 0.22900390625 0.09765625 0.0908203125 0.029296875
1 0.23095703125 0.11962890625 0.0908203125 0.0263671875
1 0.23046875 0.1416015625 0.087890625 0.02734375
1 0.23291015625 0.1796875 0.0908203125 0.02734375
1 0.234375 0.20556640625 0.087890625 0.0283203125
1 0.3955078125 0.234375 0.03125 0.12890625
1 0.24169921875 0.24560546875 0.0908203125 0.0263671875
1 0.24072265625 0.26806640625 0.0888671875 0.0283203125
1 0.4140625 0.3623046875 0.091796875 0.021484375
1 0.31689453125 0.81396484375 0.0244140625 0.0908203125
1 0.25244140625 0.396484375 0.0927734375 0.025390625
1 0.26123046875 0.49853515625 0.0361328125 0.1318359375
1 0.23583984375 0.50390625 0.0400390625 0.1328125
1 0.275390625 0.611328125 0.03125 0.091796875
1 0.251953125 0.61474609375 0.033203125 0.0908203125
1 0.3046875 0.71875 0.03515625 0.091796875
1 0.37548828125 0.72802734375 0.0302734375 0.1298828125
1 0.404296875 0.72705078125 0.041015625 0.1318359375
1 0.43017578125 0.73046875 0.0302734375 0.1328125
1 0.412109375 0.05322265625 0.087890625 0.0283203125
1 0.41455078125 0.03271484375 0.0869140625 0.0283203125
1 0.4140625 0.00927734375 0.091796875 0.0166015625
1 0.42138671875 0.853515625 0.0419921875 0.09375
1 0.29296875 0.810546875 0.02734375 0.091796875
0 0.67724609375 0.73974609375 0.0244140625 0.0361328125
0 0.697265625 0.83447265625 0.017578125 0.0419921875
0 0.71533203125 0.83544921875 0.0185546875 0.0380859375
0 0.767578125 0.8359375 0.017578125 0.037109375
0 0.51171875 0.736328125 0.015625 0.033203125
0 0.53125 0.73486328125 0.017578125 0.0361328125
0 0.55029296875 0.7314453125 0.0166015625 0.02734375
0 0.56640625 0.73583984375 0.021484375 0.0341796875
0 0.62158203125 0.744140625 0.0205078125 0.037109375
0 0.6416015625 0.74169921875 0.01953125 0.0322265625
0 0.69970703125 0.74560546875 0.0185546875 0.0400390625
0 0.662109375 0.8349609375 0.021484375 0.041015625
0 0.6416015625 0.83642578125 0.021484375 0.0361328125
0 0.60498046875 0.8359375 0.0185546875 0.03515625
0 0.5693359375 0.82958984375 0.01953125 0.0341796875
0 0.07421875 0.18994140625 0.025390625 0.0673828125
0 0.5224609375 0.95068359375 0.01953125 0.0341796875
0 0.54248046875 0.95654296875 0.0166015625 0.0322265625
0 0.59765625 0.96337890625 0.01953125 0.0380859375
0 0.615234375 0.96142578125 0.01953125 0.0400390625
0 0.65673828125 0.96240234375 0.0263671875 0.0419921875
0 0.68896484375 0.962890625 0.0185546875 0.0390625
0 0.7275390625 0.96533203125 0.01953125 0.0361328125
0 0.73046875 0.8759765625 0.015625 0.037109375
0 0.74951171875 0.87353515625 0.0166015625 0.0361328125
0 0.677734375 0.87158203125 0.017578125 0.0361328125
0 0.62158203125 0.87255859375 0.0185546875 0.0361328125
0 0.60400390625 0.87109375 0.0185546875 0.03515625
0 0.58544921875 0.86962890625 0.0205078125 0.0361328125
0 0.568359375 0.8662109375 0.01953125 0.037109375
0 0.546875 0.86669921875 0.017578125 0.0322265625
0 0.5283203125 0.86376953125 0.01953125 0.0322265625
0 0.54833984375 0.82666015625 0.0185546875 0.0322265625
