2 0.67529296875 0.9609375 0.1435546875 0.078125
2 0.5859375 0.4306640625 0.16796875 0.169921875
2 0.865234375 0.05908203125 0.162109375 0.1162109375
2 0.62353515625 0.02197265625 0.1181640625 0.0419921875
2 0.1220703125 0.06640625 0.23046875 0.130859375
2 0.08251953125 0.3017578125 0.1630859375 0.166015625
2 0.3349609375 0.2216796875 0.1171875 0.150390625
2 0.0810546875 0.5 0.16015625 0.2265625
2 0.04638671875 0.73193359375 0.0908203125 0.1787109375
2 0.017578125 0.93994140625 0.033203125 0.1201171875
