0 0.69189453125 0.0576171875 0.0205078125 0.044921875
0 0.716796875 0.2939453125 0.021484375 0.041015625
1 0.189453125 0.42724609375 0.083984375 0.0771484375
1 0.19677734375 0.3955078125 0.0771484375 0.068359375
1 0.2001953125 0.36572265625 0.076171875 0.0673828125
1 0.57373046875 0.30419921875 0.0244140625 0.0791015625
1 0.5498046875 0.30859375 0.0234375 0.080078125
1 0.5283203125 0.30712890625 0.02734375 0.0791015625
1 0.50537109375 0.306640625 0.0263671875 0.080078125
1 0.4814453125 0.30419921875 0.029296875 0.0791015625
1 0.45947265625 0.3037109375 0.0283203125 0.080078125
1 0.4111328125 0.2998046875 0.03125 0.08203125
1 0.38427734375 0.29833984375 0.0263671875 0.0810546875
1 0.19287109375 0.32861328125 0.0595703125 0.0556640625
1 0.205078125 0.3056640625 0.083984375 0.076171875
1 0.2109375 0.27490234375 0.080078125 0.0732421875
1 0.20751953125 0.23828125 0.0810546875 0.076171875
1 0.2109375 0.20751953125 0.08203125 0.0751953125
1 0.2080078125 0.17236328125 0.08203125 0.0771484375
1 0.21435546875 0.1416015625 0.0849609375 0.078125
1 0.21484375 0.109375 0.083984375 0.072265625
1 0.18603515625 0.4912109375 0.0810546875 0.07421875
1 0.18310546875 0.52001953125 0.0810546875 0.0751953125
1 0.18017578125 0.5546875 0.0830078125 0.07421875
1 0.59619140625 0.3056640625 0.0283203125 0.080078125
0 0.6953125 0.28857421875 0.0234375 0.0498046875
0 0.65625 0.22705078125 0.04296875 0.0224609375
0 0.60498046875 0.19775390625 0.0498046875 0.0283203125
0 0.57568359375 0.05322265625 0.0263671875 0.0439453125
0 0.5224609375 0.05126953125 0.0234375 0.0361328125
0 0.404296875 0.04638671875 0.0234375 0.0419921875
1 0.21826171875 0.03271484375 0.0556640625 0.0185546875
1 0.62158203125 0.310546875 0.0263671875 0.076171875
1 0.61181640625 0.58447265625 0.0224609375 0.0751953125
1 0.34521484375 0.583984375 0.0283203125 0.078125
1 0.58837890625 0.58154296875 0.0283203125 0.0791015625
1 0.564453125 0.58154296875 0.025390625 0.0771484375
1 0.54248046875 0.58203125 0.0283203125 0.076171875
1 0.52001953125 0.57763671875 0.0263671875 0.0810546875
1 0.494140625 0.57958984375 0.029296875 0.0771484375
1 0.4248046875 0.572265625 0.029296875 0.08984375
1 0.39794921875 0.57763671875 0.0263671875 0.0771484375
1 0.3720703125 0.5771484375 0.029296875 0.078125
1 0.216796875 0.0771484375 0.0859375 0.068359375
