2 0.9794921875 0.85791015625 0.041015625 0.1142578125
2 0.77880859375 0.73388671875 0.1416015625 0.1279296875
2 0.50927734375 0.6376953125 0.1865234375 0.216796875
2 0.81396484375 0.4814453125 0.1103515625 0.15625
2 0.61865234375 0.2236328125 0.1376953125 0.1484375
2 0.970703125 0.9736328125 0.05859375 0.052734375
2 0.2431640625 0.7177734375 0.134765625 0.150390625
2 0.13916015625 0.1005859375 0.1806640625 0.177734375
2 0.15576171875 0.345703125 0.1591796875 0.201171875
2 0.30908203125 0.28515625 0.1201171875 0.14453125
