1 0.4189453125 0.646484375 0.037109375 0.095703125
1 0.49755859375 0.38818359375 0.0908203125 0.0361328125
1 0.51416015625 0.4130859375 0.0693359375 0.03125
1 0.41064453125 0.46533203125 0.0283203125 0.0751953125
1 0.43310546875 0.4814453125 0.0283203125 0.08984375
1 0.49560546875 0.50439453125 0.0908203125 0.0341796875
1 0.490234375 0.5498046875 0.07421875 0.03515625
1 0.4775390625 0.650390625 0.08984375 0.03515625
1 0.50390625 0.3447265625 0.087890625 0.03515625
1 0.4775390625 0.677734375 0.09765625 0.0390625
1 0.4736328125 0.7021484375 0.07421875 0.033203125
1 0.43505859375 0.71728515625 0.0927734375 0.0380859375
1 0.3271484375 0.72412109375 0.078125 0.0908203125
1 0.46484375 0.74755859375 0.078125 0.0341796875
1 0.4609375 0.77392578125 0.09375 0.0380859375
1 0.50244140625 0.3671875 0.0869140625 0.033203125
1 0.5078125 0.32080078125 0.0859375 0.0380859375
1 0.38330078125 0.81640625 0.0419921875 0.091796875
1 0.5390625 0.08837890625 0.0859375 0.0302734375
1 0.45556640625 0.08935546875 0.0498046875 0.0732421875
1 0.462890625 0.16259765625 0.03125 0.0908203125
1 0.53662109375 0.109375 0.0849609375 0.03125
1 0.50244140625 0.29541015625 0.0966796875 0.0419921875
1 0.537109375 0.13525390625 0.087890625 0.0341796875
1 0.529296875 0.15771484375 0.091796875 0.0341796875
1 0.52734375 0.18017578125 0.08984375 0.0322265625
1 0.52294921875 0.2041015625 0.0869140625 0.03125
1 0.52197265625 0.2509765625 0.0947265625 0.03515625
1 0.513671875 0.27490234375 0.087890625 0.0341796875
1 0.45263671875 0.794921875 0.0927734375 0.0390625
1 0.44775390625 0.8193359375 0.0927734375 0.037109375
1 0.60400390625 0.283203125 0.0615234375 0.080078125
1 0.5986328125 0.3193359375 0.0625 0.080078125
1 0.58642578125 0.46728515625 0.0283203125 0.0908203125
1 0.626953125 0.60888671875 0.037109375 0.0927734375
1 0.65234375 0.61279296875 0.029296875 0.0908203125
1 0.61181640625 0.205078125 0.0673828125 0.0859375
1 0.6083984375 0.24560546875 0.06640625 0.0830078125
1 0.70361328125 0.2548828125 0.0322265625 0.091796875
1 0.45263671875 0.8447265625 0.0927734375 0.037109375
1 0.4404296875 0.86767578125 0.09765625 0.0380859375
1 0.56103515625 0.46875 0.0302734375 0.091796875
1 0.54345703125 0.06640625 0.0966796875 0.03515625
1 0.55224609375 0.04541015625 0.0966796875 0.0380859375
1 0.7880859375 0.02392578125 0.08984375 0.0341796875
1 0.78466796875 0.05078125 0.0908203125 0.037109375
1 0.767578125 0.197265625 0.087890625 0.03515625
1 0.6240234375 0.13037109375 0.0703125 0.0810546875
1 0.62060546875 0.16796875 0.0654296875 0.08203125
1 0.775390625 0.119140625 0.09765625 0.037109375
1 0.7734375 0.1474609375 0.095703125 0.037109375
1 0.77001953125 0.17333984375 0.0966796875 0.0361328125
