1 0.59619140625 0.27392578125 0.0615234375 0.0732421875
1 0.603515625 0.248046875 0.0625 0.072265625
1 0.60888671875 0.22265625 0.0634765625 0.072265625
1 0.62255859375 0.2060546875 0.0615234375 0.072265625
1 0.62939453125 0.18115234375 0.0615234375 0.0732421875
1 0.64111328125 0.162109375 0.0615234375 0.07421875
1 0.91748046875 0.19091796875 0.0263671875 0.0771484375
1 0.939453125 0.18603515625 0.02734375 0.0732421875
1 0.9619140625 0.1884765625 0.02734375 0.07421875
1 0.98388671875 0.19091796875 0.0263671875 0.0751953125
1 0.99560546875 0.19189453125 0.0087890625 0.0751953125
1 0.9775390625 0.26953125 0.029296875 0.078125
1 0.99267578125 0.2666015625 0.0146484375 0.07421875
1 0.685546875 0.3662109375 0.08203125 0.02734375
1 0.9384765625 0.39404296875 0.076171875 0.0419921875
1 0.94482421875 0.41455078125 0.0771484375 0.0419921875
1 0.79736328125 0.501953125 0.0458984375 0.080078125
1 0.818359375 0.5068359375 0.044921875 0.076171875
1 0.94091796875 0.458984375 0.0771484375 0.046875
1 0.986328125 0.5458984375 0.02734375 0.072265625
1 0.92919921875 0.50830078125 0.0751953125 0.0498046875
1 0.931640625 0.53271484375 0.076171875 0.0498046875
1 0.98046875 0.5732421875 0.0390625 0.07421875
1 0.96728515625 0.59375 0.0400390625 0.078125
1 0.94384765625 0.59375 0.0439453125 0.078125
1 0.58544921875 0.29541015625 0.0615234375 0.0712890625
1 0.54052734375 0.9443359375 0.0751953125 0.044921875
1 0.2890625 0.9208984375 0.076171875 0.037109375
1 0.32568359375 0.53076171875 0.0732421875 0.0439453125
1 0.41650390625 0.29345703125 0.0830078125 0.0458984375
1 0.40673828125 0.3134765625 0.0810546875 0.044921875
1 0.400390625 0.33447265625 0.080078125 0.0458984375
1 0.39111328125 0.35205078125 0.0791015625 0.0478515625
1 0.3876953125 0.3740234375 0.080078125 0.048828125
1 0.37109375 0.41259765625 0.080078125 0.0458984375
1 0.53515625 0.45703125 0.056640625 0.037109375
1 0.54931640625 0.41552734375 0.0615234375 0.0400390625
1 0.52880859375 0.4755859375 0.0595703125 0.041015625
1 0.52099609375 0.49853515625 0.0595703125 0.0400390625
1 0.36328125 0.43798828125 0.080078125 0.0439453125
1 0.3564453125 0.45849609375 0.080078125 0.0458984375
1 0.34326171875 0.51318359375 0.0732421875 0.0458984375
1 0.31640625 0.55322265625 0.07421875 0.0458984375
1 0.2060546875 0.88916015625 0.076171875 0.0419921875
1 0.345703125 0.6240234375 0.076171875 0.044921875
1 0.3369140625 0.65185546875 0.076171875 0.0458984375
1 0.33154296875 0.6708984375 0.0751953125 0.04296875
1 0.32421875 0.69091796875 0.076171875 0.0458984375
1 0.318359375 0.70947265625 0.078125 0.0478515625
1 0.38232421875 0.6748046875 0.0361328125 0.078125
1 0.3095703125 0.72900390625 0.076171875 0.0458984375
1 0.30322265625 0.7470703125 0.0771484375 0.044921875
1 0.31005859375 0.79833984375 0.0751953125 0.0458984375
1 0.3046875 0.81982421875 0.076171875 0.0478515625
1 0.29736328125 0.84716796875 0.0751953125 0.0458984375
1 0.29052734375 0.8701171875 0.0751953125 0.048828125
1 0.2744140625 0.8896484375 0.07421875 0.046875
1 0.92919921875 0.61083984375 0.0498046875 0.0771484375
1 0.9111328125 0.62158203125 0.048828125 0.0771484375
1 0.89208984375 0.63037109375 0.0458984375 0.0751953125
0 0.18603515625 0.5498046875 0.0361328125 0.052734375
0 0.1630859375 0.61962890625 0.025390625 0.0361328125
0 0.15283203125 0.64990234375 0.0224609375 0.0322265625
1 0.12060546875 0.61767578125 0.0439453125 0.0712890625
1 0.1279296875 0.71337890625 0.044921875 0.0634765625
1 0.099609375 0.78515625 0.05078125 0.076171875
0 0.02294921875 0.88671875 0.0263671875 0.03515625
0 0.0458984375 0.94384765625 0.021484375 0.0341796875
0 0.59130859375 0.078125 0.0224609375 0.033203125
0 0.1591796875 0.46875 0.02734375 0.0390625
0 0.16748046875 0.4814453125 0.0244140625 0.03515625
0 0.181640625 0.44580078125 0.02734375 0.0400390625
1 0.8896484375 0.6787109375 0.05859375 0.072265625
1 0.6728515625 0.70166015625 0.083984375 0.0478515625
1 0.8173828125 0.82275390625 0.044921875 0.0751953125
1 0.8603515625 0.841796875 0.048828125 0.078125
1 0.88037109375 0.85205078125 0.0439453125 0.0751953125
1 0.83203125 0.921875 0.046875 0.078125
1 0.6162109375 0.9736328125 0.078125 0.05078125
0 0.19140625 0.38232421875 0.037109375 0.0458984375
1 0.89892578125 0.8583984375 0.0458984375 0.076171875
1 0.8896484375 0.06298828125 0.07421875 0.0302734375
1 0.9873046875 0.0712890625 0.025390625 0.02734375
1 0.419921875 0.2666015625 0.076171875 0.044921875
