0 0.96533203125 0.37109375 0.0341796875 0.04296875
0 0.6533203125 0.45361328125 0.037109375 0.0419921875
0 0.63916015625 0.47265625 0.0341796875 0.0390625
0 0.99072265625 0.3486328125 0.0185546875 0.03515625
0 0.98291015625 0.3642578125 0.0341796875 0.041015625
0 0.94873046875 0.38525390625 0.0302734375 0.0341796875
0 0.68701171875 0.43896484375 0.0302734375 0.0341796875
0 0.90234375 0.419921875 0.0390625 0.04296875
0 0.8525390625 0.45263671875 0.03125 0.0361328125
0 0.9130859375 0.46923828125 0.037109375 0.0439453125
0 0.89599609375 0.4794921875 0.0302734375 0.033203125
0 0.88330078125 0.49365234375 0.0380859375 0.0439453125
0 0.84130859375 0.4677734375 0.0341796875 0.0390625
0 0.86328125 0.5 0.02734375 0.03125
0 0.6708984375 0.44482421875 0.029296875 0.0341796875
0 0.7021484375 0.42578125 0.033203125 0.0390625
0 0.53759765625 0.3671875 0.0380859375 0.04296875
0 0.64697265625 0.35107421875 0.0380859375 0.0439453125
0 0.60888671875 0.3310546875 0.0341796875 0.041015625
0 0.5869140625 0.3388671875 0.041015625 0.044921875
0 0.6142578125 0.37353515625 0.037109375 0.0400390625
0 0.595703125 0.38427734375 0.037109375 0.0439453125
0 0.57958984375 0.3955078125 0.0302734375 0.03515625
0 0.5625 0.40283203125 0.03125 0.0341796875
0 0.5068359375 0.39013671875 0.037109375 0.0419921875
0 0.71630859375 0.41357421875 0.0302734375 0.0341796875
0 0.47998046875 0.41455078125 0.0419921875 0.0419921875
0 0.51513671875 0.44482421875 0.0380859375 0.0458984375
0 0.4990234375 0.45458984375 0.037109375 0.0400390625
0 0.46435546875 0.43701171875 0.0400390625 0.0458984375
0 0.7685546875 0.38427734375 0.033203125 0.0361328125
0 0.74951171875 0.3896484375 0.0302734375 0.033203125
0 0.7333984375 0.400390625 0.037109375 0.04296875
0 0.8251953125 0.48046875 0.0390625 0.044921875
0 0.849609375 0.513671875 0.029296875 0.033203125
0 0.8076171875 0.48828125 0.03125 0.037109375
0 0.9267578125 0.58056640625 0.03125 0.0341796875
0 0.94091796875 0.564453125 0.0380859375 0.04296875
0 0.98291015625 0.58935546875 0.0341796875 0.0380859375
0 0.97412109375 0.5400390625 0.0322265625 0.0390625
0 0.9921875 0.57177734375 0.015625 0.0322265625
0 0.98828125 0.533203125 0.0234375 0.03515625
0 0.78857421875 0.49658203125 0.0341796875 0.0400390625
0 0.90771484375 0.587890625 0.0341796875 0.0390625
0 0.89208984375 0.59765625 0.0341796875 0.0390625
0 0.93115234375 0.6201171875 0.0341796875 0.037109375
0 0.8779296875 0.6142578125 0.041015625 0.048828125
0 0.7744140625 0.51318359375 0.0390625 0.0458984375
0 0.78466796875 0.5576171875 0.0341796875 0.041015625
0 0.75732421875 0.52197265625 0.0361328125 0.0458984375
0 0.74267578125 0.5341796875 0.0341796875 0.041015625
0 0.72412109375 0.541015625 0.0322265625 0.0390625
0 0.7490234375 0.58251953125 0.03515625 0.0419921875
0 0.693359375 0.57080078125 0.041015625 0.0439453125
0 0.720703125 0.60498046875 0.037109375 0.0419921875
0 0.7158203125 0.7490234375 0.03125 0.0390625
0 0.79443359375 0.71630859375 0.0322265625 0.0361328125
0 0.7939453125 0.669921875 0.0390625 0.044921875
0 0.85009765625 0.67822265625 0.0341796875 0.0361328125
0 0.82861328125 0.64404296875 0.0322265625 0.0361328125
0 0.84619140625 0.64013671875 0.0322265625 0.0361328125
0 0.8603515625 0.62451171875 0.0390625 0.0458984375
0 0.66455078125 0.341796875 0.0322265625 0.037109375
0 0.6787109375 0.328125 0.0390625 0.044921875
0 0.71484375 0.30615234375 0.033203125 0.0361328125
0 0.2421875 0.130859375 0.0390625 0.044921875
0 0.45166015625 0.00634765625 0.0205078125 0.0107421875
0 0.41259765625 0.015625 0.0361328125 0.029296875
0 0.33154296875 0.0703125 0.0361328125 0.044921875
0 0.30126953125 0.09423828125 0.0322265625 0.0341796875
0 0.2841796875 0.103515625 0.03515625 0.04296875
0 0.26318359375 0.1142578125 0.0361328125 0.044921875
0 0.5810546875 0.015625 0.03515625 0.029296875
0 0.666015625 0.27734375 0.033203125 0.0390625
0 0.4130859375 0.2900390625 0.033203125 0.0390625
0 0.5595703125 0.189453125 0.03515625 0.0390625
0 0.541015625 0.1982421875 0.0390625 0.046875
0 0.5673828125 0.2353515625 0.033203125 0.0390625
0 0.5517578125 0.244140625 0.033203125 0.0390625
0 0.53271484375 0.255859375 0.0400390625 0.046875
0 0.47998046875 0.24609375 0.0380859375 0.04296875
0 0.46923828125 0.3037109375 0.0361328125 0.041015625
0 0.38037109375 0.31787109375 0.0380859375 0.0439453125
0 0.564453125 0.02001953125 0.03125 0.0380859375
0 0.423828125 0.3447265625 0.033203125 0.037109375
0 0.73974609375 0.23681640625 0.0302734375 0.0341796875
0 0.72314453125 0.25 0.0341796875 0.0390625
0 0.76220703125 0.2705078125 0.0322265625 0.0390625
0 0.70556640625 0.259765625 0.0341796875 0.0390625
0 0.7294921875 0.29541015625 0.037109375 0.0419921875
0 0.68701171875 0.27001953125 0.0341796875 0.0419921875
0 0.58447265625 0.22314453125 0.0361328125 0.0439453125
0 0.60107421875 0.2138671875 0.0341796875 0.0390625
0 0.6171875 0.2041015625 0.033203125 0.037109375
0 0.59521484375 0.1728515625 0.0322265625 0.037109375
0 0.60693359375 0.04638671875 0.0361328125 0.0419921875
0 0.58984375 0.0595703125 0.03515625 0.041015625
0 0.57275390625 0.06787109375 0.0361328125 0.0439453125
0 0.51708984375 0.0556640625 0.0380859375 0.04296875
0 0.5576171875 0.08203125 0.033203125 0.0390625
0 0.54248046875 0.09130859375 0.0380859375 0.0439453125
0 0.5234375 0.10302734375 0.0390625 0.0439453125
0 0.5087890625 0.1181640625 0.037109375 0.046875
0 0.4501953125 0.1005859375 0.033203125 0.037109375
0 0.419921875 0.1279296875 0.033203125 0.037109375
0 0.6572265625 0.12109375 0.037109375 0.041015625
0 0.66748046875 0.16796875 0.0361328125 0.041015625
0 0.62939453125 0.14990234375 0.0322265625 0.0341796875
0 0.61181640625 0.158203125 0.0322265625 0.037109375
0 0.63525390625 0.19384765625 0.0322265625 0.0380859375
0 0.86474609375 0.03369140625 0.0400390625 0.0478515625
0 0.90478515625 0.01708984375 0.0341796875 0.0322265625
0 0.84423828125 0.0078125 0.0244140625 0.013671875
0 0.94140625 0.14453125 0.0390625 0.044921875
0 0.05859375 0.4833984375 0.015625 0.03515625
0 0.08349609375 0.482421875 0.0263671875 0.04296875
0 0.974609375 0.1181640625 0.033203125 0.0390625
0 0.91748046875 0.107421875 0.0361328125 0.044921875
0 0.93408203125 0.91162109375 0.0361328125 0.0419921875
0 0.953125 0.89599609375 0.037109375 0.0439453125
0 0.974609375 0.8828125 0.0390625 0.04296875
0 0.8515625 0.79248046875 0.029296875 0.0341796875
0 0.8828125 0.7734375 0.0390625 0.048828125
0 0.900390625 0.76025390625 0.037109375 0.0439453125
0 0.93505859375 0.7314453125 0.0322265625 0.037109375
0 0.99365234375 0.6826171875 0.0126953125 0.029296875
0 0.984375 0.69873046875 0.03125 0.0400390625
0 0.9716796875 0.71435546875 0.037109375 0.0439453125
0 0.95263671875 0.7216796875 0.0322265625 0.0390625
0 0.96728515625 0.07080078125 0.0380859375 0.0439453125
