0 0.0380859375 0.9921875 0.03125 0.015625
0 0.07373046875 0.875 0.0400390625 0.03515625
0 0.0849609375 0.890625 0.037109375 0.03125
0 0.09716796875 0.90869140625 0.0361328125 0.0302734375
0 0.1064453125 0.9296875 0.04296875 0.03515625
0 0.119140625 0.94580078125 0.04296875 0.0341796875
0 0.005859375 0.9267578125 0.009765625 0.021484375
0 0.01416015625 0.94677734375 0.0263671875 0.0341796875
0 0.01806640625 0.966796875 0.0341796875 0.03515625
0 0.1328125 0.96142578125 0.037109375 0.0361328125
0 0.1474609375 0.97607421875 0.0390625 0.0361328125
8 0.2841796875 0.8828125 0.169921875 0.1953125
8 0.23291015625 0.58740234375 0.1669921875 0.1904296875
8 0.43701171875 0.4482421875 0.1669921875 0.193359375
8 0.53857421875 0.37939453125 0.1689453125 0.1923828125
8 0.38623046875 0.8125 0.1650390625 0.19140625
8 0.48828125 0.7431640625 0.166015625 0.193359375
8 0.6923828125 0.60595703125 0.16796875 0.1904296875
8 0.33447265625 0.517578125 0.1708984375 0.1953125
8 0.59033203125 0.6748046875 0.1689453125 0.193359375
0 0.05029296875 0.8427734375 0.0400390625 0.033203125
0 0.12255859375 0.240234375 0.0302734375 0.041015625
0 0.00732421875 0.751953125 0.0126953125 0.0234375
0 0.01318359375 0.7724609375 0.0244140625 0.03125
0 0.0185546875 0.78759765625 0.03515625 0.0322265625
0 0.02685546875 0.80810546875 0.0361328125 0.0322265625
0 0.0400390625 0.8251953125 0.041015625 0.03515625
0 0.02685546875 0.982421875 0.0400390625 0.03515625
0 0.0068359375 0.99365234375 0.01171875 0.0126953125
0 0.83349609375 0.93310546875 0.0361328125 0.0380859375
0 0.82080078125 0.94921875 0.0400390625 0.041015625
0 0.8056640625 0.96435546875 0.0390625 0.0419921875
0 0.79052734375 0.9775390625 0.0380859375 0.0390625
0 0.755859375 0.98876953125 0.033203125 0.0224609375
0 0.849609375 0.919921875 0.037109375 0.0390625
0 0.86279296875 0.9052734375 0.0361328125 0.041015625
0 0.94091796875 0.90380859375 0.0341796875 0.0341796875
0 0.9248046875 0.88818359375 0.0390625 0.0380859375
0 0.8798828125 0.8916015625 0.037109375 0.041015625
8 0.130859375 0.65576171875 0.16796875 0.1943359375
