9 0.294921875 0.2822265625 0.02734375 0.037109375
9 0.8916015625 0.19580078125 0.037109375 0.0341796875
9 0.26611328125 0.412109375 0.0400390625 0.033203125
9 0.4365234375 0.546875 0.03515625 0.037109375
9 0.22705078125 0.85400390625 0.0322265625 0.0341796875
9 0.70166015625 0.66796875 0.0224609375 0.021484375
9 0.4716796875 0.455078125 0.021484375 0.01953125
9 0.5634765625 0.3115234375 0.015625 0.017578125
9 0.96630859375 0.2451171875 0.0322265625 0.03125
9 0.955078125 0.4140625 0.025390625 0.021484375
9 0.95654296875 0.56982421875 0.0341796875 0.0341796875
9 0.3701171875 0.5048828125 0.041015625 0.03515625
9 0.8017578125 0.4091796875 0.02734375 0.033203125
9 0.8125 0.6630859375 0.037109375 0.041015625
9 0.4931640625 0.10302734375 0.03125 0.0244140625
