9 0.41015625 0.703125 0.029296875 0.03125
9 0.05322265625 0.2451171875 0.0322265625 0.03125
9 0.31640625 0.23974609375 0.033203125 0.0361328125
9 0.384765625 0.2880859375 0.033203125 0.03515625
9 0.46435546875 0.3642578125 0.0302734375 0.02734375
9 0.0419921875 0.4140625 0.025390625 0.021484375
9 0.04345703125 0.56982421875 0.0341796875 0.0341796875
9 0.1083984375 0.99072265625 0.025390625 0.0185546875
9 0.599609375 0.91357421875 0.03125 0.0322265625
9 0.18603515625 0.6220703125 0.0283203125 0.02734375
9 0.13037109375 0.14404296875 0.0283203125 0.0478515625
9 0.62158203125 0.4541015625 0.0400390625 0.037109375
