0 0.22021484375 0.220703125 0.0224609375 0.015625
8 0.322265625 0.412109375 0.060546875 0.09765625
0 0.07080078125 0.06591796875 0.0224609375 0.0166015625
0 0.07958984375 0.03466796875 0.0244140625 0.0166015625
0 0.07421875 0.05615234375 0.021484375 0.0166015625
8 0.57373046875 0.4638671875 0.0576171875 0.095703125
8 0.51953125 0.45361328125 0.05859375 0.0947265625
8 0.41650390625 0.431640625 0.0615234375 0.09765625
8 0.25634765625 0.39794921875 0.0595703125 0.0966796875
0 0.109375 0.10400390625 0.021484375 0.0166015625
8 0.2041015625 0.38720703125 0.060546875 0.0966796875
8 0.15087890625 0.3759765625 0.0615234375 0.09765625
8 0.57373046875 0.29443359375 0.0576171875 0.0947265625
8 0.51953125 0.28466796875 0.060546875 0.0966796875
8 0.43798828125 0.267578125 0.0595703125 0.095703125
8 0.38525390625 0.25634765625 0.0595703125 0.0966796875
0 0.11279296875 0.09375 0.0205078125 0.015625
0 0.130859375 0.1123046875 0.021484375 0.015625
0 0.2138671875 0.2314453125 0.021484375 0.015625
0 0.17236328125 0.21142578125 0.0205078125 0.0185546875
0 0.2109375 0.24169921875 0.0234375 0.0166015625
0 0.1533203125 0.2529296875 0.01953125 0.013671875
0 0.16015625 0.2451171875 0.021484375 0.017578125
0 0.14013671875 0.23486328125 0.0185546875 0.0166015625
0 0.162109375 0.23388671875 0.021484375 0.0146484375
0 0.146484375 0.21533203125 0.021484375 0.0166015625
0 0.150390625 0.205078125 0.01953125 0.015625
0 0.19189453125 0.0771484375 0.0205078125 0.017578125
0 0.10302734375 0.1748046875 0.0224609375 0.01953125
0 0.1123046875 0.1533203125 0.0234375 0.017578125
0 0.11767578125 0.14501953125 0.0224609375 0.0185546875
0 0.09765625 0.13427734375 0.021484375 0.0166015625
0 0.12060546875 0.1328125 0.0224609375 0.017578125
0 0.1259765625 0.12353515625 0.021484375 0.0146484375
8 0.3203125 0.2431640625 0.05859375 0.095703125
