9 0.41015625 0.4697265625 0.029296875 0.03125
9 0.05322265625 0.01416015625 0.0322265625 0.0263671875
9 0.31640625 0.0126953125 0.033203125 0.0234375
9 0.384765625 0.0546875 0.033203125 0.03515625
9 0.46435546875 0.130859375 0.0302734375 0.02734375
9 0.0419921875 0.1806640625 0.025390625 0.021484375
9 0.04345703125 0.33642578125 0.0341796875 0.0341796875
9 0.1083984375 0.7626953125 0.025390625 0.029296875
9 0.14501953125 0.79052734375 0.0302734375 0.0341796875
9 0.599609375 0.68017578125 0.03125 0.0322265625
9 0.85986328125 0.9775390625 0.0341796875 0.029296875
9 0.18603515625 0.388671875 0.0283203125 0.02734375
9 0.62158203125 0.220703125 0.0400390625 0.037109375
9 0.626953125 0.7880859375 0.041015625 0.044921875
9 0.4296875 0.9599609375 0.03515625 0.041015625
