1 0.673828125 0.53662109375 0.109375 0.1416015625
0 0.9638671875 0.98583984375 0.03125 0.0283203125
0 0.99072265625 0.970703125 0.0185546875 0.03515625
0 0.94384765625 0.9951171875 0.0205078125 0.009765625
0 0.53662109375 0.98388671875 0.0361328125 0.0322265625
0 0.64697265625 0.97314453125 0.0380859375 0.0439453125
0 0.60888671875 0.953125 0.0341796875 0.041015625
0 0.5869140625 0.9609375 0.041015625 0.044921875
0 0.611328125 0.98779296875 0.03125 0.0244140625
0 0.58837890625 0.9921875 0.0224609375 0.015625
0 0.7626953125 0.994140625 0.021484375 0.01171875
0 0.66455078125 0.9638671875 0.0322265625 0.037109375
0 0.6787109375 0.9501953125 0.0390625 0.044921875
0 0.71484375 0.92822265625 0.033203125 0.0361328125
0 0.52880859375 0.55615234375 0.0361328125 0.0439453125
0 0.2783203125 0.3759765625 0.037109375 0.03515625
0 0.27099609375 0.4296875 0.0439453125 0.037109375
0 0.32373046875 0.419921875 0.0439453125 0.0390625
0 0.33544921875 0.44482421875 0.0478515625 0.0419921875
0 0.35400390625 0.46533203125 0.0380859375 0.0341796875
0 0.359375 0.486328125 0.037109375 0.033203125
0 0.373046875 0.50048828125 0.037109375 0.0322265625
0 0.51171875 0.56640625 0.0390625 0.046875
0 0.2421875 0.7529296875 0.0390625 0.044921875
0 0.4951171875 0.576171875 0.03515625 0.04296875
0 0.47705078125 0.58642578125 0.0322265625 0.0400390625
0 0.4443359375 0.61181640625 0.03515625 0.0439453125
0 0.412109375 0.63134765625 0.037109375 0.0419921875
0 0.33154296875 0.6923828125 0.0361328125 0.044921875
0 0.30126953125 0.71630859375 0.0322265625 0.0341796875
0 0.2841796875 0.7255859375 0.03515625 0.04296875
0 0.4765625 0.45458984375 0.0390625 0.0361328125
0 0.51171875 0.431640625 0.0390625 0.033203125
0 0.50390625 0.41064453125 0.044921875 0.0400390625
0 0.44970703125 0.4228515625 0.0419921875 0.037109375
1 0.41357421875 0.13037109375 0.0576171875 0.0517578125
0 0.4833984375 0.20263671875 0.04296875 0.0400390625
0 0.4365234375 0.14892578125 0.037109375 0.0341796875
0 0.4970703125 0.21630859375 0.037109375 0.0341796875
0 0.5166015625 0.2490234375 0.0390625 0.03515625
0 0.5263671875 0.26806640625 0.033203125 0.0302734375
0 0.546875 0.29296875 0.03515625 0.03515625
0 0.5595703125 0.3125 0.041015625 0.0390625
0 0.580078125 0.337890625 0.03515625 0.03125
0 0.5947265625 0.3525390625 0.044921875 0.04296875
0 0.42236328125 0.29736328125 0.0419921875 0.0380859375
0 0.45263671875 0.3505859375 0.0419921875 0.037109375
0 0.47802734375 0.37548828125 0.0302734375 0.0283203125
0 0.40478515625 0.3564453125 0.0439453125 0.0390625
0 0.4423828125 0.40234375 0.037109375 0.03515625
0 0.26318359375 0.736328125 0.0361328125 0.044921875
0 0.57958984375 0.6298828125 0.0380859375 0.044921875
0 0.666015625 0.8994140625 0.033203125 0.0390625
0 0.4130859375 0.912109375 0.033203125 0.0390625
0 0.5595703125 0.8115234375 0.03515625 0.0390625
0 0.541015625 0.8203125 0.0390625 0.046875
0 0.5673828125 0.857421875 0.033203125 0.0390625
0 0.5517578125 0.8662109375 0.033203125 0.0390625
0 0.53271484375 0.8779296875 0.0400390625 0.046875
0 0.47998046875 0.8681640625 0.0380859375 0.04296875
0 0.46923828125 0.92578125 0.0361328125 0.041015625
0 0.38037109375 0.93994140625 0.0380859375 0.0439453125
0 0.564453125 0.64111328125 0.03125 0.0400390625
0 0.423828125 0.966796875 0.033203125 0.037109375
0 0.73974609375 0.85888671875 0.0302734375 0.0341796875
0 0.72314453125 0.8720703125 0.0341796875 0.0390625
0 0.76220703125 0.892578125 0.0322265625 0.0390625
0 0.70556640625 0.8818359375 0.0341796875 0.0390625
0 0.7294921875 0.91748046875 0.037109375 0.0419921875
0 0.68701171875 0.89208984375 0.0341796875 0.0419921875
0 0.58447265625 0.84521484375 0.0361328125 0.0439453125
0 0.60107421875 0.8359375 0.0341796875 0.0390625
0 0.6171875 0.826171875 0.033203125 0.037109375
0 0.59521484375 0.794921875 0.0322265625 0.037109375
0 0.60693359375 0.66845703125 0.0361328125 0.0419921875
0 0.58984375 0.681640625 0.03515625 0.041015625
0 0.57275390625 0.68994140625 0.0361328125 0.0439453125
0 0.51708984375 0.677734375 0.0380859375 0.04296875
0 0.5576171875 0.7041015625 0.033203125 0.0390625
0 0.54248046875 0.71337890625 0.0380859375 0.0439453125
0 0.5234375 0.72509765625 0.0390625 0.0439453125
0 0.5087890625 0.740234375 0.037109375 0.046875
0 0.4501953125 0.72265625 0.033203125 0.037109375
0 0.419921875 0.75 0.033203125 0.037109375
0 0.6572265625 0.7431640625 0.037109375 0.041015625
0 0.66748046875 0.7900390625 0.0361328125 0.041015625
0 0.62939453125 0.77197265625 0.0322265625 0.0341796875
0 0.61181640625 0.7802734375 0.0322265625 0.037109375
0 0.63525390625 0.81591796875 0.0322265625 0.0380859375
0 0.94677734375 0.421875 0.0341796875 0.0390625
0 0.974609375 0.3525390625 0.033203125 0.0390625
0 0.9912109375 0.384765625 0.017578125 0.03515625
0 0.95654296875 0.36083984375 0.0302734375 0.0341796875
0 0.98291015625 0.3984375 0.0341796875 0.0390625
0 0.93994140625 0.37109375 0.0263671875 0.029296875
0 0.96630859375 0.40966796875 0.0341796875 0.0380859375
0 0.86474609375 0.65576171875 0.0400390625 0.0478515625
0 0.904296875 0.634765625 0.03515625 0.041015625
0 0.837890625 0.61572265625 0.037109375 0.0419921875
0 0.8583984375 0.607421875 0.03515625 0.041015625
0 0.875 0.59619140625 0.037109375 0.0439453125
0 0.892578125 0.583984375 0.033203125 0.0390625
0 0.9111328125 0.57373046875 0.029296875 0.0361328125
0 0.92822265625 0.56396484375 0.0302734375 0.0361328125
0 0.94384765625 0.55322265625 0.0322265625 0.0380859375
0 0.95849609375 0.53955078125 0.0302734375 0.0341796875
0 0.96923828125 0.58984375 0.0302734375 0.037109375
0 0.9853515625 0.57666015625 0.029296875 0.0341796875
0 0.9267578125 0.3857421875 0.033203125 0.0390625
0 0.93505859375 0.43701171875 0.0380859375 0.0458984375
0 0.94140625 0.7666015625 0.0390625 0.044921875
0 0.9873046875 0.2294921875 0.025390625 0.0390625
0 0.80859375 0.3583984375 0.03125 0.037109375
0 0.8232421875 0.33935546875 0.02734375 0.0322265625
0 0.85888671875 0.32421875 0.0361328125 0.0390625
0 0.9072265625 0.29345703125 0.033203125 0.0380859375
0 0.94140625 0.2666015625 0.037109375 0.041015625
0 0.955078125 0.25244140625 0.03515625 0.0380859375
0 0.97265625 0.2421875 0.037109375 0.04296875
0 0.90966796875 0.3984375 0.0283203125 0.03515625
0 0.77392578125 0.3779296875 0.0341796875 0.0390625
0 0.7568359375 0.3876953125 0.033203125 0.0390625
0 0.7421875 0.40087890625 0.033203125 0.0400390625
0 0.7255859375 0.412109375 0.033203125 0.03515625
0 0.89453125 0.41259765625 0.03515625 0.0419921875
0 0.91845703125 0.44921875 0.0380859375 0.044921875
0 0.87841796875 0.4208984375 0.0322265625 0.0390625
0 0.90234375 0.46142578125 0.037109375 0.0439453125
0 0.8857421875 0.47265625 0.033203125 0.0390625
0 0.8681640625 0.482421875 0.03125 0.03515625
0 0.853515625 0.494140625 0.033203125 0.0390625
0 0.82958984375 0.45947265625 0.0322265625 0.0400390625
0 0.814453125 0.4658203125 0.033203125 0.0390625
0 0.82275390625 0.5166015625 0.0341796875 0.0390625
0 0.798828125 0.4794921875 0.03515625 0.041015625
0 0.7822265625 0.4931640625 0.03515625 0.0390625
0 0.76123046875 0.50390625 0.0380859375 0.046875
0 0.7890625 0.5439453125 0.037109375 0.044921875
0 0.7041015625 0.4248046875 0.0390625 0.044921875
0 0.974609375 0.740234375 0.033203125 0.0390625
0 0.91748046875 0.7294921875 0.0361328125 0.044921875
0 0.96728515625 0.69287109375 0.0380859375 0.0439453125
1 0.3876953125 0.11962890625 0.072265625 0.0615234375
