1 0.57470703125 0.123046875 0.0771484375 0.0546875
1 0.83056640625 0.35791015625 0.0732421875 0.0537109375
0 0.90966796875 0.22509765625 0.0263671875 0.0361328125
0 0.89208984375 0.216796875 0.0283203125 0.03515625
0 0.87353515625 0.2080078125 0.0322265625 0.0390625
1 0.8935546875 0.26513671875 0.072265625 0.0439453125
1 0.8779296875 0.29248046875 0.07421875 0.0517578125
1 0.8603515625 0.314453125 0.072265625 0.0546875
1 0.84619140625 0.33837890625 0.0712890625 0.0498046875
1 0.81689453125 0.3828125 0.0732421875 0.0546875
0 0.94775390625 0.2451171875 0.0302734375 0.044921875
1 0.798828125 0.40283203125 0.072265625 0.0537109375
1 0.775390625 0.45068359375 0.078125 0.0556640625
1 0.763671875 0.4755859375 0.07421875 0.052734375
1 0.7529296875 0.50146484375 0.080078125 0.0556640625
1 0.73828125 0.52392578125 0.07421875 0.0498046875
1 0.72705078125 0.5498046875 0.0771484375 0.0546875
1 0.70556640625 0.56982421875 0.0751953125 0.0576171875
0 0.927734375 0.2373046875 0.029296875 0.037109375
0 0.96826171875 0.13037109375 0.0322265625 0.0439453125
1 0.56982421875 0.369140625 0.0732421875 0.048828125
1 0.4462890625 0.57763671875 0.072265625 0.0576171875
1 0.55078125 0.41943359375 0.06640625 0.0478515625
1 0.53564453125 0.44189453125 0.0693359375 0.0498046875
1 0.50146484375 0.484375 0.0673828125 0.052734375
1 0.5205078125 0.4638671875 0.06640625 0.048828125
1 0.49267578125 0.51171875 0.0712890625 0.046875
1 0.48583984375 0.53662109375 0.0712890625 0.0498046875
1 0.47607421875 0.5625 0.0732421875 0.052734375
1 0.4404296875 0.6025390625 0.06640625 0.05078125
0 0.93212890625 0.01171875 0.0263671875 0.021484375
1 0.41748046875 0.62255859375 0.0712890625 0.0517578125
1 0.40478515625 0.677734375 0.0654296875 0.046875
1 0.39111328125 0.701171875 0.0693359375 0.048828125
1 0.37109375 0.7216796875 0.0703125 0.048828125
1 0.369140625 0.75048828125 0.07421875 0.0498046875
1 0.357421875 0.77978515625 0.072265625 0.0537109375
0 0.9111328125 0.0068359375 0.01953125 0.01171875
1 0.6904296875 0.59033203125 0.072265625 0.0537109375
1 0.6767578125 0.615234375 0.072265625 0.05078125
1 0.671875 0.6416015625 0.078125 0.056640625
1 0.02783203125 0.015625 0.0537109375 0.029296875
1 0.02099609375 0.0341796875 0.0400390625 0.04296875
1 0.01416015625 0.06298828125 0.0263671875 0.0341796875
1 0.00830078125 0.09130859375 0.0146484375 0.0263671875
1 0.65380859375 0.66455078125 0.0751953125 0.0537109375
1 0.6513671875 0.69140625 0.076171875 0.0546875
1 0.63623046875 0.71533203125 0.0771484375 0.0537109375
1 0.623046875 0.7392578125 0.07421875 0.052734375
1 0.60107421875 0.75732421875 0.0771484375 0.0517578125
1 0.58935546875 0.8115234375 0.0751953125 0.05078125
1 0.56103515625 0.8291015625 0.0771484375 0.052734375
1 0.55224609375 0.85498046875 0.0751953125 0.0537109375
1 0.55078125 0.88818359375 0.078125 0.0537109375
1 0.37451171875 0.919921875 0.0732421875 0.0234375
1 0.22412109375 0.85107421875 0.0712890625 0.0537109375
1 0.12646484375 0.79443359375 0.0849609375 0.0576171875
1 0.03857421875 0.74072265625 0.0751953125 0.0576171875
1 0.56103515625 0.3935546875 0.0712890625 0.05078125
1 0.58349609375 0.34619140625 0.0693359375 0.0517578125
1 0.310546875 0.12841796875 0.087890625 0.0595703125
1 0.25439453125 0.017578125 0.0732421875 0.033203125
1 0.35498046875 0.06298828125 0.0888671875 0.0576171875
1 0.3447265625 0.0859375 0.087890625 0.05859375
1 0.322265625 0.10693359375 0.087890625 0.0576171875
1 0.3037109375 0.158203125 0.0859375 0.060546875
1 0.22021484375 0.0517578125 0.0869140625 0.056640625
1 0.2744140625 0.20263671875 0.087890625 0.0595703125
1 0.26416015625 0.22998046875 0.0869140625 0.0595703125
1 0.2490234375 0.2490234375 0.083984375 0.05859375
1 0.2216796875 0.2978515625 0.0859375 0.0625
1 0.20751953125 0.3212890625 0.0849609375 0.060546875
1 0.1953125 0.34619140625 0.087890625 0.0615234375
1 0.16943359375 0.39111328125 0.0830078125 0.0634765625
1 0.2333984375 0.02734375 0.087890625 0.052734375
1 0.21044921875 0.07666015625 0.0849609375 0.0537109375
1 0.6044921875 0.32373046875 0.0703125 0.0517578125
1 0.06640625 0.33447265625 0.087890625 0.0576171875
1 0.01025390625 0.515625 0.0185546875 0.02734375
1 0.01708984375 0.4892578125 0.0322265625 0.0390625
1 0.02001953125 0.45947265625 0.0380859375 0.0380859375
1 0.02587890625 0.43359375 0.0498046875 0.046875
1 0.03369140625 0.40673828125 0.0654296875 0.0556640625
1 0.0478515625 0.3876953125 0.083984375 0.056640625
1 0.0498046875 0.35693359375 0.08203125 0.0556640625
1 0.08154296875 0.31201171875 0.0888671875 0.0537109375
1 0.19775390625 0.09912109375 0.0908203125 0.0576171875
1 0.09521484375 0.2890625 0.0849609375 0.05859375
1 0.10791015625 0.26806640625 0.0869140625 0.0576171875
1 0.1171875 0.23974609375 0.087890625 0.0537109375
1 0.13427734375 0.220703125 0.0849609375 0.056640625
1 0.13916015625 0.1904296875 0.0888671875 0.05859375
1 0.16796875 0.1455078125 0.083984375 0.0546875
1 0.18701171875 0.12548828125 0.0849609375 0.0537109375
1 0.1572265625 0.41748046875 0.083984375 0.0634765625
1 0.14208984375 0.4404296875 0.0869140625 0.060546875
1 0.1298828125 0.462890625 0.083984375 0.05859375
1 0.548828125 0.17041015625 0.076171875 0.0556640625
1 0.4443359375 0.3623046875 0.076171875 0.048828125
1 0.45263671875 0.33544921875 0.0771484375 0.0537109375
1 0.46337890625 0.3115234375 0.0751953125 0.052734375
1 0.47314453125 0.28369140625 0.0771484375 0.0537109375
1 0.486328125 0.2587890625 0.076171875 0.052734375
1 0.50390625 0.2373046875 0.078125 0.05078125
1 0.53662109375 0.1953125 0.0791015625 0.0546875
1 0.5966796875 0.1025390625 0.080078125 0.052734375
1 0.11474609375 0.48583984375 0.0830078125 0.0595703125
1 0.6962890625 0.15869140625 0.072265625 0.0478515625
1 0.68359375 0.18505859375 0.0703125 0.0478515625
1 0.66845703125 0.20654296875 0.0712890625 0.0478515625
1 0.64892578125 0.224609375 0.0712890625 0.048828125
1 0.6455078125 0.255859375 0.0703125 0.05078125
1 0.62548828125 0.27783203125 0.0732421875 0.0478515625
1 0.611328125 0.298828125 0.0703125 0.05078125
1 0.43115234375 0.38525390625 0.0810546875 0.0537109375
1 0.421875 0.41015625 0.078125 0.0546875
1 0.4169921875 0.43505859375 0.07421875 0.0556640625
1 0.40185546875 0.45947265625 0.0791015625 0.0517578125
1 0.10400390625 0.5126953125 0.0869140625 0.05859375
1 0.09033203125 0.53369140625 0.0849609375 0.0595703125
1 0.08056640625 0.55810546875 0.0869140625 0.0576171875
1 0.0673828125 0.58203125 0.087890625 0.060546875
1 0.056640625 0.60546875 0.08203125 0.05859375
1 0.2490234375 0.71826171875 0.076171875 0.0537109375
1 0.26025390625 0.69384765625 0.0732421875 0.0478515625
1 0.27734375 0.66796875 0.07421875 0.052734375
1 0.28564453125 0.642578125 0.0712890625 0.05078125
1 0.3095703125 0.5947265625 0.072265625 0.048828125
1 0.32568359375 0.57080078125 0.0712890625 0.0498046875
1 0.34033203125 0.5478515625 0.0732421875 0.0546875
1 0.3701171875 0.50634765625 0.078125 0.0517578125
1 0.38720703125 0.4833984375 0.0771484375 0.0546875
