1 0.94580078125 0.5673828125 0.0771484375 0.0546875
1 0.94091796875 0.8134765625 0.0732421875 0.048828125
1 0.921875 0.86376953125 0.06640625 0.0478515625
1 0.90673828125 0.88623046875 0.0693359375 0.0498046875
1 0.87255859375 0.9287109375 0.0673828125 0.052734375
1 0.8916015625 0.908203125 0.06640625 0.048828125
1 0.86376953125 0.9560546875 0.0712890625 0.046875
1 0.85693359375 0.97802734375 0.0712890625 0.0439453125
1 0.3212890625 0.564453125 0.083984375 0.05859375
1 0.41259765625 0.3994140625 0.0830078125 0.060546875
1 0.3994140625 0.42236328125 0.083984375 0.0576171875
1 0.384765625 0.44580078125 0.08203125 0.0576171875
1 0.3720703125 0.47119140625 0.080078125 0.0576171875
1 0.35888671875 0.49462890625 0.0791015625 0.0595703125
1 0.34619140625 0.5185546875 0.0810546875 0.060546875
1 0.33154296875 0.5419921875 0.0849609375 0.060546875
1 0.310546875 0.58837890625 0.083984375 0.0615234375
1 0.28076171875 0.63720703125 0.0830078125 0.0615234375
1 0.267578125 0.6611328125 0.083984375 0.060546875
1 0.25341796875 0.68505859375 0.0830078125 0.0615234375
1 0.17529296875 0.8251953125 0.0791015625 0.05859375
1 0.14697265625 0.8740234375 0.0888671875 0.0625
1 0.16162109375 0.84912109375 0.0830078125 0.0576171875
1 0.1865234375 0.8017578125 0.078125 0.056640625
1 0.4267578125 0.376953125 0.083984375 0.05859375
1 0.439453125 0.35107421875 0.083984375 0.0615234375
1 0.45361328125 0.326171875 0.0830078125 0.0625
1 0.46875 0.3056640625 0.08203125 0.064453125
1 0.16943359375 0.97802734375 0.0263671875 0.0439453125
1 0.486328125 0.279296875 0.087890625 0.064453125
1 0.93212890625 0.837890625 0.0712890625 0.05078125
1 0.95458984375 0.79052734375 0.0693359375 0.0517578125
1 0.3271484375 0.96630859375 0.087890625 0.0556640625
1 0.681640625 0.57275390625 0.087890625 0.0595703125
1 0.61962890625 0.44921875 0.0849609375 0.05859375
1 0.6328125 0.42236328125 0.083984375 0.0576171875
1 0.64794921875 0.40234375 0.0849609375 0.060546875
1 0.6630859375 0.3759765625 0.091796875 0.0625
1 0.72607421875 0.50732421875 0.0888671875 0.0576171875
1 0.7158203125 0.5302734375 0.087890625 0.05859375
1 0.693359375 0.55126953125 0.087890625 0.0576171875
1 0.6748046875 0.6025390625 0.0859375 0.060546875
1 0.59130859375 0.49609375 0.0869140625 0.056640625
1 0.6455078125 0.64697265625 0.087890625 0.0595703125
1 0.63525390625 0.67431640625 0.0869140625 0.0595703125
1 0.6201171875 0.693359375 0.083984375 0.05859375
1 0.5927734375 0.7421875 0.0859375 0.0625
1 0.57861328125 0.765625 0.0849609375 0.060546875
1 0.56640625 0.79052734375 0.087890625 0.0615234375
1 0.54052734375 0.83544921875 0.0830078125 0.0634765625
1 0.6044921875 0.470703125 0.087890625 0.0546875
1 0.58154296875 0.52099609375 0.0849609375 0.0537109375
1 0.97021484375 0.76708984375 0.0595703125 0.0498046875
1 0.4375 0.77880859375 0.087890625 0.0576171875
1 0.34716796875 0.9462890625 0.0869140625 0.0546875
1 0.35986328125 0.92236328125 0.0888671875 0.0615234375
1 0.36669921875 0.89501953125 0.0869140625 0.0556640625
1 0.38037109375 0.8720703125 0.0830078125 0.05859375
1 0.39599609375 0.85009765625 0.0830078125 0.0576171875
1 0.4189453125 0.83203125 0.083984375 0.056640625
1 0.4208984375 0.80126953125 0.08203125 0.0556640625
1 0.45263671875 0.75634765625 0.0888671875 0.0537109375
1 0.56884765625 0.54345703125 0.0908203125 0.0576171875
1 0.46630859375 0.7333984375 0.0849609375 0.05859375
1 0.47900390625 0.71240234375 0.0869140625 0.0576171875
1 0.48828125 0.68408203125 0.087890625 0.0537109375
1 0.50537109375 0.6650390625 0.0849609375 0.056640625
1 0.51025390625 0.634765625 0.0888671875 0.05859375
1 0.5390625 0.58984375 0.083984375 0.0546875
1 0.55810546875 0.56982421875 0.0849609375 0.0537109375
1 0.5283203125 0.86181640625 0.083984375 0.0634765625
1 0.51318359375 0.884765625 0.0869140625 0.060546875
1 0.5009765625 0.9072265625 0.083984375 0.05859375
1 0.919921875 0.61474609375 0.076171875 0.0556640625
1 0.8154296875 0.806640625 0.076171875 0.048828125
1 0.82373046875 0.77978515625 0.0771484375 0.0537109375
1 0.83447265625 0.755859375 0.0751953125 0.052734375
1 0.84423828125 0.72802734375 0.0771484375 0.0537109375
1 0.857421875 0.703125 0.076171875 0.052734375
1 0.875 0.681640625 0.078125 0.05078125
1 0.90771484375 0.6396484375 0.0791015625 0.0546875
1 0.9638671875 0.544921875 0.072265625 0.048828125
1 0.48583984375 0.93017578125 0.0830078125 0.0595703125
1 0.9921875 0.65625 0.015625 0.0234375
1 0.99072265625 0.68798828125 0.0185546875 0.0263671875
1 0.97998046875 0.7158203125 0.0400390625 0.03515625
1 0.9736328125 0.74072265625 0.052734375 0.0458984375
1 0.80224609375 0.82958984375 0.0810546875 0.0537109375
1 0.79296875 0.8544921875 0.078125 0.0546875
1 0.7880859375 0.87939453125 0.07421875 0.0556640625
1 0.77294921875 0.90380859375 0.0791015625 0.0517578125
1 0.47509765625 0.95703125 0.0869140625 0.05859375
1 0.45947265625 0.97412109375 0.0810546875 0.0517578125
1 0.43798828125 0.98681640625 0.0595703125 0.0263671875
1 0.71142578125 0.982421875 0.0732421875 0.03515625
1 0.7412109375 0.95068359375 0.078125 0.0517578125
1 0.75830078125 0.927734375 0.0771484375 0.0546875
1 0.13134765625 0.8994140625 0.0791015625 0.056640625
