0 0.48046875 0.466796875 0.0234375 0.021484375
0 0.1611328125 0.8662109375 0.0234375 0.021484375
0 0.2822265625 0.7705078125 0.0234375 0.0234375
0 0.24658203125 0.740234375 0.0166015625 0.015625
0 0.23828125 0.74853515625 0.01953125 0.0185546875
0 0.2724609375 0.78955078125 0.017578125 0.0166015625
0 0.2294921875 0.76904296875 0.021484375 0.0205078125
0 0.22314453125 0.77783203125 0.0205078125 0.0185546875
0 0.21728515625 0.78564453125 0.0224609375 0.0224609375
0 0.2509765625 0.81884765625 0.0234375 0.0224609375
0 0.2001953125 0.806640625 0.025390625 0.021484375
0 0.2451171875 0.82763671875 0.01953125 0.0185546875
0 0.23974609375 0.83642578125 0.0205078125 0.0205078125
0 0.2333984375 0.8447265625 0.01953125 0.017578125
0 0.228515625 0.8525390625 0.017578125 0.017578125
0 0.19482421875 0.81494140625 0.0244140625 0.0205078125
0 0.19091796875 0.8232421875 0.0185546875 0.015625
0 0.1826171875 0.83349609375 0.021484375 0.0205078125
0 0.22314453125 0.85888671875 0.0224609375 0.0185546875
0 0.2177734375 0.86962890625 0.021484375 0.0185546875
0 0.21142578125 0.87646484375 0.0166015625 0.0166015625
0 0.2880859375 0.76220703125 0.01953125 0.0185546875
0 0.296875 0.7451171875 0.01953125 0.01953125
0 0.30517578125 0.736328125 0.0244140625 0.021484375
0 0.2470703125 0.298828125 0.0234375 0.021484375
8 0.865234375 0.24169921875 0.083984375 0.0947265625
8 0.916015625 0.2734375 0.0859375 0.095703125
7 0.4755859375 0.837890625 0.400390625 0.32421875
6 0.5 0.76953125 0.576171875 0.4609375
8 0.74462890625 0.44677734375 0.0966796875 0.0830078125
10 0.9287109375 0.92724609375 0.142578125 0.1455078125
0 0.228515625 0.26953125 0.025390625 0.01953125
0 0.23779296875 0.28955078125 0.0224609375 0.0205078125
0 0.1845703125 0.484375 0.021484375 0.025390625
0 0.3134765625 0.71923828125 0.021484375 0.0205078125
0 0.15625 0.46533203125 0.021484375 0.0244140625
0 0.298828125 0.65625 0.025390625 0.0234375
0 0.29345703125 0.66552734375 0.0185546875 0.0185546875
0 0.2880859375 0.67578125 0.021484375 0.01953125
0 0.28125 0.68408203125 0.021484375 0.0185546875
0 0.2763671875 0.6923828125 0.025390625 0.021484375
0 0.27197265625 0.70263671875 0.0205078125 0.0205078125
0 0.26513671875 0.70947265625 0.0185546875 0.0166015625
0 0.20166015625 0.88232421875 0.0224609375 0.0166015625
0 0.20166015625 0.892578125 0.0185546875 0.015625
0 0.46337890625 0.4931640625 0.0205078125 0.017578125
0 0.1962890625 0.90234375 0.01953125 0.017578125
0 0.3486328125 0.66796875 0.0234375 0.021484375
0 0.35400390625 0.65966796875 0.0166015625 0.0146484375
0 0.35791015625 0.6513671875 0.0205078125 0.01953125
0 0.3115234375 0.64208984375 0.01953125 0.0185546875
0 0.31884765625 0.63232421875 0.0224609375 0.0205078125
0 0.322265625 0.6240234375 0.01953125 0.017578125
0 0.32666015625 0.61376953125 0.0185546875 0.0166015625
0 0.33203125 0.60693359375 0.01953125 0.0185546875
0 0.37158203125 0.6337890625 0.0224609375 0.017578125
0 0.3818359375 0.61767578125 0.025390625 0.0224609375
0 0.3955078125 0.60302734375 0.017578125 0.0166015625
0 0.39892578125 0.59423828125 0.0244140625 0.0224609375
0 0.37353515625 0.54833984375 0.0244140625 0.0205078125
0 0.37890625 0.53759765625 0.021484375 0.0185546875
0 0.416015625 0.568359375 0.017578125 0.017578125
0 0.431640625 0.54296875 0.0234375 0.0234375
0 0.44287109375 0.52880859375 0.0224609375 0.0185546875
0 0.39208984375 0.52099609375 0.0185546875 0.0166015625
0 0.404296875 0.50244140625 0.01953125 0.0185546875
0 0.3466796875 0.67919921875 0.01953125 0.0166015625
0 0.3388671875 0.68701171875 0.01953125 0.0185546875
0 0.3330078125 0.693359375 0.025390625 0.0234375
0 0.13427734375 0.90625 0.0205078125 0.017578125
0 0.15673828125 0.876953125 0.0263671875 0.021484375
0 0.1884765625 0.908203125 0.01953125 0.017578125
0 0.18212890625 0.9169921875 0.0205078125 0.01953125
0 0.17919921875 0.92578125 0.0224609375 0.01953125
0 0.173828125 0.93603515625 0.021484375 0.0205078125
0 0.16796875 0.9453125 0.021484375 0.01953125
0 0.16259765625 0.95263671875 0.0205078125 0.0185546875
0 0.1416015625 0.8984375 0.021484375 0.01953125
0 0.12841796875 0.919921875 0.0185546875 0.015625
0 0.3203125 0.7099609375 0.0234375 0.021484375
0 0.12158203125 0.92822265625 0.0263671875 0.0224609375
0 0.15478515625 0.96044921875 0.0244140625 0.0205078125
0 0.14501953125 0.97705078125 0.0185546875 0.0185546875
0 0.1083984375 0.9443359375 0.02734375 0.021484375
0 0.1318359375 0.99169921875 0.021484375 0.0166015625
0 0.091796875 0.97314453125 0.0234375 0.0205078125
0 0.08056640625 0.990234375 0.0244140625 0.01953125
8 0.7724609375 0.4033203125 0.099609375 0.083984375
