1 0.57470703125 0.5673828125 0.0771484375 0.0546875
1 0.83056640625 0.80224609375 0.0732421875 0.0537109375
0 0.90966796875 0.66943359375 0.0263671875 0.0361328125
0 0.89208984375 0.6611328125 0.0283203125 0.03515625
0 0.87353515625 0.65234375 0.0322265625 0.0390625
1 0.8935546875 0.70947265625 0.072265625 0.0439453125
1 0.8779296875 0.73681640625 0.07421875 0.0517578125
1 0.8603515625 0.7587890625 0.072265625 0.0546875
1 0.84619140625 0.78271484375 0.0712890625 0.0498046875
1 0.81689453125 0.8271484375 0.0732421875 0.0546875
0 0.94775390625 0.689453125 0.0302734375 0.044921875
1 0.798828125 0.84716796875 0.072265625 0.0537109375
1 0.775390625 0.89501953125 0.078125 0.0556640625
1 0.763671875 0.919921875 0.07421875 0.052734375
1 0.7529296875 0.94580078125 0.080078125 0.0556640625
1 0.73828125 0.96826171875 0.07421875 0.0498046875
1 0.72412109375 0.9833984375 0.0712890625 0.033203125
0 0.927734375 0.681640625 0.029296875 0.037109375
0 0.96826171875 0.57470703125 0.0322265625 0.0439453125
1 0.56982421875 0.8134765625 0.0732421875 0.048828125
1 0.55078125 0.86376953125 0.06640625 0.0478515625
1 0.53564453125 0.88623046875 0.0693359375 0.0498046875
1 0.50146484375 0.9287109375 0.0673828125 0.052734375
1 0.5205078125 0.908203125 0.06640625 0.048828125
1 0.49267578125 0.9560546875 0.0712890625 0.046875
1 0.48583984375 0.97802734375 0.0712890625 0.0439453125
0 0.9345703125 0.4462890625 0.03125 0.041015625
0 0.9150390625 0.43798828125 0.02734375 0.0380859375
1 0.04150390625 0.3994140625 0.0830078125 0.060546875
1 0.03564453125 0.42333984375 0.0693359375 0.0556640625
1 0.02783203125 0.4501953125 0.0537109375 0.048828125
1 0.02099609375 0.478515625 0.0400390625 0.04296875
1 0.01416015625 0.50732421875 0.0263671875 0.0341796875
1 0.00830078125 0.53564453125 0.0146484375 0.0263671875
1 0.0556640625 0.376953125 0.083984375 0.05859375
1 0.068359375 0.35107421875 0.083984375 0.0615234375
1 0.08251953125 0.326171875 0.0830078125 0.0625
1 0.09765625 0.3056640625 0.08203125 0.064453125
1 0.115234375 0.279296875 0.087890625 0.064453125
1 0.56103515625 0.837890625 0.0712890625 0.05078125
1 0.58349609375 0.79052734375 0.0693359375 0.0517578125
1 0.310546875 0.57275390625 0.087890625 0.0595703125
1 0.24853515625 0.44921875 0.0849609375 0.05859375
1 0.26171875 0.42236328125 0.083984375 0.0576171875
1 0.27685546875 0.40234375 0.0849609375 0.060546875
1 0.2919921875 0.3759765625 0.091796875 0.0625
1 0.35498046875 0.50732421875 0.0888671875 0.0576171875
1 0.3447265625 0.5302734375 0.087890625 0.05859375
1 0.322265625 0.55126953125 0.087890625 0.0576171875
1 0.3037109375 0.6025390625 0.0859375 0.060546875
1 0.22021484375 0.49609375 0.0869140625 0.056640625
1 0.2744140625 0.64697265625 0.087890625 0.0595703125
1 0.26416015625 0.67431640625 0.0869140625 0.0595703125
1 0.2490234375 0.693359375 0.083984375 0.05859375
1 0.2216796875 0.7421875 0.0859375 0.0625
1 0.20751953125 0.765625 0.0849609375 0.060546875
1 0.1953125 0.79052734375 0.087890625 0.0615234375
1 0.16943359375 0.83544921875 0.0830078125 0.0634765625
1 0.2333984375 0.470703125 0.087890625 0.0546875
1 0.21044921875 0.52099609375 0.0849609375 0.0537109375
1 0.6044921875 0.76806640625 0.0703125 0.0517578125
1 0.06640625 0.77880859375 0.087890625 0.0576171875
1 0.01025390625 0.9599609375 0.0185546875 0.02734375
1 0.01708984375 0.93359375 0.0322265625 0.0390625
1 0.02001953125 0.90380859375 0.0380859375 0.0380859375
1 0.02587890625 0.8779296875 0.0498046875 0.046875
1 0.03369140625 0.85107421875 0.0654296875 0.0556640625
1 0.0478515625 0.83203125 0.083984375 0.056640625
1 0.0498046875 0.80126953125 0.08203125 0.0556640625
1 0.08154296875 0.75634765625 0.0888671875 0.0537109375
1 0.19775390625 0.54345703125 0.0908203125 0.0576171875
1 0.09521484375 0.7333984375 0.0849609375 0.05859375
1 0.10791015625 0.71240234375 0.0869140625 0.0576171875
1 0.1171875 0.68408203125 0.087890625 0.0537109375
1 0.13427734375 0.6650390625 0.0849609375 0.056640625
1 0.13916015625 0.634765625 0.0888671875 0.05859375
1 0.16796875 0.58984375 0.083984375 0.0546875
1 0.18701171875 0.56982421875 0.0849609375 0.0537109375
1 0.1572265625 0.86181640625 0.083984375 0.0634765625
1 0.14208984375 0.884765625 0.0869140625 0.060546875
1 0.1298828125 0.9072265625 0.083984375 0.05859375
1 0.548828125 0.61474609375 0.076171875 0.0556640625
1 0.4443359375 0.806640625 0.076171875 0.048828125
1 0.45263671875 0.77978515625 0.0771484375 0.0537109375
1 0.46337890625 0.755859375 0.0751953125 0.052734375
1 0.47314453125 0.72802734375 0.0771484375 0.0537109375
1 0.486328125 0.703125 0.076171875 0.052734375
1 0.50390625 0.681640625 0.078125 0.05078125
1 0.53662109375 0.6396484375 0.0791015625 0.0546875
1 0.5966796875 0.546875 0.080078125 0.052734375
1 0.11474609375 0.93017578125 0.0830078125 0.0595703125
1 0.6962890625 0.60302734375 0.072265625 0.0478515625
1 0.68359375 0.62939453125 0.0703125 0.0478515625
1 0.66845703125 0.65087890625 0.0712890625 0.0478515625
1 0.64892578125 0.6689453125 0.0712890625 0.048828125
1 0.6455078125 0.7001953125 0.0703125 0.05078125
1 0.62548828125 0.72216796875 0.0732421875 0.0478515625
1 0.611328125 0.7431640625 0.0703125 0.05078125
1 0.43115234375 0.82958984375 0.0810546875 0.0537109375
1 0.421875 0.8544921875 0.078125 0.0546875
1 0.4169921875 0.87939453125 0.07421875 0.0556640625
1 0.40185546875 0.90380859375 0.0791015625 0.0517578125
1 0.10400390625 0.95703125 0.0869140625 0.05859375
1 0.08837890625 0.97412109375 0.0810546875 0.0517578125
1 0.06689453125 0.98681640625 0.0595703125 0.0263671875
0 0.8857421875 0.22314453125 0.037109375 0.0419921875
1 0.34033203125 0.982421875 0.0732421875 0.03515625
1 0.3701171875 0.95068359375 0.078125 0.0517578125
1 0.38720703125 0.927734375 0.0771484375 0.0546875
