0 0.384765625 0.4521484375 0.037109375 0.029296875
0 0.17626953125 0.4111328125 0.0380859375 0.03125
0 0.14111328125 0.390625 0.0341796875 0.025390625
0 0.1494140625 0.37255859375 0.037109375 0.0283203125
0 0.15966796875 0.35546875 0.0361328125 0.02734375
0 0.16748046875 0.33740234375 0.0361328125 0.0283203125
0 0.205078125 0.357421875 0.0390625 0.029296875
0 0.1943359375 0.373046875 0.037109375 0.025390625
0 0.18408203125 0.3916015625 0.0380859375 0.029296875
0 0.1640625 0.42724609375 0.037109375 0.0283203125
0 0.12158203125 0.427734375 0.0361328125 0.02734375
0 0.15673828125 0.4462890625 0.0341796875 0.025390625
0 0.14501953125 0.462890625 0.0361328125 0.02734375
0 0.1337890625 0.4794921875 0.037109375 0.02734375
0 0.1689453125 0.50048828125 0.037109375 0.0263671875
0 0.17822265625 0.48193359375 0.0361328125 0.0263671875
0 0.19091796875 0.46533203125 0.0361328125 0.0263671875
0 0.19921875 0.44775390625 0.03515625 0.0283203125
0 0.13037109375 0.40966796875 0.0341796875 0.0263671875
0 0.10888671875 0.4443359375 0.0380859375 0.02734375
0 0.35205078125 0.43359375 0.0380859375 0.029296875
0 0.13134765625 0.3193359375 0.0361328125 0.02734375
0 0.0888671875 0.31787109375 0.0390625 0.0302734375
0 0.07861328125 0.33544921875 0.0341796875 0.0283203125
0 0.0712890625 0.3525390625 0.03515625 0.025390625
0 0.05810546875 0.3720703125 0.0361328125 0.02734375
0 0.0458984375 0.38720703125 0.037109375 0.0283203125
0 0.03369140625 0.40380859375 0.0380859375 0.0302734375
0 0.0234375 0.4228515625 0.037109375 0.02734375
0 0.16357421875 0.31298828125 0.0400390625 0.0302734375
0 0.09619140625 0.4599609375 0.0400390625 0.03125
0 0.12353515625 0.33642578125 0.0361328125 0.0263671875
0 0.11572265625 0.3544921875 0.0361328125 0.02734375
0 0.10546875 0.3701171875 0.037109375 0.02734375
0 0.09326171875 0.390625 0.0361328125 0.029296875
0 0.08544921875 0.4091796875 0.0380859375 0.02734375
0 0.06982421875 0.42236328125 0.0380859375 0.0283203125
0 0.0595703125 0.44091796875 0.037109375 0.0263671875
0 0.2109375 0.42822265625 0.03515625 0.0283203125
0 0.220703125 0.41162109375 0.0390625 0.0302734375
0 0.23046875 0.3935546875 0.037109375 0.02734375
0 0.333984375 0.5419921875 0.0390625 0.029296875
0 0.2412109375 0.537109375 0.037109375 0.029296875
0 0.27685546875 0.5546875 0.0400390625 0.029296875
0 0.30419921875 0.59423828125 0.0361328125 0.0283203125
0 0.3134765625 0.576171875 0.037109375 0.029296875
0 0.32421875 0.5595703125 0.0390625 0.029296875
0 0.287109375 0.53955078125 0.0390625 0.0302734375
0 0.298828125 0.5224609375 0.0390625 0.029296875
0 0.34814453125 0.5244140625 0.0361328125 0.02734375
0 0.24072265625 0.37646484375 0.0361328125 0.0263671875
0 0.31201171875 0.50537109375 0.0361328125 0.0263671875
0 0.35693359375 0.5068359375 0.0361328125 0.02734375
0 0.322265625 0.4873046875 0.0390625 0.029296875
0 0.3310546875 0.46923828125 0.0390625 0.0283203125
0 0.36767578125 0.48876953125 0.0341796875 0.0263671875
0 0.3759765625 0.47119140625 0.041015625 0.0322265625
0 0.34228515625 0.45263671875 0.0380859375 0.0283203125
0 0.25341796875 0.521484375 0.0341796875 0.02734375
0 0.2626953125 0.5029296875 0.037109375 0.029296875
0 0.27294921875 0.48486328125 0.0361328125 0.0283203125
0 0.28271484375 0.46630859375 0.0380859375 0.0302734375
0 0.26123046875 0.365234375 0.0478515625 0.033203125
0 0.3046875 0.38671875 0.046875 0.033203125
0 0.349609375 0.412109375 0.052734375 0.037109375
0 0.39404296875 0.4375 0.0458984375 0.03515625
0 0.2802734375 0.39599609375 0.0390625 0.0302734375
0 0.2685546875 0.412109375 0.037109375 0.02734375
0 0.25732421875 0.4296875 0.0380859375 0.029296875
0 0.24755859375 0.44970703125 0.0361328125 0.0283203125
0 0.23681640625 0.46533203125 0.0400390625 0.0302734375
0 0.2265625 0.484375 0.041015625 0.029296875
0 0.2158203125 0.5009765625 0.0390625 0.029296875
0 0.20556640625 0.517578125 0.0380859375 0.029296875
0 0.31787109375 0.41552734375 0.0380859375 0.0283203125
0 0.30224609375 0.42919921875 0.0400390625 0.0302734375
0 0.29150390625 0.44775390625 0.0400390625 0.0302734375
1 0.31005859375 0.22607421875 0.1533203125 0.0556640625
