0 0.23779296875 0.19775390625 0.0205078125 0.0205078125
1 0.09228515625 0.3623046875 0.0185546875 0.021484375
1 0.13525390625 0.2802734375 0.0224609375 0.02734375
1 0.21337890625 0.36669921875 0.0537109375 0.0576171875
1 0.23193359375 0.35205078125 0.0517578125 0.0615234375
1 0.248046875 0.35302734375 0.0390625 0.0458984375
1 0.2490234375 0.33935546875 0.052734375 0.0576171875
1 0.3076171875 0.31982421875 0.02734375 0.0302734375
1 0.31298828125 0.30859375 0.0341796875 0.037109375
1 0.3359375 0.30322265625 0.025390625 0.0263671875
0 0.302734375 0.2724609375 0.017578125 0.017578125
0 0.185546875 0.15234375 0.013671875 0.015625
0 0.17724609375 0.1591796875 0.0146484375 0.015625
0 0.205078125 0.4287109375 0.01953125 0.0234375
0 0.025390625 0.06103515625 0.01953125 0.0205078125
0 0.19189453125 0.4111328125 0.0185546875 0.021484375
0 0.12109375 0.400390625 0.017578125 0.01953125
0 0.21728515625 0.3994140625 0.0185546875 0.0234375
0 0.2734375 0.51611328125 0.017578125 0.0205078125
0 0.291015625 0.53857421875 0.017578125 0.0185546875
0 0.0380859375 0.04638671875 0.015625 0.0166015625
0 0.42724609375 0.5126953125 0.0185546875 0.017578125
0 0.431640625 0.52783203125 0.017578125 0.0185546875
0 0.1669921875 0.16552734375 0.013671875 0.0146484375
1 0.06884765625 0.380859375 0.0205078125 0.017578125
0 0.0771484375 0.06787109375 0.017578125 0.0166015625
1 0.12744140625 0.287109375 0.0263671875 0.03125
