8 0.25 0.78369140625 0.103515625 0.2001953125
8 0.2080078125 0.3115234375 0.10546875 0.203125
8 0.3271484375 0.31640625 0.10546875 0.201171875
8 0.47998046875 0.23681640625 0.1025390625 0.2001953125
8 0.59814453125 0.2412109375 0.1044921875 0.19921875
8 0.7158203125 0.24755859375 0.103515625 0.2021484375
8 0.81640625 0.77001953125 0.10546875 0.2001953125
8 0.685546875 0.76416015625 0.103515625 0.2001953125
8 0.55517578125 0.7578125 0.1044921875 0.201171875
8 0.3671875 0.78955078125 0.103515625 0.2021484375
8 0.12939453125 0.7783203125 0.1044921875 0.201171875
8 0.09033203125 0.3056640625 0.1044921875 0.201171875
