0 0.5087890625 0.03857421875 0.041015625 0.0185546875
0 0.52099609375 0.02001953125 0.0400390625 0.0205078125
0 0.677734375 0.015625 0.037109375 0.017578125
0 0.4951171875 0.0048828125 0.01953125 0.0078125
0 0.3095703125 0.48046875 0.03515625 0.041015625
0 0.4189453125 0.82275390625 0.037109375 0.0146484375
0 0.40966796875 0.5458984375 0.0341796875 0.044921875
0 0.3076171875 0.56689453125 0.044921875 0.0185546875
0 0.31884765625 0.546875 0.0400390625 0.015625
0 0.380859375 0.4560546875 0.0390625 0.017578125
0 0.48876953125 0.076171875 0.0380859375 0.017578125
0 0.47509765625 0.09423828125 0.0400390625 0.0185546875
0 0.56494140625 0.0888671875 0.0322265625 0.041015625
0 0.64111328125 0.0712890625 0.0400390625 0.015625
0 0.62939453125 0.0908203125 0.0361328125 0.015625
0 0.73681640625 0.07373046875 0.0322265625 0.0419921875
0 0.7236328125 0.09228515625 0.03125 0.0400390625
0 0.76806640625 0.10400390625 0.0400390625 0.0166015625
0 0.755859375 0.123046875 0.037109375 0.017578125
0 0.7099609375 0.10791015625 0.033203125 0.0400390625
0 0.5576171875 0.11328125 0.033203125 0.0390625
0 0.68701171875 0.14599609375 0.0322265625 0.0380859375
0 0.74658203125 0.14013671875 0.0380859375 0.0166015625
0 0.51953125 0.16650390625 0.03125 0.0419921875
0 0.505859375 0.18359375 0.03125 0.0390625
0 0.55419921875 0.19921875 0.0400390625 0.017578125
0 0.4951171875 0.2041015625 0.03125 0.0390625
0 0.32177734375 0.46044921875 0.0361328125 0.0439453125
0 0.17138671875 0.23681640625 0.0419921875 0.0341796875
0 0.38330078125 0.01025390625 0.0380859375 0.0166015625
0 0.26416015625 0.1943359375 0.0400390625 0.017578125
0 0.25830078125 0.11474609375 0.0361328125 0.0283203125
0 0.2998046875 0.1396484375 0.041015625 0.017578125
0 0.32275390625 0.10205078125 0.0400390625 0.0166015625
0 0.44091796875 0.0625 0.0302734375 0.041015625
0 0.34814453125 0.06396484375 0.0400390625 0.0166015625
0 0.44091796875 0.3642578125 0.0341796875 0.015625
0 0.02099609375 0.18115234375 0.0400390625 0.0322265625
0 0.044921875 0.146484375 0.033203125 0.02734375
0 0.0888671875 0.154296875 0.03515625 0.029296875
0 0.25048828125 0.212890625 0.0400390625 0.01953125
0 0.2294921875 0.2509765625 0.044921875 0.021484375
0 0.39208984375 0.13623046875 0.0302734375 0.0400390625
0 0.3681640625 0.1728515625 0.03125 0.0390625
0 0.42822265625 0.16748046875 0.0419921875 0.0205078125
0 0.40478515625 0.205078125 0.0380859375 0.01953125
0 0.3544921875 0.2802734375 0.037109375 0.01953125
0 0.4326171875 0.29541015625 0.033203125 0.0439453125
0 0.44580078125 0.27783203125 0.0302734375 0.0380859375
0 0.40771484375 0.33056640625 0.0302734375 0.0380859375
0 0.2021484375 0.28759765625 0.041015625 0.0185546875
0 0.1923828125 0.30615234375 0.044921875 0.0185546875
0 0.17822265625 0.32470703125 0.0400390625 0.0185546875
0 0.23388671875 0.37646484375 0.0322265625 0.0400390625
0 0.22119140625 0.3955078125 0.0322265625 0.041015625
0 0.10498046875 0.435546875 0.0380859375 0.015625
0 0.39697265625 0.3525390625 0.0302734375 0.0390625
0 0.70556640625 0.1943359375 0.0400390625 0.017578125
0 0.68115234375 0.2314453125 0.0400390625 0.01953125
0 0.517578125 0.25341796875 0.041015625 0.0166015625
0 0.958984375 0.4072265625 0.03515625 0.0390625
0 0.98193359375 0.373046875 0.0341796875 0.037109375
0 0.8427734375 0.14013671875 0.03515625 0.0400390625
0 0.46923828125 0.32861328125 0.0361328125 0.0166015625
0 0.8271484375 0.15478515625 0.033203125 0.0439453125
0 0.81591796875 0.17333984375 0.0322265625 0.0400390625
0 0.93212890625 0.22216796875 0.0361328125 0.0439453125
0 0.919921875 0.24169921875 0.03125 0.0380859375
0 0.8388671875 0.2255859375 0.037109375 0.017578125
0 0.8115234375 0.26123046875 0.03515625 0.0146484375
0 0.8955078125 0.27783203125 0.033203125 0.0419921875
0 0.8701171875 0.314453125 0.033203125 0.0390625
0 0.8564453125 0.33251953125 0.03515625 0.0439453125
0 0.5703125 0.39453125 0.04296875 0.015625
0 0.5576171875 0.32470703125 0.03125 0.0380859375
0 0.59814453125 0.2734375 0.0341796875 0.044921875
0 0.66796875 0.25048828125 0.037109375 0.0185546875
0 0.65673828125 0.267578125 0.0419921875 0.017578125
0 0.64404296875 0.2861328125 0.0380859375 0.017578125
0 0.60791015625 0.3408203125 0.0361328125 0.015625
0 0.5458984375 0.3427734375 0.033203125 0.041015625
0 0.72900390625 0.30224609375 0.0322265625 0.0419921875
0 0.740234375 0.28369140625 0.033203125 0.0400390625
0 0.765625 0.3349609375 0.037109375 0.017578125
0 0.791015625 0.29931640625 0.03515625 0.0146484375
0 0.80029296875 0.27978515625 0.0361328125 0.0166015625
0 0.67529296875 0.3720703125 0.0361328125 0.04296875
0 0.65087890625 0.40869140625 0.0322265625 0.0400390625
0 0.5224609375 0.3818359375 0.03125 0.037109375
0 0.84228515625 0.34716796875 0.0322265625 0.0380859375
0 0.546875 0.4306640625 0.0390625 0.01953125
0 0.46142578125 0.47412109375 0.0322265625 0.0400390625
0 0.58837890625 0.5009765625 0.0302734375 0.041015625
0 0.6005859375 0.48193359375 0.033203125 0.0400390625
0 0.64794921875 0.49853515625 0.0361328125 0.0146484375
0 0.6923828125 0.5703125 0.033203125 0.041015625
0 0.65234375 0.6220703125 0.033203125 0.0390625
0 0.62646484375 0.6591796875 0.0322265625 0.041015625
0 0.61376953125 0.677734375 0.0322265625 0.037109375
0 0.6005859375 0.6943359375 0.03125 0.037109375
0 0.47314453125 0.66357421875 0.0302734375 0.0361328125
0 0.76904296875 0.46044921875 0.0302734375 0.0380859375
0 0.80712890625 0.40869140625 0.0302734375 0.0380859375
0 0.818359375 0.38720703125 0.029296875 0.0400390625
0 0.197265625 0.00634765625 0.025390625 0.0107421875
