0 0.013671875 0.96044921875 0.025390625 0.0283203125
0 0.0390625 0.97998046875 0.037109375 0.0283203125
0 0.43359375 0.31982421875 0.0390625 0.0322265625
0 0.39990234375 0.29833984375 0.0400390625 0.0341796875
0 0.3642578125 0.27587890625 0.037109375 0.0283203125
0 0.5078125 0.34423828125 0.037109375 0.0302734375
0 0.4775390625 0.32421875 0.037109375 0.029296875
0 0.443359375 0.302734375 0.041015625 0.033203125
0 0.4111328125 0.28125 0.0390625 0.03125
0 0.3740234375 0.25927734375 0.04296875 0.0322265625
0 0.51611328125 0.3251953125 0.0380859375 0.03125
0 0.48291015625 0.302734375 0.0380859375 0.03125
0 0.451171875 0.28173828125 0.0390625 0.0322265625
0 0.41796875 0.2607421875 0.041015625 0.033203125
0 0.384765625 0.23876953125 0.037109375 0.0302734375
0 0.52783203125 0.3076171875 0.0341796875 0.029296875
0 0.49365234375 0.28515625 0.0400390625 0.033203125
0 0.47607421875 0.24853515625 0.0400390625 0.0322265625
0 0.40966796875 0.20654296875 0.0361328125 0.0283203125
0 0.55322265625 0.27392578125 0.0400390625 0.0322265625
0 0.52001953125 0.2529296875 0.0380859375 0.03125
0 0.48828125 0.23095703125 0.0390625 0.0322265625
0 0.53466796875 0.23486328125 0.0400390625 0.0322265625
0 0.46630859375 0.33935546875 0.0361328125 0.0302734375
0 0.49609375 0.35986328125 0.0390625 0.0322265625
0 0.4814453125 0.37890625 0.0390625 0.03125
0 0.34423828125 0.3876953125 0.0400390625 0.033203125
0 0.302734375 0.439453125 0.0390625 0.03125
0 0.4326171875 0.49609375 0.037109375 0.03125
0 0.404296875 0.47802734375 0.03515625 0.0302734375
0 0.37646484375 0.46142578125 0.0341796875 0.0283203125
0 0.3271484375 0.42626953125 0.041015625 0.0302734375
0 0.2861328125 0.4013671875 0.03515625 0.029296875
0 0.4248046875 0.46533203125 0.037109375 0.0302734375
0 0.392578125 0.44580078125 0.0390625 0.0322265625
0 0.3583984375 0.4248046875 0.037109375 0.029296875
0 0.306640625 0.36572265625 0.0390625 0.0302734375
0 0.3408203125 0.31103515625 0.0390625 0.0302734375
0 0.4453125 0.4296875 0.037109375 0.029296875
0 0.41650390625 0.4091796875 0.0380859375 0.029296875
0 0.4599609375 0.4130859375 0.037109375 0.03125
0 0.42626953125 0.3916015625 0.0400390625 0.033203125
0 0.39453125 0.37109375 0.037109375 0.03125
0 0.36328125 0.34912109375 0.037109375 0.0302734375
0 0.47265625 0.39599609375 0.037109375 0.0302734375
0 0.43896484375 0.3759765625 0.0380859375 0.03125
0 0.37255859375 0.33203125 0.0400390625 0.03125
0 0.568359375 0.234375 0.041015625 0.033203125
0 0.44482421875 0.154296875 0.0400390625 0.03125
0 0.5771484375 0.21240234375 0.037109375 0.0302734375
0 0.5478515625 0.04541015625 0.03515625 0.0302734375
0 0.51953125 0.02587890625 0.03515625 0.0302734375
0 0.6044921875 0.0556640625 0.04296875 0.03515625
0 0.654296875 0.06298828125 0.041015625 0.0341796875
0 0.68994140625 0.08642578125 0.0400390625 0.0341796875
0 0.6875 0.06005859375 0.037109375 0.0302734375
0 0.65478515625 0.0380859375 0.0380859375 0.03125
0 0.59619140625 0.00732421875 0.0322265625 0.0126953125
0 0.63916015625 0.0107421875 0.0400390625 0.01953125
0 0.51171875 0.04638671875 0.0390625 0.0302734375
0 0.7080078125 0.0224609375 0.033203125 0.02734375
0 0.67578125 0.00830078125 0.037109375 0.0146484375
0 0.66796875 0.12451171875 0.04296875 0.0341796875
0 0.5439453125 0.0673828125 0.037109375 0.029296875
0 0.54638671875 0.1953125 0.0341796875 0.029296875
0 0.625 0.17041015625 0.0390625 0.0322265625
0 0.5185546875 0.17626953125 0.037109375 0.0302734375
0 0.48974609375 0.15576171875 0.0380859375 0.0302734375
0 0.59228515625 0.19921875 0.0361328125 0.029296875
0 0.5634765625 0.177734375 0.03515625 0.029296875
0 0.5341796875 0.16015625 0.0390625 0.03125
0 0.50244140625 0.13916015625 0.0380859375 0.0302734375
0 0.544921875 0.14208984375 0.03515625 0.0283203125
0 0.513671875 0.12158203125 0.044921875 0.0341796875
0 0.4755859375 0.09814453125 0.037109375 0.0302734375
0 0.58984375 0.1474609375 0.041015625 0.033203125
0 0.50048828125 0.0634765625 0.0341796875 0.02734375
0 0.55517578125 0.12353515625 0.0419921875 0.0341796875
0 0.5185546875 0.1005859375 0.041015625 0.033203125
0 0.48681640625 0.08056640625 0.0361328125 0.0283203125
0 0.61279296875 0.1376953125 0.0341796875 0.029296875
0 0.5849609375 0.11962890625 0.03515625 0.0302734375
0 0.6416015625 0.1328125 0.03515625 0.03125
0 0.60888671875 0.10986328125 0.0361328125 0.0302734375
0 0.55810546875 0.10107421875 0.0361328125 0.0283203125
0 0.52783203125 0.08203125 0.0361328125 0.03125
0 0.33349609375 0.45654296875 0.0361328125 0.0283203125
0 0.3642578125 0.4765625 0.041015625 0.033203125
0 0.39599609375 0.498046875 0.0361328125 0.029296875
0 0.1572265625 0.79296875 0.0390625 0.033203125
0 0.2890625 0.8603515625 0.03125 0.037109375
0 0.158203125 0.84423828125 0.037109375 0.0322265625
0 0.146484375 0.81201171875 0.041015625 0.0341796875
0 0.1142578125 0.7900390625 0.0390625 0.03125
0 0.08544921875 0.7705078125 0.0361328125 0.029296875
0 0.052734375 0.75048828125 0.041015625 0.0322265625
0 0.06201171875 0.732421875 0.0400390625 0.03125
0 0.0947265625 0.75244140625 0.0390625 0.0283203125
0 0.1279296875 0.77392578125 0.03515625 0.0283203125
0 0.189453125 0.814453125 0.041015625 0.033203125
0 0.2431640625 0.93017578125 0.03125 0.0361328125
0 0.20068359375 0.79638671875 0.0400390625 0.0322265625
0 0.166015625 0.77490234375 0.037109375 0.0322265625
0 0.1357421875 0.75439453125 0.03515625 0.0283203125
0 0.10595703125 0.7353515625 0.0400390625 0.03125
0 0.07470703125 0.71435546875 0.0380859375 0.0322265625
0 0.1201171875 0.7197265625 0.0390625 0.03125
0 0.15185546875 0.740234375 0.0341796875 0.029296875
0 0.18212890625 0.759765625 0.0380859375 0.03125
0 0.21337890625 0.78076171875 0.0400390625 0.0322265625
0 0.2646484375 0.89892578125 0.03125 0.0361328125
0 0.2216796875 0.9609375 0.029296875 0.033203125
0 0.13037109375 0.7021484375 0.0380859375 0.03125
0 0.1416015625 0.884765625 0.037109375 0.029296875
0 0.01513671875 0.9365234375 0.0283203125 0.02734375
0 0.044921875 0.9580078125 0.0390625 0.03125
0 0.076171875 0.97900390625 0.037109375 0.0302734375
0 0.0576171875 0.9423828125 0.041015625 0.03125
0 0.025390625 0.9208984375 0.0390625 0.033203125
0 0.01611328125 0.88623046875 0.0302734375 0.0283203125
0 0.04345703125 0.9072265625 0.0380859375 0.029296875
0 0.07177734375 0.92529296875 0.0361328125 0.0283203125
0 0.10302734375 0.947265625 0.0380859375 0.03125
0 0.11181640625 0.86376953125 0.0400390625 0.0341796875
0 0.03759765625 0.7666015625 0.0361328125 0.029296875
0 0.07763671875 0.8427734375 0.0400390625 0.033203125
0 0.044921875 0.8212890625 0.0390625 0.03125
0 0.11962890625 0.84423828125 0.0380859375 0.0322265625
0 0.0859375 0.8212890625 0.0390625 0.03125
0 0.0537109375 0.80224609375 0.037109375 0.0302734375
0 0.025390625 0.78125 0.037109375 0.03125
0 0.12841796875 0.82470703125 0.0341796875 0.0283203125
0 0.0947265625 0.80224609375 0.037109375 0.0302734375
0 0.06640625 0.783203125 0.03515625 0.029296875
0 0.099609375 0.6796875 0.0390625 0.03125
0 0.16259765625 0.72314453125 0.0380859375 0.0302734375
0 0.36328125 0.501953125 0.0390625 0.03125
0 0.2265625 0.48876953125 0.0390625 0.0322265625
0 0.18359375 0.56005859375 0.04296875 0.0341796875
0 0.2294921875 0.564453125 0.04296875 0.03515625
0 0.19384765625 0.54150390625 0.0419921875 0.0341796875
0 0.302734375 0.587890625 0.041015625 0.033203125
0 0.26904296875 0.56640625 0.0380859375 0.03125
0 0.23583984375 0.54443359375 0.0400390625 0.0322265625
0 0.2001953125 0.52099609375 0.04296875 0.0341796875
0 0.34765625 0.5927734375 0.0390625 0.03125
0 0.3154296875 0.57177734375 0.0390625 0.0322265625
0 0.2626953125 0.51220703125 0.041015625 0.0322265625
0 0.25390625 0.60693359375 0.041015625 0.0322265625
0 0.2978515625 0.53515625 0.041015625 0.033203125
0 0.3330078125 0.5576171875 0.041015625 0.033203125
0 0.37548828125 0.56103515625 0.0419921875 0.0341796875
0 0.341796875 0.53857421875 0.037109375 0.0302734375
0 0.31005859375 0.51806640625 0.0400390625 0.0322265625
0 0.2744140625 0.49609375 0.0390625 0.03125
0 0.2392578125 0.4716796875 0.041015625 0.033203125
0 0.39013671875 0.544921875 0.0439453125 0.033203125
0 0.353515625 0.521484375 0.041015625 0.03125
0 0.22021484375 0.583984375 0.0400390625 0.033203125
0 0.28466796875 0.626953125 0.0380859375 0.03125
0 0.19482421875 0.7431640625 0.0380859375 0.029296875
0 0.12060546875 0.6455078125 0.0361328125 0.03125
0 0.23046875 0.765625 0.0390625 0.033203125
0 0.23974609375 0.74609375 0.0380859375 0.03125
0 0.20703125 0.7265625 0.03515625 0.029296875
0 0.17724609375 0.70556640625 0.0380859375 0.0322265625
0 0.14404296875 0.68505859375 0.0400390625 0.0341796875
0 0.1103515625 0.66259765625 0.041015625 0.0322265625
0 0.22021484375 0.71142578125 0.0361328125 0.0302734375
0 0.1884765625 0.68994140625 0.037109375 0.0302734375
0 0.1552734375 0.6669921875 0.0390625 0.03125
0 0.26220703125 0.71337890625 0.0361328125 0.0302734375
0 0.318359375 0.6484375 0.041015625 0.033203125
0 0.22998046875 0.69140625 0.0400390625 0.03125
0 0.1953125 0.6689453125 0.037109375 0.029296875
0 0.16552734375 0.650390625 0.0361328125 0.029296875
0 0.134765625 0.62841796875 0.0390625 0.0302734375
0 0.271484375 0.6923828125 0.03515625 0.029296875
0 0.24169921875 0.6728515625 0.0380859375 0.029296875
0 0.21044921875 0.65380859375 0.0341796875 0.0283203125
0 0.1826171875 0.634765625 0.037109375 0.029296875
0 0.1484375 0.6123046875 0.041015625 0.033203125
