1 0.697265625 0.3193359375 0.0703125 0.0390625
1 0.5810546875 0.6982421875 0.046875 0.015625
1 0.66748046875 0.302734375 0.0458984375 0.03125
1 0.68359375 0.31005859375 0.068359375 0.0380859375
1 0.72314453125 0.3330078125 0.0693359375 0.03125
1 0.69775390625 0.4375 0.0478515625 0.015625
1 0.71875 0.451171875 0.046875 0.013671875
1 0.625 0.51025390625 0.046875 0.0126953125
1 0.33154296875 0.43505859375 0.0478515625 0.0263671875
1 0.34619140625 0.552734375 0.0458984375 0.015625
1 0.4638671875 0.63525390625 0.046875 0.0146484375
1 0.21484375 0.5732421875 0.046875 0.015625
1 0.25390625 0.6044921875 0.046875 0.013671875
1 0.34814453125 0.66748046875 0.0693359375 0.0166015625
1 0.365234375 0.67822265625 0.07421875 0.0205078125
1 0.37890625 0.6904296875 0.0703125 0.01953125
1 0.3984375 0.701171875 0.0703125 0.017578125
1 0.41162109375 0.7158203125 0.0478515625 0.015625
1 0.54638671875 0.68212890625 0.0458984375 0.0146484375
1 0.4716796875 0.2255859375 0.041015625 0.0390625
