0 0.98095703125 0.03662109375 0.0361328125 0.0302734375
0 0.46337890625 0.048828125 0.0341796875 0.041015625
0 0.4345703125 0.17041015625 0.041015625 0.0185546875
0 0.44677734375 0.15185546875 0.0400390625 0.0205078125
0 0.603515625 0.1474609375 0.037109375 0.017578125
0 0.5693359375 0.11865234375 0.033203125 0.0419921875
0 0.4130859375 0.11962890625 0.03515625 0.0419921875
0 0.4521484375 0.0673828125 0.033203125 0.041015625
0 0.384765625 0.02978515625 0.041015625 0.0166015625
0 0.2353515625 0.6123046875 0.03515625 0.041015625
0 0.392578125 0.01025390625 0.03515625 0.0146484375
0 0.3447265625 0.95458984375 0.037109375 0.0146484375
0 0.33544921875 0.677734375 0.0341796875 0.044921875
0 0.2333984375 0.69873046875 0.044921875 0.0185546875
0 0.24462890625 0.6787109375 0.0400390625 0.015625
0 0.306640625 0.587890625 0.0390625 0.017578125
0 0.41455078125 0.2080078125 0.0380859375 0.017578125
0 0.40087890625 0.22607421875 0.0400390625 0.0185546875
0 0.49072265625 0.220703125 0.0322265625 0.041015625
0 0.56689453125 0.203125 0.0400390625 0.015625
0 0.55517578125 0.22265625 0.0361328125 0.015625
0 0.66259765625 0.20556640625 0.0322265625 0.0419921875
0 0.6494140625 0.22412109375 0.03125 0.0400390625
0 0.69384765625 0.23583984375 0.0400390625 0.0166015625
0 0.681640625 0.2548828125 0.037109375 0.017578125
0 0.6357421875 0.23974609375 0.033203125 0.0400390625
0 0.4833984375 0.2451171875 0.033203125 0.0390625
0 0.61279296875 0.27783203125 0.0322265625 0.0380859375
0 0.67236328125 0.27197265625 0.0380859375 0.0166015625
0 0.4453125 0.29833984375 0.03125 0.0419921875
0 0.431640625 0.3154296875 0.03125 0.0390625
0 0.47998046875 0.3310546875 0.0400390625 0.017578125
0 0.4208984375 0.3359375 0.03125 0.0390625
0 0.24755859375 0.59228515625 0.0361328125 0.0439453125
0 0.09716796875 0.36865234375 0.0419921875 0.0341796875
0 0.970703125 0.0546875 0.0390625 0.03125
0 0.30908203125 0.14208984375 0.0380859375 0.0166015625
0 0.18994140625 0.326171875 0.0400390625 0.017578125
0 0.18408203125 0.24658203125 0.0361328125 0.0283203125
0 0.2255859375 0.271484375 0.041015625 0.017578125
0 0.24853515625 0.23388671875 0.0400390625 0.0166015625
0 0.36669921875 0.1943359375 0.0302734375 0.041015625
0 0.27392578125 0.19580078125 0.0400390625 0.0166015625
0 0.3232421875 0.123046875 0.037109375 0.017578125
0 0.36669921875 0.49609375 0.0341796875 0.015625
0 0.33544921875 0.1044921875 0.0380859375 0.017578125
0 0.345703125 0.0849609375 0.03515625 0.015625
0 0.35791015625 0.06787109375 0.0361328125 0.0166015625
0 0.0166015625 0.2861328125 0.03125 0.029296875
0 0.17626953125 0.3447265625 0.0400390625 0.01953125
0 0.1552734375 0.3828125 0.044921875 0.021484375
0 0.31787109375 0.26806640625 0.0302734375 0.0400390625
0 0.2939453125 0.3046875 0.03125 0.0390625
0 0.35400390625 0.29931640625 0.0419921875 0.0205078125
0 0.33056640625 0.3369140625 0.0380859375 0.01953125
0 0.2802734375 0.412109375 0.037109375 0.01953125
0 0.3583984375 0.42724609375 0.033203125 0.0439453125
0 0.37158203125 0.40966796875 0.0302734375 0.0380859375
0 0.33349609375 0.46240234375 0.0302734375 0.0380859375
0 0.1279296875 0.41943359375 0.041015625 0.0185546875
0 0.1181640625 0.43798828125 0.044921875 0.0185546875
0 0.10400390625 0.45654296875 0.0400390625 0.0185546875
0 0.15966796875 0.50830078125 0.0322265625 0.0400390625
0 0.14697265625 0.52734375 0.0322265625 0.041015625
0 0.03076171875 0.5673828125 0.0380859375 0.015625
0 0.32275390625 0.484375 0.0302734375 0.0390625
0 0.63134765625 0.326171875 0.0400390625 0.017578125
0 0.60693359375 0.36328125 0.0400390625 0.01953125
0 0.443359375 0.38525390625 0.041015625 0.0166015625
0 0.884765625 0.5390625 0.03515625 0.0390625
0 0.7705078125 0.0634765625 0.0390625 0.03125
0 0.76025390625 0.08203125 0.0380859375 0.029296875
0 0.794921875 0.10302734375 0.04296875 0.0322265625
0 0.958984375 0.43505859375 0.037109375 0.0380859375
0 0.93310546875 0.47021484375 0.0361328125 0.0361328125
0 0.90771484375 0.5048828125 0.0341796875 0.037109375
0 0.7685546875 0.27197265625 0.03515625 0.0400390625
0 0.39501953125 0.46044921875 0.0361328125 0.0166015625
0 0.7529296875 0.28662109375 0.033203125 0.0439453125
0 0.74169921875 0.30517578125 0.0322265625 0.0400390625
0 0.85791015625 0.35400390625 0.0361328125 0.0439453125
0 0.845703125 0.37353515625 0.03125 0.0380859375
0 0.7646484375 0.357421875 0.037109375 0.017578125
0 0.7373046875 0.39306640625 0.03515625 0.0146484375
0 0.80419921875 0.083984375 0.0400390625 0.03125
0 0.78173828125 0.046875 0.0361328125 0.02734375
0 0.814453125 0.064453125 0.041015625 0.03125
0 0.82763671875 0.048828125 0.0419921875 0.03125
0 0.79345703125 0.02734375 0.0400390625 0.03125
0 0.837890625 0.02978515625 0.04296875 0.0302734375
0 0.8505859375 0.01513671875 0.0390625 0.0283203125
0 0.97705078125 0.197265625 0.0361328125 0.029296875
0 0.9453125 0.1669921875 0.041015625 0.03125
0 0.95556640625 0.1474609375 0.0419921875 0.03125
0 0.9228515625 0.12744140625 0.0390625 0.0322265625
0 0.80615234375 0.0126953125 0.0341796875 0.0234375
0 0.9306640625 0.10595703125 0.04296875 0.0322265625
0 0.96728515625 0.12841796875 0.0419921875 0.0361328125
0 0.9794921875 0.10986328125 0.0390625 0.0302734375
0 0.947265625 0.08935546875 0.0390625 0.0322265625
0 0.9619140625 0.072265625 0.041015625 0.03125
0 0.8212890625 0.40966796875 0.033203125 0.0419921875
0 0.7958984375 0.4462890625 0.033203125 0.0390625
0 0.7822265625 0.46435546875 0.03515625 0.0439453125
0 0.49609375 0.5263671875 0.04296875 0.015625
0 0.4833984375 0.45654296875 0.03125 0.0380859375
0 0.52392578125 0.4052734375 0.0341796875 0.044921875
0 0.59375 0.38232421875 0.037109375 0.0185546875
0 0.58251953125 0.3994140625 0.0419921875 0.017578125
0 0.56982421875 0.41796875 0.0380859375 0.017578125
0 0.53369140625 0.47265625 0.0361328125 0.015625
0 0.4716796875 0.474609375 0.033203125 0.041015625
0 0.65478515625 0.43408203125 0.0322265625 0.0419921875
0 0.666015625 0.41552734375 0.033203125 0.0400390625
0 0.69140625 0.466796875 0.037109375 0.017578125
0 0.716796875 0.43115234375 0.03515625 0.0146484375
0 0.72607421875 0.41162109375 0.0361328125 0.0166015625
0 0.60107421875 0.50390625 0.0361328125 0.04296875
0 0.57666015625 0.54052734375 0.0322265625 0.0400390625
0 0.4482421875 0.513671875 0.03125 0.037109375
0 0.76806640625 0.47900390625 0.0322265625 0.0380859375
0 0.47265625 0.5625 0.0390625 0.01953125
0 0.38720703125 0.60595703125 0.0322265625 0.0400390625
0 0.51416015625 0.6328125 0.0302734375 0.041015625
0 0.5263671875 0.61376953125 0.033203125 0.0400390625
0 0.57373046875 0.63037109375 0.0361328125 0.0146484375
0 0.6181640625 0.7021484375 0.033203125 0.041015625
0 0.578125 0.75390625 0.033203125 0.0390625
0 0.55224609375 0.791015625 0.0322265625 0.041015625
0 0.53955078125 0.8095703125 0.0322265625 0.037109375
0 0.5263671875 0.826171875 0.03125 0.037109375
0 0.39892578125 0.79541015625 0.0302734375 0.0361328125
0 0.69482421875 0.59228515625 0.0302734375 0.0380859375
0 0.73291015625 0.54052734375 0.0302734375 0.0380859375
0 0.744140625 0.51904296875 0.029296875 0.0400390625
0 0.11865234375 0.12890625 0.0341796875 0.029296875
