0 0.43359375 0.42333984375 0.0390625 0.0322265625
0 0.39990234375 0.40185546875 0.0400390625 0.0341796875
0 0.3642578125 0.37939453125 0.037109375 0.0283203125
0 0.5078125 0.44775390625 0.037109375 0.0302734375
0 0.4775390625 0.427734375 0.037109375 0.029296875
0 0.443359375 0.40625 0.041015625 0.033203125
0 0.4111328125 0.384765625 0.0390625 0.03125
0 0.3740234375 0.36279296875 0.04296875 0.0322265625
0 0.51611328125 0.4287109375 0.0380859375 0.03125
0 0.48291015625 0.40625 0.0380859375 0.03125
0 0.451171875 0.38525390625 0.0390625 0.0322265625
0 0.41796875 0.3642578125 0.041015625 0.033203125
0 0.384765625 0.34228515625 0.037109375 0.0302734375
0 0.52783203125 0.4111328125 0.0341796875 0.029296875
0 0.49365234375 0.388671875 0.0400390625 0.033203125
0 0.47607421875 0.35205078125 0.0400390625 0.0322265625
0 0.40966796875 0.31005859375 0.0361328125 0.0283203125
0 0.55322265625 0.37744140625 0.0400390625 0.0322265625
0 0.52001953125 0.3564453125 0.0380859375 0.03125
0 0.48828125 0.33447265625 0.0390625 0.0322265625
0 0.53466796875 0.33837890625 0.0400390625 0.0322265625
0 0.46630859375 0.44287109375 0.0361328125 0.0302734375
0 0.49609375 0.46337890625 0.0390625 0.0322265625
0 0.4814453125 0.482421875 0.0390625 0.03125
0 0.34423828125 0.4912109375 0.0400390625 0.033203125
0 0.302734375 0.54296875 0.0390625 0.03125
0 0.4326171875 0.599609375 0.037109375 0.03125
0 0.404296875 0.58154296875 0.03515625 0.0302734375
0 0.37646484375 0.56494140625 0.0341796875 0.0283203125
0 0.3271484375 0.52978515625 0.041015625 0.0302734375
0 0.2861328125 0.5048828125 0.03515625 0.029296875
0 0.4248046875 0.56884765625 0.037109375 0.0302734375
0 0.392578125 0.54931640625 0.0390625 0.0322265625
0 0.3583984375 0.5283203125 0.037109375 0.029296875
0 0.306640625 0.46923828125 0.0390625 0.0302734375
0 0.3408203125 0.41455078125 0.0390625 0.0302734375
0 0.4453125 0.533203125 0.037109375 0.029296875
0 0.41650390625 0.5126953125 0.0380859375 0.029296875
0 0.4599609375 0.5166015625 0.037109375 0.03125
0 0.42626953125 0.4951171875 0.0400390625 0.033203125
0 0.39453125 0.474609375 0.037109375 0.03125
0 0.36328125 0.45263671875 0.037109375 0.0302734375
0 0.47265625 0.49951171875 0.037109375 0.0302734375
0 0.43896484375 0.4794921875 0.0380859375 0.03125
0 0.37255859375 0.435546875 0.0400390625 0.03125
0 0.568359375 0.337890625 0.041015625 0.033203125
0 0.44482421875 0.2578125 0.0400390625 0.03125
0 0.5771484375 0.31591796875 0.037109375 0.0302734375
0 0.560546875 0.08056640625 0.04296875 0.0361328125
0 0.5478515625 0.14892578125 0.03515625 0.0302734375
0 0.51953125 0.12939453125 0.03515625 0.0302734375
0 0.6044921875 0.1591796875 0.04296875 0.03515625
0 0.54736328125 0.0966796875 0.0400390625 0.033203125
0 0.654296875 0.16650390625 0.041015625 0.0341796875
0 0.68994140625 0.18994140625 0.0400390625 0.0341796875
0 0.6875 0.16357421875 0.037109375 0.0302734375
0 0.65478515625 0.1416015625 0.0380859375 0.03125
0 0.59375 0.1025390625 0.037109375 0.029296875
0 0.6376953125 0.1064453125 0.04296875 0.03515625
0 0.51171875 0.14990234375 0.0390625 0.0302734375
0 0.7080078125 0.1259765625 0.033203125 0.02734375
0 0.67529296875 0.10498046875 0.0380859375 0.0283203125
0 0.6416015625 0.08447265625 0.037109375 0.0283203125
0 0.6865234375 0.08740234375 0.041015625 0.0341796875
0 0.650390625 0.06494140625 0.037109375 0.0283203125
0 0.5810546875 0.04541015625 0.037109375 0.0302734375
0 0.66748046875 0.05029296875 0.0400390625 0.0322265625
0 0.6201171875 0.0439453125 0.03515625 0.02734375
0 0.58837890625 0.0244140625 0.0361328125 0.02734375
0 0.66796875 0.22802734375 0.04296875 0.0341796875
0 0.5439453125 0.1708984375 0.037109375 0.029296875
0 0.54638671875 0.298828125 0.0341796875 0.029296875
0 0.625 0.27392578125 0.0390625 0.0322265625
0 0.5185546875 0.27978515625 0.037109375 0.0302734375
0 0.48974609375 0.25927734375 0.0380859375 0.0302734375
0 0.59228515625 0.302734375 0.0361328125 0.029296875
0 0.5634765625 0.28125 0.03515625 0.029296875
0 0.5341796875 0.263671875 0.0390625 0.03125
0 0.50244140625 0.24267578125 0.0380859375 0.0302734375
0 0.544921875 0.24560546875 0.03515625 0.0283203125
0 0.513671875 0.22509765625 0.044921875 0.0341796875
0 0.4755859375 0.20166015625 0.037109375 0.0302734375
0 0.58984375 0.2509765625 0.041015625 0.033203125
0 0.50048828125 0.1669921875 0.0341796875 0.02734375
0 0.55517578125 0.22705078125 0.0419921875 0.0341796875
0 0.5185546875 0.2041015625 0.041015625 0.033203125
0 0.48681640625 0.18408203125 0.0361328125 0.0283203125
0 0.61279296875 0.2412109375 0.0341796875 0.029296875
0 0.5849609375 0.22314453125 0.03515625 0.0302734375
0 0.6416015625 0.236328125 0.03515625 0.03125
0 0.60888671875 0.21337890625 0.0361328125 0.0302734375
0 0.55810546875 0.20458984375 0.0361328125 0.0283203125
0 0.52783203125 0.185546875 0.0361328125 0.03125
0 0.33349609375 0.56005859375 0.0361328125 0.0283203125
0 0.3642578125 0.580078125 0.041015625 0.033203125
0 0.39599609375 0.6015625 0.0361328125 0.029296875
0 0.1572265625 0.896484375 0.0390625 0.033203125
0 0.2890625 0.9638671875 0.03125 0.037109375
0 0.158203125 0.94775390625 0.037109375 0.0322265625
0 0.146484375 0.91552734375 0.041015625 0.0341796875
0 0.1142578125 0.8935546875 0.0390625 0.03125
0 0.08544921875 0.8740234375 0.0361328125 0.029296875
0 0.052734375 0.85400390625 0.041015625 0.0322265625
0 0.06201171875 0.8359375 0.0400390625 0.03125
0 0.0947265625 0.85595703125 0.0390625 0.0283203125
0 0.1279296875 0.87744140625 0.03515625 0.0283203125
0 0.189453125 0.91796875 0.041015625 0.033203125
0 0.20068359375 0.89990234375 0.0400390625 0.0322265625
0 0.166015625 0.87841796875 0.037109375 0.0322265625
0 0.1357421875 0.85791015625 0.03515625 0.0283203125
0 0.10595703125 0.8388671875 0.0400390625 0.03125
0 0.07470703125 0.81787109375 0.0380859375 0.0322265625
0 0.1201171875 0.8232421875 0.0390625 0.03125
0 0.15185546875 0.84375 0.0341796875 0.029296875
0 0.18212890625 0.86328125 0.0380859375 0.03125
0 0.21337890625 0.88427734375 0.0400390625 0.0322265625
0 0.2685546875 0.9921875 0.0234375 0.015625
0 0.13037109375 0.8056640625 0.0380859375 0.03125
0 0.1416015625 0.98681640625 0.037109375 0.0263671875
0 0.0146484375 0.98779296875 0.02734375 0.0244140625
0 0.11181640625 0.96728515625 0.0400390625 0.0341796875
0 0.03759765625 0.8701171875 0.0361328125 0.029296875
0 0.07763671875 0.9462890625 0.0400390625 0.033203125
0 0.044921875 0.9248046875 0.0390625 0.03125
0 0.11962890625 0.94775390625 0.0380859375 0.0322265625
0 0.0859375 0.9248046875 0.0390625 0.03125
0 0.0537109375 0.90576171875 0.037109375 0.0302734375
0 0.025390625 0.884765625 0.037109375 0.03125
0 0.12841796875 0.92822265625 0.0341796875 0.0283203125
0 0.0947265625 0.90576171875 0.037109375 0.0302734375
0 0.06640625 0.88671875 0.03515625 0.029296875
0 0.099609375 0.783203125 0.0390625 0.03125
0 0.16259765625 0.82666015625 0.0380859375 0.0302734375
0 0.36328125 0.60546875 0.0390625 0.03125
0 0.2265625 0.59228515625 0.0390625 0.0322265625
0 0.18359375 0.66357421875 0.04296875 0.0341796875
0 0.2294921875 0.66796875 0.04296875 0.03515625
0 0.19384765625 0.64501953125 0.0419921875 0.0341796875
0 0.302734375 0.69140625 0.041015625 0.033203125
0 0.26904296875 0.669921875 0.0380859375 0.03125
0 0.23583984375 0.64794921875 0.0400390625 0.0322265625
0 0.2001953125 0.62451171875 0.04296875 0.0341796875
0 0.34765625 0.6962890625 0.0390625 0.03125
0 0.3154296875 0.67529296875 0.0390625 0.0322265625
0 0.2626953125 0.61572265625 0.041015625 0.0322265625
0 0.25390625 0.71044921875 0.041015625 0.0322265625
0 0.2978515625 0.638671875 0.041015625 0.033203125
0 0.3330078125 0.6611328125 0.041015625 0.033203125
0 0.37548828125 0.66455078125 0.0419921875 0.0341796875
0 0.341796875 0.64208984375 0.037109375 0.0302734375
0 0.31005859375 0.62158203125 0.0400390625 0.0322265625
0 0.2744140625 0.599609375 0.0390625 0.03125
0 0.2392578125 0.5751953125 0.041015625 0.033203125
0 0.39013671875 0.6484375 0.0439453125 0.033203125
0 0.353515625 0.625 0.041015625 0.03125
0 0.22021484375 0.6875 0.0400390625 0.033203125
0 0.28466796875 0.73046875 0.0380859375 0.03125
0 0.19482421875 0.8466796875 0.0380859375 0.029296875
0 0.12060546875 0.7490234375 0.0361328125 0.03125
0 0.23046875 0.869140625 0.0390625 0.033203125
0 0.23974609375 0.849609375 0.0380859375 0.03125
0 0.20703125 0.830078125 0.03515625 0.029296875
0 0.17724609375 0.80908203125 0.0380859375 0.0322265625
0 0.14404296875 0.78857421875 0.0400390625 0.0341796875
0 0.1103515625 0.76611328125 0.041015625 0.0322265625
0 0.22021484375 0.81494140625 0.0361328125 0.0302734375
0 0.1884765625 0.79345703125 0.037109375 0.0302734375
0 0.1552734375 0.7705078125 0.0390625 0.03125
0 0.26220703125 0.81689453125 0.0361328125 0.0302734375
0 0.318359375 0.751953125 0.041015625 0.033203125
0 0.22998046875 0.794921875 0.0400390625 0.03125
0 0.1953125 0.7724609375 0.037109375 0.029296875
0 0.16552734375 0.75390625 0.0361328125 0.029296875
0 0.134765625 0.73193359375 0.0390625 0.0302734375
0 0.271484375 0.7958984375 0.03515625 0.029296875
0 0.24169921875 0.7763671875 0.0380859375 0.029296875
0 0.21044921875 0.75732421875 0.0341796875 0.0283203125
0 0.1826171875 0.73828125 0.037109375 0.029296875
0 0.1484375 0.7158203125 0.041015625 0.033203125
0 0.63427734375 0.03076171875 0.0380859375 0.0302734375
