0 0.48486328125 0.80712890625 0.0185546875 0.0146484375
0 0.03857421875 0.126953125 0.0205078125 0.015625
0 0.28173828125 0.04541015625 0.0146484375 0.0146484375
0 0.296875 0.02783203125 0.01953125 0.0126953125
0 0.29345703125 0.01806640625 0.0205078125 0.0146484375
0 0.02685546875 0.05517578125 0.0185546875 0.0166015625
0 0.0732421875 0.03125 0.0234375 0.01953125
1 0.212890625 0.65771484375 0.017578125 0.0302734375
1 0.55078125 0.5166015625 0.02734375 0.048828125
1 0.5380859375 0.52294921875 0.02734375 0.0478515625
1 0.5263671875 0.5263671875 0.02734375 0.048828125
1 0.5146484375 0.5302734375 0.02734375 0.048828125
1 0.50341796875 0.53662109375 0.0283203125 0.0478515625
1 0.4912109375 0.54150390625 0.02734375 0.0478515625
1 0.47802734375 0.54541015625 0.0263671875 0.0478515625
1 0.46630859375 0.5498046875 0.0263671875 0.048828125
1 0.4541015625 0.55517578125 0.02734375 0.0478515625
0 0.033203125 0.10791015625 0.01953125 0.0166015625
0 0.05859375 0.171875 0.01953125 0.015625
1 0.3671875 0.47802734375 0.02734375 0.0478515625
0 0.06494140625 0.18310546875 0.0283203125 0.0205078125
0 0.0537109375 0.28564453125 0.021484375 0.0166015625
0 0.04931640625 0.2744140625 0.0263671875 0.017578125
0 0.04736328125 0.26513671875 0.0185546875 0.0146484375
0 0.04345703125 0.25537109375 0.0185546875 0.0146484375
0 0.0400390625 0.24609375 0.017578125 0.013671875
0 0.08984375 0.25537109375 0.01953125 0.0146484375
0 0.0869140625 0.24609375 0.021484375 0.017578125
0 0.03759765625 0.23779296875 0.0263671875 0.0126953125
0 0.033203125 0.2158203125 0.0234375 0.017578125
0 0.0380859375 0.2255859375 0.01953125 0.013671875
0 0.0810546875 0.22900390625 0.021484375 0.0166015625
0 0.07861328125 0.21875 0.0224609375 0.01953125
0 0.0693359375 0.2021484375 0.029296875 0.01953125
0 0.02099609375 0.20654296875 0.0205078125 0.0166015625
0 0.06640625 0.19384765625 0.029296875 0.0185546875
1 0.44140625 0.56005859375 0.02734375 0.0498046875
1 0.3564453125 0.48291015625 0.02734375 0.0478515625
0 0.05859375 0.30419921875 0.015625 0.0146484375
1 0.396484375 0.41015625 0.02734375 0.048828125
1 0.373046875 0.4208984375 0.02734375 0.048828125
1 0.361328125 0.4267578125 0.02734375 0.044921875
1 0.34912109375 0.431640625 0.0263671875 0.046875
1 0.3369140625 0.435546875 0.025390625 0.044921875
1 0.439453125 0.28466796875 0.02734375 0.0478515625
1 0.42626953125 0.28857421875 0.0263671875 0.0478515625
1 0.28173828125 0.3447265625 0.0244140625 0.044921875
1 0.2685546875 0.34912109375 0.025390625 0.0458984375
1 0.25634765625 0.3544921875 0.0263671875 0.046875
1 0.24462890625 0.3583984375 0.0263671875 0.046875
1 0.232421875 0.36376953125 0.025390625 0.0458984375
1 0.1953125 0.37744140625 0.025390625 0.0478515625
1 0.18408203125 0.3837890625 0.0244140625 0.044921875
1 0.1591796875 0.39306640625 0.02734375 0.0458984375
1 0.1474609375 0.39697265625 0.025390625 0.0458984375
1 0.3837890625 0.41357421875 0.0234375 0.0419921875
1 0.4091796875 0.408203125 0.025390625 0.044921875
1 0.40625 0.57470703125 0.02734375 0.0478515625
1 0.43359375 0.39794921875 0.025390625 0.0458984375
1 0.39404296875 0.580078125 0.0263671875 0.046875
1 0.3818359375 0.58447265625 0.02734375 0.0478515625
1 0.37060546875 0.58935546875 0.0283203125 0.0498046875
1 0.35791015625 0.59375 0.0283203125 0.048828125
1 0.345703125 0.5986328125 0.02734375 0.048828125
1 0.333984375 0.603515625 0.02734375 0.046875
1 0.32177734375 0.6083984375 0.0283203125 0.048828125
1 0.30908203125 0.61279296875 0.0263671875 0.0478515625
1 0.2958984375 0.6181640625 0.02734375 0.048828125
1 0.28515625 0.623046875 0.02734375 0.046875
1 0.23681640625 0.6416015625 0.0283203125 0.046875
1 0.22412109375 0.64599609375 0.0283203125 0.0498046875
1 0.50537109375 0.40673828125 0.0185546875 0.0283203125
1 0.49267578125 0.37451171875 0.0244140625 0.0380859375
1 0.47021484375 0.38427734375 0.0244140625 0.0400390625
0 0.05615234375 0.29443359375 0.0185546875 0.0146484375
0 0.06689453125 0.30859375 0.0263671875 0.01953125
0 0.3662109375 0.70849609375 0.013671875 0.0185546875
0 0.3671875 0.01513671875 0.01953125 0.0107421875
0 0.3740234375 0.0341796875 0.017578125 0.01171875
0 0.2919921875 0.0068359375 0.017578125 0.013671875
0 0.31298828125 0.2783203125 0.0185546875 0.013671875
0 0.22265625 0.3125 0.017578125 0.013671875
0 0.31005859375 0.46826171875 0.0126953125 0.0185546875
0 0.3037109375 0.45751953125 0.013671875 0.0224609375
0 0.29541015625 0.43505859375 0.0146484375 0.0205078125
0 0.2880859375 0.85205078125 0.01953125 0.0146484375
0 0.259765625 0.78759765625 0.01953125 0.0146484375
0 0.30078125 0.80859375 0.0234375 0.017578125
0 0.18994140625 0.83056640625 0.0205078125 0.0283203125
0 0.181640625 0.8095703125 0.01953125 0.02734375
0 0.21533203125 0.77392578125 0.0126953125 0.0205078125
0 0.25244140625 0.75732421875 0.0166015625 0.0224609375
0 0.263671875 0.70068359375 0.01171875 0.0185546875
0 0.37109375 0.02490234375 0.01953125 0.0126953125
0 0.31640625 0.07373046875 0.01953125 0.0146484375
0 0.2451171875 0.7109375 0.01171875 0.01953125
0 0.3486328125 0.154296875 0.021484375 0.015625
0 0.33056640625 0.7236328125 0.0146484375 0.021484375
0 0.568359375 0.58056640625 0.015625 0.0205078125
0 0.55859375 0.58642578125 0.013671875 0.0205078125
0 0.54833984375 0.58935546875 0.0185546875 0.0244140625
0 0.5244140625 0.646484375 0.015625 0.021484375
0 0.48583984375 0.61376953125 0.0126953125 0.0166015625
0 0.4384765625 0.6318359375 0.013671875 0.017578125
0 0.40576171875 0.64599609375 0.0146484375 0.0205078125
0 0.396484375 0.650390625 0.015625 0.021484375
0 0.38720703125 0.654296875 0.0126953125 0.017578125
0 0.37939453125 0.65771484375 0.0126953125 0.0205078125
0 0.37060546875 0.6611328125 0.0126953125 0.017578125
0 0.35498046875 0.66748046875 0.0146484375 0.0224609375
0 0.31884765625 0.681640625 0.0146484375 0.021484375
0 0.3671875 0.2001953125 0.017578125 0.013671875
0 0.25537109375 0.70751953125 0.0146484375 0.0205078125
0 0.23681640625 0.71435546875 0.0146484375 0.0205078125
0 0.072265625 0.318359375 0.021484375 0.017578125
0 0.177734375 0.51806640625 0.017578125 0.0126953125
0 0.17138671875 0.5009765625 0.0185546875 0.015625
0 0.2705078125 0.29443359375 0.02734375 0.0166015625
0 0.2490234375 0.3037109375 0.021484375 0.017578125
0 0.203125 0.31787109375 0.01953125 0.0146484375
0 0.1806640625 0.32861328125 0.0234375 0.0146484375
0 0.123046875 0.3388671875 0.0234375 0.015625
0 0.119140625 0.32958984375 0.02734375 0.0185546875
0 0.08203125 0.34814453125 0.029296875 0.0205078125
0 0.07666015625 0.33984375 0.0244140625 0.01953125
0 0.07275390625 0.32861328125 0.0263671875 0.0166015625
0 0.095703125 0.32861328125 0.01953125 0.0302734375
0 0.1435546875 0.31982421875 0.013671875 0.0185546875
0 0.13720703125 0.30224609375 0.0146484375 0.0205078125
0 0.1123046875 0.3115234375 0.0234375 0.017578125
0 0.1103515625 0.30224609375 0.021484375 0.0146484375
0 0.1728515625 0.5107421875 0.0234375 0.015625
0 0.19970703125 0.52001953125 0.0166015625 0.0126953125
0 0.22802734375 0.7177734375 0.0126953125 0.01953125
0 0.193359375 0.50341796875 0.017578125 0.0126953125
0 0.2197265625 0.72314453125 0.013671875 0.0205078125
0 0.21142578125 0.7265625 0.0146484375 0.01953125
0 0.2001953125 0.658203125 0.017578125 0.025390625
0 0.18798828125 0.662109375 0.0185546875 0.025390625
0 0.25439453125 0.53662109375 0.0205078125 0.0166015625
0 0.212890625 0.5537109375 0.021484375 0.015625
0 0.1923828125 0.560546875 0.017578125 0.013671875
0 0.1875 0.54443359375 0.01953125 0.0166015625
0 0.18408203125 0.52734375 0.0205078125 0.015625
0 0.24169921875 0.51123046875 0.0205078125 0.0166015625
0 0.23828125 0.4951171875 0.01953125 0.015625
0 0.22802734375 0.474609375 0.0205078125 0.013671875
0 0.181640625 0.47705078125 0.015625 0.0146484375
0 0.1884765625 0.4853515625 0.017578125 0.013671875
0 0.19091796875 0.494140625 0.0185546875 0.015625
1 0.134765625 0.40234375 0.025390625 0.046875
