0 0.47509765625 0.9912109375 0.0224609375 0.017578125
0 0.33349609375 0.96728515625 0.0263671875 0.0341796875
0 0.369140625 0.9423828125 0.02734375 0.037109375
0 0.35009765625 0.97802734375 0.0283203125 0.0380859375
0 0.38720703125 0.95263671875 0.0283203125 0.0361328125
0 0.3701171875 0.9833984375 0.02734375 0.033203125
0 0.40380859375 0.96142578125 0.0302734375 0.0400390625
0 0.38916015625 0.98876953125 0.0224609375 0.0224609375
0 0.42041015625 0.970703125 0.0263671875 0.033203125
0 0.40771484375 0.99169921875 0.0205078125 0.0166015625
0 0.43896484375 0.9765625 0.0302734375 0.0390625
0 0.45654296875 0.982421875 0.0302734375 0.03515625
0 0.52880859375 0.7783203125 0.0283203125 0.037109375
0 0.4951171875 0.9951171875 0.017578125 0.009765625
0 0.35205078125 0.93310546875 0.0302734375 0.0380859375
0 0.3154296875 0.95751953125 0.03125 0.0380859375
0 0.3359375 0.92333984375 0.03125 0.0380859375
0 0.29931640625 0.9443359375 0.0263671875 0.033203125
0 0.56591796875 0.7919921875 0.0283203125 0.037109375
0 0.380859375 0.79541015625 0.029296875 0.0380859375
0 0.41748046875 0.8173828125 0.0302734375 0.0390625
0 0.43212890625 0.826171875 0.0302734375 0.0390625
0 0.31103515625 0.80029296875 0.0283203125 0.0361328125
0 0.32861328125 0.8076171875 0.0302734375 0.0390625
0 0.34423828125 0.82177734375 0.0283203125 0.0361328125
0 0.36328125 0.83203125 0.02734375 0.037109375
0 0.376953125 0.84521484375 0.02734375 0.0361328125
0 0.39453125 0.85107421875 0.02734375 0.0341796875
0 0.41455078125 0.8583984375 0.0263671875 0.03515625
0 0.453125 0.8330078125 0.029296875 0.037109375
0 0.4677734375 0.84521484375 0.02734375 0.0361328125
0 0.4326171875 0.869140625 0.033203125 0.044921875
0 0.44970703125 0.8798828125 0.0302734375 0.037109375
0 0.490234375 0.84814453125 0.029296875 0.0361328125
0 0.46875 0.8837890625 0.03125 0.0390625
0 0.505859375 0.859375 0.03125 0.04296875
0 0.48681640625 0.89404296875 0.0283203125 0.0361328125
0 0.51953125 0.8759765625 0.029296875 0.037109375
0 0.501953125 0.90966796875 0.029296875 0.0400390625
0 0.517578125 0.91845703125 0.02734375 0.0341796875
0 0.55419921875 0.89599609375 0.0283203125 0.0361328125
0 0.53564453125 0.9287109375 0.0263671875 0.03515625
0 0.57421875 0.90234375 0.033203125 0.041015625
0 0.302734375 0.90234375 0.029296875 0.0390625
0 0.31884765625 0.91357421875 0.0263671875 0.0341796875
0 0.5478515625 0.78369140625 0.03125 0.0380859375
0 0.51123046875 0.76708984375 0.0302734375 0.0361328125
0 0.84375 0.94775390625 0.03125 0.0400390625
0 0.53076171875 0.7314453125 0.0322265625 0.0390625
0 0.2265625 0.99462890625 0.01953125 0.0107421875
0 0.26123046875 0.732421875 0.0302734375 0.0390625
0 0.240234375 0.76904296875 0.03125 0.0380859375
0 0.2568359375 0.77783203125 0.029296875 0.0341796875
0 0.2734375 0.7880859375 0.02734375 0.03515625
0 0.29541015625 0.79248046875 0.0244140625 0.0322265625
0 0.05908203125 0.87939453125 0.0322265625 0.0244140625
0 0.142578125 0.85498046875 0.02734375 0.0380859375
0 0.16064453125 0.8662109375 0.0302734375 0.0390625
0 0.19482421875 0.8466796875 0.0283203125 0.037109375
0 0.17626953125 0.87890625 0.0263671875 0.03515625
0 0.212890625 0.8544921875 0.029296875 0.041015625
0 0.19384765625 0.890625 0.0263671875 0.037109375
0 0.2119140625 0.90234375 0.029296875 0.0390625
0 0.22998046875 0.86474609375 0.0283203125 0.0380859375
0 0.248046875 0.8740234375 0.029296875 0.037109375
0 0.2275390625 0.91259765625 0.029296875 0.0361328125
0 0.2626953125 0.888671875 0.025390625 0.033203125
0 0.28173828125 0.892578125 0.0302734375 0.037109375
0 0.2470703125 0.9189453125 0.02734375 0.037109375
0 0.2646484375 0.931640625 0.02734375 0.0390625
0 0.28369140625 0.93798828125 0.0283203125 0.0380859375
0 0.09814453125 0.94287109375 0.0302734375 0.0380859375
0 0.07861328125 0.97509765625 0.0263671875 0.0361328125
0 0.1318359375 0.958984375 0.03125 0.041015625
0 0.150390625 0.96826171875 0.033203125 0.0419921875
0 0.1865234375 0.98388671875 0.02734375 0.0322265625
0 0.203125 0.99169921875 0.021484375 0.0166015625
0 0.48779296875 0.39794921875 0.0302734375 0.0380859375
0 0.3701171875 0.529296875 0.029296875 0.037109375
0 0.396484375 0.54541015625 0.02734375 0.0361328125
0 0.45849609375 0.53564453125 0.0283203125 0.0361328125
0 0.52880859375 0.57177734375 0.0263671875 0.0361328125
0 0.560546875 0.59521484375 0.02734375 0.0380859375
0 0.50927734375 0.60791015625 0.0302734375 0.0419921875
0 0.357421875 0.67431640625 0.03125 0.0419921875
0 0.392578125 0.69384765625 0.029296875 0.0380859375
0 0.44384765625 0.68310546875 0.0322265625 0.0439453125
0 0.4599609375 0.73779296875 0.02734375 0.0380859375
0 0.478515625 0.74560546875 0.02734375 0.0361328125
0 0.9833984375 0.06689453125 0.033203125 0.0302734375
0 0.873046875 0.16162109375 0.03125 0.0380859375
0 0.9052734375 0.2255859375 0.029296875 0.037109375
0 0.95703125 0.25244140625 0.02734375 0.0380859375
0 0.86962890625 0.61328125 0.0283203125 0.037109375
0 0.88720703125 0.6181640625 0.0263671875 0.03515625
0 0.8662109375 0.65771484375 0.029296875 0.0380859375
0 0.8828125 0.6669921875 0.02734375 0.03515625
0 0.9052734375 0.67724609375 0.03125 0.0380859375
0 0.9267578125 0.6357421875 0.025390625 0.037109375
0 0.9443359375 0.64306640625 0.025390625 0.0322265625
0 0.9599609375 0.65576171875 0.02734375 0.0361328125
0 0.9248046875 0.68798828125 0.02734375 0.0322265625
0 0.95458984375 0.70361328125 0.0302734375 0.0380859375
0 0.822265625 0.73681640625 0.02734375 0.0380859375
0 0.83837890625 0.75048828125 0.0244140625 0.0341796875
0 0.8203125 0.783203125 0.029296875 0.0390625
0 0.8564453125 0.755859375 0.03125 0.041015625
0 0.837890625 0.79150390625 0.029296875 0.0380859375
0 0.87353515625 0.7666015625 0.0283203125 0.037109375
0 0.8974609375 0.76806640625 0.02734375 0.0400390625
0 0.85546875 0.8017578125 0.02734375 0.037109375
0 0.8701171875 0.8134765625 0.029296875 0.0390625
0 0.90966796875 0.787109375 0.0263671875 0.037109375
0 0.8896484375 0.82080078125 0.02734375 0.0341796875
0 0.9248046875 0.7958984375 0.02734375 0.037109375
0 0.90625 0.8330078125 0.02734375 0.037109375
0 0.828125 0.89306640625 0.025390625 0.0341796875
0 0.84716796875 0.90185546875 0.0263671875 0.0361328125
0 0.826171875 0.9375 0.02734375 0.037109375
0 0.86669921875 0.91064453125 0.0302734375 0.0380859375
0 0.8505859375 0.646484375 0.02734375 0.03515625
0 0.83251953125 0.63671875 0.0283203125 0.037109375
0 0.853515625 0.60107421875 0.03125 0.0400390625
0 0.93017578125 0.33984375 0.0283203125 0.0390625
0 0.95263671875 0.357421875 0.0283203125 0.037109375
0 0.87451171875 0.357421875 0.0302734375 0.0390625
0 0.892578125 0.36572265625 0.029296875 0.0380859375
0 0.9091796875 0.37548828125 0.02734375 0.0380859375
0 0.923828125 0.38671875 0.029296875 0.0390625
0 0.94287109375 0.39892578125 0.0263671875 0.0361328125
0 0.830078125 0.439453125 0.029296875 0.0390625
0 0.86279296875 0.4599609375 0.0263671875 0.03515625
0 0.966796875 0.47216796875 0.033203125 0.0322265625
0 0.8798828125 0.47119140625 0.029296875 0.0380859375
0 0.82861328125 0.4794921875 0.0302734375 0.041015625
0 0.8427734375 0.4970703125 0.03125 0.041015625
0 0.8603515625 0.505859375 0.02734375 0.037109375
0 0.8994140625 0.478515625 0.03125 0.0390625
0 0.8779296875 0.513671875 0.02734375 0.03515625
0 0.91455078125 0.490234375 0.0283203125 0.03515625
0 0.89453125 0.52392578125 0.029296875 0.0380859375
0 0.93408203125 0.49951171875 0.0283203125 0.0380859375
0 0.953125 0.5126953125 0.02734375 0.03515625
0 0.9296875 0.54638671875 0.025390625 0.0380859375
0 0.951171875 0.54833984375 0.0234375 0.0361328125
0 0.9677734375 0.560546875 0.021484375 0.03515625
0 0.81689453125 0.5849609375 0.0224609375 0.03515625
0 0.83544921875 0.59423828125 0.0283203125 0.0361328125
0 0.8154296875 0.62939453125 0.02734375 0.0361328125
0 0.783203125 0.6064453125 0.029296875 0.037109375
0 0.58154296875 0.59716796875 0.0322265625 0.0419921875
0 0.61181640625 0.62255859375 0.0283203125 0.0361328125
0 0.6279296875 0.6337890625 0.02734375 0.037109375
0 0.6455078125 0.64306640625 0.02734375 0.0361328125
0 0.66650390625 0.65234375 0.0263671875 0.0390625
0 0.68310546875 0.66162109375 0.0302734375 0.0380859375
0 0.6982421875 0.67138671875 0.02734375 0.0361328125
0 0.59423828125 0.658203125 0.0302734375 0.037109375
0 0.6103515625 0.6708984375 0.029296875 0.0390625
0 0.6279296875 0.67724609375 0.025390625 0.0341796875
0 0.6630859375 0.697265625 0.029296875 0.037109375
0 0.681640625 0.7041015625 0.02734375 0.037109375
0 0.7177734375 0.6787109375 0.029296875 0.041015625
0 0.6982421875 0.71533203125 0.025390625 0.0361328125
0 0.736328125 0.69287109375 0.029296875 0.0361328125
0 0.71533203125 0.72412109375 0.0283203125 0.0361328125
0 0.734375 0.736328125 0.02734375 0.037109375
0 0.7529296875 0.70263671875 0.025390625 0.0341796875
0 0.76904296875 0.7138671875 0.0244140625 0.03515625
0 0.7880859375 0.71923828125 0.029296875 0.0380859375
0 0.80419921875 0.73095703125 0.0263671875 0.0361328125
0 0.7529296875 0.74560546875 0.02734375 0.0380859375
0 0.77001953125 0.75146484375 0.0283203125 0.0341796875
0 0.78662109375 0.76123046875 0.0283203125 0.0341796875
0 0.80322265625 0.7705078125 0.0283203125 0.03515625
0 0.58203125 0.7578125 0.02734375 0.0390625
0 0.6025390625 0.7646484375 0.02734375 0.037109375
0 0.80078125 0.615234375 0.02734375 0.03515625
0 0.7646484375 0.60009765625 0.029296875 0.0380859375
0 0.60009765625 0.8115234375 0.0302734375 0.041015625
0 0.74462890625 0.59228515625 0.0283203125 0.0361328125
0 0.6904296875 0.4052734375 0.029296875 0.0390625
0 0.7421875 0.392578125 0.02734375 0.037109375
0 0.76318359375 0.39794921875 0.0302734375 0.0380859375
0 0.72119140625 0.43212890625 0.0263671875 0.0361328125
0 0.75830078125 0.4482421875 0.0283203125 0.037109375
0 0.77294921875 0.45703125 0.0302734375 0.0390625
0 0.79443359375 0.4619140625 0.0283203125 0.0390625
0 0.646484375 0.48486328125 0.029296875 0.0380859375
0 0.62353515625 0.51904296875 0.0302734375 0.0361328125
0 0.66455078125 0.49560546875 0.0302734375 0.0380859375
0 0.642578125 0.529296875 0.029296875 0.037109375
0 0.67822265625 0.5107421875 0.0283203125 0.03515625
0 0.6552734375 0.54541015625 0.029296875 0.0361328125
0 0.6953125 0.52001953125 0.03125 0.0419921875
0 0.67431640625 0.55419921875 0.0322265625 0.0380859375
0 0.6943359375 0.56103515625 0.03125 0.0380859375
0 0.7119140625 0.57373046875 0.03125 0.0380859375
0 0.73193359375 0.53759765625 0.0302734375 0.0400390625
0 0.7509765625 0.5439453125 0.029296875 0.0390625
0 0.76611328125 0.5556640625 0.0263671875 0.03515625
0 0.78271484375 0.56494140625 0.0302734375 0.0400390625
0 0.80126953125 0.572265625 0.0302734375 0.037109375
0 0.72802734375 0.58203125 0.0302734375 0.037109375
0 0.58447265625 0.7998046875 0.0283203125 0.03515625
0 0.63623046875 0.7880859375 0.0283203125 0.037109375
0 0.62353515625 0.97509765625 0.0263671875 0.0361328125
0 0.64208984375 0.982421875 0.0283203125 0.03515625
0 0.67626953125 0.9599609375 0.0322265625 0.041015625
0 0.66015625 0.98828125 0.025390625 0.0234375
0 0.693359375 0.9736328125 0.029296875 0.037109375
0 0.67919921875 0.99267578125 0.0205078125 0.0146484375
0 0.69873046875 0.99609375 0.0146484375 0.0078125
0 0.712890625 0.97998046875 0.029296875 0.0380859375
0 0.73388671875 0.982421875 0.0244140625 0.03515625
0 0.74853515625 0.99072265625 0.0205078125 0.0185546875
0 0.7705078125 0.9921875 0.021484375 0.015625
0 0.6591796875 0.9501953125 0.02734375 0.0390625
0 0.64208984375 0.943359375 0.0244140625 0.037109375
0 0.615234375 0.82421875 0.03125 0.0390625
0 0.60498046875 0.96875 0.0283203125 0.037109375
0 0.65380859375 0.798828125 0.0302734375 0.037109375
0 0.6328125 0.8330078125 0.03125 0.0390625
0 0.65087890625 0.845703125 0.0283203125 0.03515625
0 0.67236328125 0.80810546875 0.0302734375 0.0380859375
0 0.68701171875 0.8193359375 0.0263671875 0.03515625
0 0.70703125 0.82275390625 0.02734375 0.0380859375
0 0.67041015625 0.8515625 0.0302734375 0.0390625
0 0.6865234375 0.85888671875 0.02734375 0.0341796875
0 0.705078125 0.865234375 0.02734375 0.03515625
0 0.72607421875 0.8330078125 0.0283203125 0.03515625
0 0.73828125 0.84521484375 0.02734375 0.0361328125
0 0.7216796875 0.88037109375 0.02734375 0.0380859375
0 0.75927734375 0.8525390625 0.0302734375 0.037109375
0 0.73779296875 0.8876953125 0.0283203125 0.037109375
0 0.7744140625 0.86328125 0.02734375 0.037109375
0 0.7578125 0.89501953125 0.02734375 0.0361328125
0 0.79296875 0.87158203125 0.02734375 0.0380859375
0 0.7744140625 0.90771484375 0.029296875 0.0380859375
0 0.8115234375 0.8828125 0.029296875 0.0390625
0 0.7919921875 0.9169921875 0.02734375 0.0390625
0 0.81005859375 0.9248046875 0.0302734375 0.0390625
0 0.58837890625 0.9130859375 0.0283203125 0.037109375
0 0.55322265625 0.9384765625 0.0263671875 0.03515625
0 0.57177734375 0.94384765625 0.0263671875 0.0341796875
0 0.607421875 0.92041015625 0.029296875 0.0380859375
0 0.58740234375 0.9580078125 0.0283203125 0.0390625
0 0.6240234375 0.931640625 0.02734375 0.0390625
0 0.224609375 0.71240234375 0.02734375 0.0361328125
