0 0.3173828125 0.3515625 0.044921875 0.033203125
0 0.298828125 0.29248046875 0.044921875 0.0341796875
0 0.33837890625 0.314453125 0.0419921875 0.033203125
0 0.48583984375 0.34375 0.0380859375 0.029296875
0 0.326171875 0.33203125 0.04296875 0.03125
0 0.4384765625 0.34423828125 0.03515625 0.0283203125
0 0.48193359375 0.36669921875 0.0400390625 0.0341796875
0 0.4326171875 0.36572265625 0.041015625 0.0302734375
0 0.34765625 0.29150390625 0.0390625 0.0302734375
0 0.47216796875 0.38671875 0.0361328125 0.029296875
0 0.30712890625 0.3720703125 0.0400390625 0.03125
0 0.4248046875 0.3857421875 0.037109375 0.03125
0 0.4599609375 0.40576171875 0.0390625 0.0322265625
0 0.41015625 0.400390625 0.041015625 0.033203125
0 0.4462890625 0.42431640625 0.041015625 0.0322265625
0 0.310546875 0.271484375 0.041015625 0.03125
0 0.498046875 0.3251953125 0.04296875 0.033203125
0 0.58984375 0.3759765625 0.044921875 0.03515625
0 0.49462890625 0.24658203125 0.0400390625 0.0302734375
0 0.3642578125 0.17822265625 0.04296875 0.0341796875
0 0.4052734375 0.2001953125 0.044921875 0.037109375
0 0.51904296875 0.20703125 0.0380859375 0.029296875
0 0.5087890625 0.2275390625 0.0390625 0.03125
0 0.396484375 0.21923828125 0.048828125 0.0380859375
0 0.34326171875 0.21484375 0.0400390625 0.033203125
0 0.3310546875 0.23046875 0.0390625 0.029296875
0 0.46240234375 0.30419921875 0.0361328125 0.0302734375
0 0.36767578125 0.25146484375 0.0419921875 0.0302734375
0 0.3203125 0.24755859375 0.0390625 0.0283203125
0 0.36328125 0.27685546875 0.041015625 0.0302734375
0 0.52392578125 0.29052734375 0.0478515625 0.0380859375
0 0.47119140625 0.28466796875 0.0400390625 0.0361328125
0 0.50830078125 0.3037109375 0.0419921875 0.033203125
0 0.39453125 0.41796875 0.0390625 0.029296875
0 0.3203125 0.44189453125 0.04296875 0.0185546875
0 0.43505859375 0.443359375 0.0419921875 0.033203125
0 0.5478515625 0.25146484375 0.0390625 0.0322265625
0 0.75439453125 0.16748046875 0.0517578125 0.0400390625
0 0.55810546875 0.13427734375 0.0380859375 0.0322265625
0 0.54248046875 0.150390625 0.0458984375 0.033203125
0 0.57421875 0.1884765625 0.0390625 0.03125
0 0.56396484375 0.20751953125 0.0419921875 0.0361328125
0 0.662109375 0.24072265625 0.0390625 0.0283203125
0 0.64208984375 0.27587890625 0.0419921875 0.0361328125
0 0.380859375 0.43505859375 0.04296875 0.0341796875
0 0.68115234375 0.30029296875 0.0400390625 0.0322265625
0 0.63134765625 0.29833984375 0.0419921875 0.0361328125
0 0.67431640625 0.3212890625 0.0419921875 0.037109375
0 0.74853515625 0.3896484375 0.0400390625 0.03125
0 0.66015625 0.3408203125 0.041015625 0.03125
0 0.64892578125 0.36083984375 0.0419921875 0.0341796875
0 0.5673828125 0.1162109375 0.041015625 0.033203125
0 0.724609375 0.125 0.041015625 0.033203125
0 0.580078125 0.09521484375 0.041015625 0.0341796875
0 0.62548828125 0.0966796875 0.0380859375 0.03125
0 0.59814453125 0.052734375 0.0439453125 0.037109375
1 0.48876953125 0.87451171875 0.0595703125 0.0888671875
0 0.53515625 0.57275390625 0.0390625 0.0283203125
0 0.49462890625 0.55126953125 0.0380859375 0.0302734375
0 0.5048828125 0.53125 0.041015625 0.033203125
0 0.41015625 0.50634765625 0.04296875 0.0341796875
0 0.359375 0.48828125 0.04296875 0.03515625
0 0.3759765625 0.45947265625 0.04296875 0.0341796875
0 0.41845703125 0.48193359375 0.0380859375 0.0302734375
0 0.515625 0.51171875 0.0390625 0.033203125
0 0.5234375 0.4921875 0.04296875 0.033203125
0 0.53466796875 0.47265625 0.0400390625 0.03125
0 0.4208984375 0.4580078125 0.0390625 0.03125
0 0.37890625 0.15673828125 0.048828125 0.0380859375
0 0.52685546875 0.18505859375 0.0400390625 0.0341796875
0 0.53173828125 0.16650390625 0.0361328125 0.0283203125
0 0.18017578125 0.30126953125 0.0419921875 0.0322265625
1 0.0771484375 0.2138671875 0.044921875 0.056640625
0 0.20947265625 0.23974609375 0.0380859375 0.0283203125
0 0.158203125 0.23876953125 0.04296875 0.0341796875
0 0.19873046875 0.26025390625 0.0400390625 0.0322265625
0 0.14990234375 0.25830078125 0.0419921875 0.0341796875
0 0.19140625 0.27978515625 0.04296875 0.0341796875
0 0.1630859375 0.3173828125 0.0390625 0.03515625
0 0.28955078125 0.39501953125 0.0380859375 0.0322265625
0 0.15478515625 0.341796875 0.0400390625 0.03125
0 0.27978515625 0.3330078125 0.0400390625 0.033203125
0 0.2880859375 0.30908203125 0.0390625 0.0322265625
0 0.267578125 0.3525390625 0.041015625 0.033203125
0 0.25439453125 0.37255859375 0.0419921875 0.0341796875
0 0.24072265625 0.3896484375 0.0380859375 0.03125
0 0.17138671875 0.2177734375 0.0419921875 0.03125
0 0.22021484375 0.22119140625 0.0361328125 0.0283203125
0 0.18212890625 0.19921875 0.0400390625 0.03125
0 0.23046875 0.20263671875 0.0390625 0.0322265625
0 0.1923828125 0.181640625 0.041015625 0.033203125
0 0.23974609375 0.18212890625 0.0400390625 0.0322265625
0 0.20068359375 0.1611328125 0.0380859375 0.033203125
0 0.24853515625 0.16357421875 0.0419921875 0.0322265625
0 0.21240234375 0.140625 0.0400390625 0.029296875
0 0.26318359375 0.1455078125 0.0380859375 0.03125
0 0.27783203125 0.12841796875 0.0478515625 0.0380859375
0 0.283203125 0.1064453125 0.03515625 0.029296875
0 0.22705078125 0.12548828125 0.0400390625 0.0322265625
0 0.2373046875 0.1044921875 0.041015625 0.033203125
0 0.248046875 0.0859375 0.041015625 0.03125
0 0.2548828125 0.06494140625 0.04296875 0.0322265625
0 0.267578125 0.04248046875 0.0390625 0.0302734375
0 0.09814453125 0.45166015625 0.0400390625 0.0302734375
0 0.427734375 0.16064453125 0.037109375 0.0302734375
0 0.42138671875 0.0810546875 0.0439453125 0.033203125
0 0.291015625 0.01171875 0.037109375 0.021484375
0 0.4423828125 0.04296875 0.041015625 0.029296875
0 0.4814453125 0.0634765625 0.037109375 0.03125
0 0.3203125 0.048828125 0.041015625 0.03125
0 0.30615234375 0.06787109375 0.0419921875 0.0322265625
0 0.4306640625 0.0595703125 0.0390625 0.03125
0 0.4580078125 0.10302734375 0.041015625 0.0341796875
0 0.341796875 0.09912109375 0.0234375 0.0400390625
0 0.408203125 0.1005859375 0.037109375 0.029296875
0 0.44873046875 0.12255859375 0.0439453125 0.0341796875
0 0.400390625 0.11962890625 0.0390625 0.0283203125
0 0.435546875 0.14111328125 0.041015625 0.0341796875
0 0.38720703125 0.13720703125 0.0419921875 0.0322265625
0 0.330078125 0.0283203125 0.0390625 0.03125
0 0.34033203125 0.01171875 0.0419921875 0.021484375
0 0.4853515625 0.04150390625 0.0390625 0.0302734375
0 0.4453125 0.0185546875 0.041015625 0.03125
0 0.5107421875 0.01123046875 0.041015625 0.0205078125
0 0.640625 0.37890625 0.037109375 0.029296875
0 0.62890625 0.3974609375 0.037109375 0.02734375
0 0.99658203125 0.83447265625 0.0068359375 0.0166015625
0 0.5849609375 0.3984375 0.03515625 0.02734375
0 0.9521484375 0.63037109375 0.04296875 0.0361328125
0 0.98681640625 0.6455078125 0.0263671875 0.029296875
0 0.9814453125 0.66796875 0.037109375 0.03125
0 0.97314453125 0.69140625 0.0380859375 0.03125
0 0.9619140625 0.71044921875 0.0390625 0.0302734375
0 0.95263671875 0.73095703125 0.0419921875 0.0322265625
0 0.966796875 0.60986328125 0.041015625 0.0302734375
0 0.978515625 0.5908203125 0.037109375 0.029296875
0 0.71533203125 0.54833984375 0.0458984375 0.0361328125
0 0.74462890625 0.48681640625 0.0380859375 0.0283203125
0 0.6865234375 0.5068359375 0.0390625 0.03125
0 0.7373046875 0.51025390625 0.041015625 0.0302734375
0 0.724609375 0.52734375 0.0390625 0.03125
0 0.5625 0.51318359375 0.04296875 0.0322265625
0 0.6748046875 0.5263671875 0.044921875 0.033203125
0 0.6640625 0.5458984375 0.037109375 0.03125
0 0.66943359375 0.62646484375 0.0400390625 0.0341796875
0 0.5517578125 0.53125 0.0390625 0.03125
0 0.65185546875 0.5654296875 0.0439453125 0.033203125
0 0.6904296875 0.58642578125 0.0390625 0.0322265625
0 0.54345703125 0.55419921875 0.0439453125 0.0322265625
0 0.6435546875 0.58544921875 0.03515625 0.0302734375
0 0.6796875 0.603515625 0.03515625 0.02734375
0 0.69873046875 0.4873046875 0.0380859375 0.03125
0 0.57666015625 0.4951171875 0.0380859375 0.029296875
0 0.55078125 0.4560546875 0.041015625 0.033203125
0 0.58642578125 0.4765625 0.0400390625 0.03125
0 0.7080078125 0.47021484375 0.0390625 0.0302734375
0 0.6025390625 0.4599609375 0.041015625 0.033203125
0 0.7548828125 0.46875 0.041015625 0.033203125
0 0.71630859375 0.44921875 0.0400390625 0.03125
0 0.76953125 0.45263671875 0.037109375 0.0283203125
0 0.79248046875 0.4130859375 0.0419921875 0.03125
0 0.80908203125 0.3740234375 0.0419921875 0.03125
0 0.77978515625 0.43310546875 0.0361328125 0.0302734375
0 0.72119140625 0.42529296875 0.0380859375 0.0302734375
0 0.560546875 0.435546875 0.037109375 0.029296875
0 0.6103515625 0.43994140625 0.04296875 0.0322265625
0 0.619140625 0.4169921875 0.037109375 0.029296875
0 0.5703125 0.416015625 0.041015625 0.033203125
0 0.63427734375 0.60302734375 0.0380859375 0.0263671875
0 0.623046875 0.62353515625 0.037109375 0.0322265625
0 0.8623046875 0.27587890625 0.0390625 0.0302734375
0 0.8779296875 0.56103515625 0.041015625 0.0341796875
0 0.8369140625 0.5380859375 0.041015625 0.033203125
0 0.88720703125 0.54345703125 0.0380859375 0.0322265625
0 0.9111328125 0.50244140625 0.04296875 0.0322265625
0 0.88232421875 0.46142578125 0.0400390625 0.0322265625
0 0.88671875 0.44091796875 0.04296875 0.0322265625
0 0.904296875 0.20068359375 0.04296875 0.0341796875
0 0.65771484375 0.64404296875 0.0380859375 0.0302734375
0 0.98876953125 0.2509765625 0.0224609375 0.0234375
0 0.98681640625 0.54638671875 0.0263671875 0.0263671875
0 0.9833984375 0.57275390625 0.033203125 0.0302734375
0 0.94091796875 0.64794921875 0.0400390625 0.0302734375
0 0.8583984375 0.6015625 0.041015625 0.03125
0 0.85107421875 0.6201171875 0.0400390625 0.03125
0 0.80029296875 0.6162109375 0.0400390625 0.033203125
0 0.93017578125 0.66796875 0.0439453125 0.033203125
0 0.9189453125 0.68310546875 0.03515625 0.0283203125
0 0.9140625 0.708984375 0.041015625 0.03125
0 0.93798828125 0.7470703125 0.0380859375 0.03125
0 0.90234375 0.72509765625 0.037109375 0.0322265625
0 0.888671875 0.74365234375 0.0390625 0.0322265625
0 0.87841796875 0.76513671875 0.0400390625 0.0322265625
0 0.912109375 0.79736328125 0.04296875 0.0322265625
0 0.81640625 0.6552734375 0.041015625 0.03125
0 0.81103515625 0.6787109375 0.0400390625 0.033203125
0 0.75634765625 0.67236328125 0.0380859375 0.0302734375
0 0.75146484375 0.69287109375 0.0400390625 0.0322265625
0 0.79150390625 0.71435546875 0.0439453125 0.0322265625
0 0.27978515625 0.02587890625 0.0380859375 0.0302734375
