0 0.2607421875 0.1962890625 0.029296875 0.037109375
0 0.12255859375 0.16259765625 0.0263671875 0.0341796875
0 0.158203125 0.1376953125 0.02734375 0.037109375
0 0.13916015625 0.17333984375 0.0283203125 0.0380859375
0 0.17626953125 0.14794921875 0.0283203125 0.0361328125
0 0.15869140625 0.1806640625 0.0283203125 0.037109375
0 0.19287109375 0.15673828125 0.0302734375 0.0400390625
0 0.17626953125 0.19189453125 0.0263671875 0.0380859375
0 0.20947265625 0.166015625 0.0263671875 0.033203125
0 0.193359375 0.1962890625 0.02734375 0.03515625
0 0.22802734375 0.171875 0.0302734375 0.0390625
0 0.20849609375 0.20654296875 0.0283203125 0.0341796875
0 0.24560546875 0.1806640625 0.0302734375 0.041015625
0 0.2255859375 0.21728515625 0.029296875 0.0380859375
0 0.244140625 0.22900390625 0.029296875 0.0380859375
0 0.2783203125 0.20458984375 0.029296875 0.0380859375
0 0.26171875 0.2373046875 0.02734375 0.037109375
0 0.29736328125 0.2138671875 0.0283203125 0.037109375
0 0.27978515625 0.248046875 0.0283203125 0.03515625
0 0.2939453125 0.259765625 0.029296875 0.037109375
0 0.3125 0.2265625 0.02734375 0.037109375
0 0.3310546875 0.23388671875 0.029296875 0.0361328125
0 0.3134765625 0.26611328125 0.029296875 0.0341796875
0 0.33154296875 0.2763671875 0.0263671875 0.037109375
0 0.0947265625 0.251953125 0.03125 0.0390625
0 0.111328125 0.26416015625 0.029296875 0.0361328125
0 0.0908203125 0.296875 0.029296875 0.0390625
0 0.1279296875 0.27294921875 0.033203125 0.0400390625
0 0.14111328125 0.12841796875 0.0302734375 0.0380859375
0 0.1044921875 0.15283203125 0.03125 0.0380859375
0 0.125 0.11865234375 0.03125 0.0380859375
0 0.08837890625 0.1396484375 0.0263671875 0.033203125
0 0.34814453125 0.00341796875 0.0146484375 0.0048828125
0 0.1640625 0.00537109375 0.017578125 0.0087890625
0 0.2060546875 0.0166015625 0.029296875 0.03125
0 0.22119140625 0.021484375 0.0302734375 0.0390625
0 0.095703125 0.00732421875 0.01953125 0.0126953125
0 0.11474609375 0.01171875 0.0244140625 0.021484375
0 0.13330078125 0.01806640625 0.0283203125 0.0341796875
0 0.15234375 0.02734375 0.02734375 0.037109375
0 0.166015625 0.04052734375 0.02734375 0.0361328125
0 0.18359375 0.04638671875 0.02734375 0.0341796875
0 0.20361328125 0.0537109375 0.0263671875 0.03515625
0 0.2421875 0.0283203125 0.029296875 0.037109375
0 0.2568359375 0.04052734375 0.02734375 0.0361328125
0 0.2216796875 0.064453125 0.033203125 0.044921875
0 0.23876953125 0.0751953125 0.0302734375 0.037109375
0 0.279296875 0.04345703125 0.029296875 0.0361328125
0 0.2578125 0.0791015625 0.03125 0.0390625
0 0.294921875 0.0546875 0.03125 0.04296875
0 0.27587890625 0.08935546875 0.0283203125 0.0361328125
0 0.30859375 0.0712890625 0.029296875 0.037109375
0 0.291015625 0.10498046875 0.029296875 0.0400390625
0 0.306640625 0.11376953125 0.02734375 0.0341796875
0 0.34326171875 0.09130859375 0.0283203125 0.0361328125
0 0.32470703125 0.1240234375 0.0263671875 0.03515625
0 0.36328125 0.09765625 0.033203125 0.041015625
0 0.091796875 0.09765625 0.029296875 0.0390625
0 0.10791015625 0.10888671875 0.0263671875 0.0341796875
0 0.10693359375 0.30859375 0.0302734375 0.0390625
0 0.14404296875 0.28466796875 0.0283203125 0.0361328125
0 0.12158203125 0.32275390625 0.0322265625 0.0419921875
0 0.16748046875 0.4453125 0.0283203125 0.0390625
0 0.14794921875 0.4814453125 0.0283203125 0.03515625
0 0.16845703125 0.4873046875 0.0302734375 0.037109375
0 0.1826171875 0.50146484375 0.029296875 0.0361328125
0 0.20068359375 0.4619140625 0.0263671875 0.041015625
0 0.21923828125 0.47216796875 0.0302734375 0.0419921875
0 0.20068359375 0.50927734375 0.0283203125 0.0361328125
0 0.23779296875 0.48193359375 0.0283203125 0.0400390625
0 0.21728515625 0.51904296875 0.0302734375 0.0380859375
0 0.25634765625 0.4912109375 0.0302734375 0.0390625
0 0.23681640625 0.53076171875 0.0302734375 0.0400390625
0 0.27392578125 0.5 0.0263671875 0.037109375
0 0.25439453125 0.537109375 0.0302734375 0.04296875
0 0.29345703125 0.50537109375 0.0263671875 0.0361328125
0 0.30810546875 0.52001953125 0.0283203125 0.0361328125
0 0.3271484375 0.53125 0.025390625 0.033203125
0 0.3447265625 0.53759765625 0.029296875 0.0380859375
0 0.31005859375 0.56982421875 0.0283203125 0.0380859375
0 0.333984375 0.58251953125 0.02734375 0.0361328125
0 0.09814453125 0.56689453125 0.0283203125 0.0361328125
0 0.11865234375 0.5712890625 0.0263671875 0.03515625
0 0.13671875 0.57958984375 0.025390625 0.0341796875
0 0.15576171875 0.59033203125 0.0263671875 0.0341796875
0 0.1181640625 0.61474609375 0.03125 0.0380859375
0 0.13720703125 0.62548828125 0.0302734375 0.0400390625
0 0.17236328125 0.60107421875 0.0283203125 0.0361328125
0 0.1533203125 0.6337890625 0.02734375 0.03515625
0 0.18994140625 0.6083984375 0.0302734375 0.0390625
0 0.18505859375 0.4521484375 0.0263671875 0.0390625
0 0.15185546875 0.43359375 0.0302734375 0.03515625
0 0.16259765625 0.294921875 0.0302734375 0.037109375
0 0.11328125 0.458984375 0.02734375 0.03515625
0 0.140625 0.3271484375 0.03125 0.0390625
0 0.18115234375 0.3017578125 0.0283203125 0.037109375
0 0.16259765625 0.33154296875 0.0283203125 0.0380859375
0 0.17822265625 0.34619140625 0.0322265625 0.0400390625
0 0.1962890625 0.35693359375 0.03125 0.0380859375
0 0.19775390625 0.31005859375 0.0322265625 0.0419921875
0 0.2177734375 0.3203125 0.03125 0.0390625
0 0.23486328125 0.32763671875 0.0322265625 0.0400390625
0 0.216796875 0.3671875 0.02734375 0.03515625
0 0.251953125 0.3359375 0.033203125 0.0390625
0 0.23388671875 0.37353515625 0.0283203125 0.0380859375
0 0.265625 0.35009765625 0.02734375 0.0341796875
0 0.248046875 0.3837890625 0.02734375 0.037109375
0 0.2841796875 0.35888671875 0.029296875 0.0361328125
0 0.26416015625 0.39404296875 0.0302734375 0.0400390625
0 0.279296875 0.4072265625 0.02734375 0.03515625
0 0.29931640625 0.41259765625 0.0302734375 0.0400390625
0 0.2978515625 0.37353515625 0.02734375 0.0361328125
0 0.3193359375 0.37890625 0.02734375 0.0390625
0 0.13525390625 0.3828125 0.0439453125 0.03125
0 0.33837890625 0.38330078125 0.0283203125 0.0380859375
0 0.31884765625 0.419921875 0.0322265625 0.0390625
0 0.33544921875 0.4306640625 0.0302734375 0.0390625
0 0.09765625 0.40771484375 0.025390625 0.0361328125
0 0.1162109375 0.4150390625 0.02734375 0.03515625
0 0.0947265625 0.4501953125 0.02734375 0.03515625
0 0.13427734375 0.42578125 0.0302734375 0.0390625
0 0.6328125 0.14306640625 0.03125 0.0400390625
0 0.01171875 0.24560546875 0.021484375 0.0361328125
0 0.04248046875 0.2197265625 0.0283203125 0.0390625
0 0.02294921875 0.25537109375 0.0283203125 0.0361328125
0 0.06005859375 0.23095703125 0.0302734375 0.0380859375
0 0.041015625 0.2646484375 0.02734375 0.033203125
0 0.0751953125 0.2451171875 0.02734375 0.03515625
0 0.05810546875 0.275390625 0.0283203125 0.03515625
0 0.07275390625 0.2880859375 0.0263671875 0.03515625
0 0.013671875 0.4013671875 0.025390625 0.0390625
0 0.0478515625 0.41943359375 0.02734375 0.0361328125
0 0.0458984375 0.37939453125 0.025390625 0.0341796875
0 0.0654296875 0.38525390625 0.029296875 0.0380859375
0 0.08056640625 0.3984375 0.0263671875 0.033203125
0 0.0634765625 0.43310546875 0.029296875 0.0380859375
0 0.0166015625 0.51318359375 0.029296875 0.0361328125
0 0.052734375 0.52880859375 0.03125 0.0419921875
0 0.03076171875 0.56591796875 0.0302734375 0.0380859375
0 0.0693359375 0.54345703125 0.02734375 0.0361328125
0 0.06640625 0.58642578125 0.02734375 0.0341796875
0 0.08349609375 0.5537109375 0.0283203125 0.037109375
0 0.025390625 0.21337890625 0.02734375 0.0341796875
0 0.01318359375 0.2041015625 0.0244140625 0.0390625
0 0.0087890625 0.048828125 0.015625 0.0390625
0 0.00830078125 0.0947265625 0.0146484375 0.033203125
0 0.01904296875 0.06005859375 0.0283203125 0.0380859375
0 0.037109375 0.0693359375 0.029296875 0.037109375
0 0.0166015625 0.10791015625 0.029296875 0.0361328125
0 0.0517578125 0.083984375 0.025390625 0.033203125
0 0.07080078125 0.087890625 0.0302734375 0.037109375
0 0.0361328125 0.1142578125 0.02734375 0.037109375
0 0.0537109375 0.126953125 0.02734375 0.0390625
0 0.07275390625 0.13330078125 0.0283203125 0.0380859375
0 0.02880859375 0.81884765625 0.0302734375 0.0419921875
0 0.02587890625 0.865234375 0.0263671875 0.03515625
0 0.06298828125 0.8388671875 0.0283203125 0.037109375
0 0.044921875 0.87353515625 0.03125 0.0400390625
0 0.07958984375 0.85107421875 0.0283203125 0.0361328125
0 0.07763671875 0.896484375 0.0322265625 0.04296875
0 0.04443359375 0.83056640625 0.0302734375 0.0419921875
0 0.01220703125 0.85546875 0.0224609375 0.033203125
0 0.0234375 0.6640625 0.03125 0.04296875
0 0.04052734375 0.6767578125 0.0302734375 0.04296875
0 0.01904296875 0.71044921875 0.0322265625 0.0400390625
0 0.0361328125 0.7177734375 0.02734375 0.03515625
0 0.0537109375 0.72802734375 0.029296875 0.0419921875
0 0.07177734375 0.73779296875 0.0302734375 0.0419921875
0 0.01220703125 0.8134765625 0.0224609375 0.0390625
0 0.205078125 0.62255859375 0.029296875 0.0361328125
0 0.2255859375 0.62646484375 0.029296875 0.0380859375
0 0.2060546875 0.66064453125 0.03125 0.0400390625
0 0.19384765625 0.80712890625 0.0263671875 0.0361328125
0 0.1083984375 0.71728515625 0.029296875 0.0361328125
0 0.125 0.72509765625 0.02734375 0.0380859375
0 0.08984375 0.7490234375 0.02734375 0.03515625
0 0.107421875 0.76171875 0.029296875 0.037109375
0 0.142578125 0.73486328125 0.029296875 0.0419921875
0 0.12548828125 0.77001953125 0.0283203125 0.0380859375
0 0.162109375 0.7451171875 0.029296875 0.037109375
0 0.140625 0.78271484375 0.029296875 0.0380859375
0 0.1767578125 0.755859375 0.029296875 0.037109375
0 0.15869140625 0.79052734375 0.0283203125 0.0361328125
0 0.1962890625 0.7646484375 0.029296875 0.0390625
0 0.1767578125 0.8017578125 0.029296875 0.041015625
0 0.212890625 0.77392578125 0.02734375 0.0380859375
0 0.22998046875 0.78125 0.0263671875 0.037109375
0 0.2412109375 0.64111328125 0.025390625 0.0341796875
0 0.21142578125 0.81787109375 0.0283203125 0.0361328125
0 0.2490234375 0.79150390625 0.029296875 0.0400390625
0 0.23046875 0.828125 0.029296875 0.037109375
0 0.26708984375 0.80078125 0.0283203125 0.041015625
0 0.2880859375 0.8056640625 0.02734375 0.037109375
0 0.25634765625 0.8427734375 0.0263671875 0.037109375
0 0.09814453125 0.861328125 0.0302734375 0.037109375
0 0.11328125 0.87353515625 0.025390625 0.0400390625
0 0.146484375 0.89501953125 0.02734375 0.0361328125
0 0.1669921875 0.904296875 0.025390625 0.033203125
0 0.0595703125 0.888671875 0.029296875 0.037109375
0 0.31396484375 0.86767578125 0.0341796875 0.0361328125
0 0.09228515625 0.70458984375 0.0263671875 0.0361328125
0 0.326171875 0.7333984375 0.03125 0.0390625
0 0.3095703125 0.71875 0.029296875 0.041015625
0 0.29150390625 0.71044921875 0.0283203125 0.0380859375
0 0.46875 0.353515625 0.03125 0.0390625
0 0.5048828125 0.330078125 0.02734375 0.037109375
0 0.5244140625 0.33544921875 0.029296875 0.0380859375
0 0.486328125 0.365234375 0.029296875 0.037109375
0 0.50537109375 0.37353515625 0.0283203125 0.0361328125
0 0.35546875 0.39306640625 0.029296875 0.0380859375
0 0.373046875 0.40283203125 0.029296875 0.0380859375
0 0.35302734375 0.43701171875 0.0283203125 0.0380859375
0 0.390625 0.4111328125 0.02734375 0.03515625
0 0.37060546875 0.447265625 0.0302734375 0.0390625
0 0.388671875 0.45751953125 0.02734375 0.0361328125
0 0.40771484375 0.423828125 0.0302734375 0.037109375
0 0.4267578125 0.43212890625 0.029296875 0.0380859375
0 0.40576171875 0.4677734375 0.0263671875 0.037109375
0 0.4404296875 0.44677734375 0.02734375 0.0341796875
0 0.46337890625 0.451171875 0.0263671875 0.033203125
0 0.42236328125 0.4794921875 0.0302734375 0.0390625
0 0.44140625 0.49072265625 0.03515625 0.0458984375
1 0.50244140625 0.55517578125 0.0498046875 0.0791015625
0 0.36181640625 0.54931640625 0.0283203125 0.0400390625
0 0.37939453125 0.56103515625 0.0263671875 0.0380859375
0 0.396484375 0.56982421875 0.02734375 0.0380859375
0 0.3779296875 0.609375 0.03125 0.041015625
1 0.45458984375 0.6806640625 0.0517578125 0.080078125
0 0.36474609375 0.70556640625 0.0302734375 0.0419921875
0 0.2568359375 0.69287109375 0.029296875 0.0400390625
0 0.27490234375 0.7001953125 0.0302734375 0.0390625
0 0.6201171875 0.00341796875 0.015625 0.0048828125
0 0.640625 0.00830078125 0.01953125 0.0146484375
0 0.65771484375 0.0146484375 0.0263671875 0.02734375
0 0.6787109375 0.01708984375 0.02734375 0.0322265625
0 0.70849609375 0.00537109375 0.0166015625 0.0087890625
0 0.6953125 0.0283203125 0.02734375 0.037109375
0 0.6171875 0.08837890625 0.025390625 0.0341796875
0 0.63623046875 0.09716796875 0.0263671875 0.0361328125
0 0.615234375 0.1328125 0.02734375 0.037109375
0 0.65576171875 0.10595703125 0.0302734375 0.0380859375
0 0.4853515625 0.32275390625 0.025390625 0.0322265625
0 0.4521484375 0.33984375 0.02734375 0.03515625
0 0.47119140625 0.30810546875 0.0283203125 0.0361328125
0 0.38720703125 0.01416015625 0.0263671875 0.0263671875
0 0.25927734375 0.646484375 0.0302734375 0.037109375
0 0.23974609375 0.68408203125 0.0302734375 0.0380859375
0 0.27734375 0.65673828125 0.029296875 0.0361328125
0 0.3193359375 0.67919921875 0.029296875 0.0361328125
0 0.36865234375 0.0068359375 0.0185546875 0.01171875
0 0.45458984375 0.29833984375 0.0283203125 0.0361328125
0 0.41259765625 0.17041015625 0.0263671875 0.0361328125
0 0.43115234375 0.17822265625 0.0283203125 0.0361328125
0 0.46533203125 0.1552734375 0.0322265625 0.041015625
0 0.447265625 0.19091796875 0.029296875 0.0380859375
0 0.482421875 0.1689453125 0.029296875 0.037109375
0 0.46435546875 0.19873046875 0.0283203125 0.0361328125
0 0.48095703125 0.20849609375 0.0283203125 0.0419921875
0 0.501953125 0.17529296875 0.029296875 0.0380859375
0 0.521484375 0.17919921875 0.02734375 0.0380859375
0 0.50146484375 0.220703125 0.0283203125 0.037109375
0 0.53515625 0.19482421875 0.025390625 0.0361328125
0 0.55517578125 0.2001953125 0.0302734375 0.041015625
0 0.5732421875 0.20751953125 0.025390625 0.0380859375
0 0.59033203125 0.220703125 0.0263671875 0.03515625
0 0.53857421875 0.24560546875 0.0283203125 0.0380859375
0 0.568359375 0.25927734375 0.029296875 0.0380859375
0 0.34912109375 0.24072265625 0.0283203125 0.0380859375
0 0.34765625 0.2861328125 0.029296875 0.0390625
0 0.3671875 0.25146484375 0.03125 0.0400390625
0 0.38427734375 0.26220703125 0.0302734375 0.0380859375
0 0.40283203125 0.2666015625 0.0263671875 0.03515625
0 0.3642578125 0.296875 0.029296875 0.0390625
0 0.3837890625 0.30322265625 0.025390625 0.0341796875
0 0.42041015625 0.27685546875 0.0283203125 0.0361328125
0 0.40234375 0.30859375 0.025390625 0.03515625
0 0.43505859375 0.29150390625 0.0283203125 0.0380859375
0 0.4189453125 0.3232421875 0.025390625 0.033203125
0 0.435546875 0.3310546875 0.029296875 0.037109375
0 0.4482421875 0.1455078125 0.02734375 0.0390625
0 0.43115234375 0.138671875 0.0244140625 0.037109375
0 0.404296875 0.01953125 0.03125 0.0390625
0 0.39404296875 0.1640625 0.0283203125 0.037109375
0 0.43798828125 0.0068359375 0.0205078125 0.01171875
0 0.421875 0.0283203125 0.03125 0.0390625
0 0.43994140625 0.041015625 0.0283203125 0.03515625
0 0.458984375 0.01171875 0.025390625 0.021484375
0 0.474609375 0.0166015625 0.0234375 0.03125
0 0.49609375 0.01904296875 0.02734375 0.0361328125
0 0.45947265625 0.046875 0.0302734375 0.0390625
0 0.4755859375 0.05419921875 0.02734375 0.0341796875
0 0.494140625 0.060546875 0.02734375 0.03515625
0 0.51513671875 0.0283203125 0.0283203125 0.03515625
0 0.52734375 0.04052734375 0.02734375 0.0361328125
0 0.5107421875 0.07568359375 0.02734375 0.0380859375
0 0.54833984375 0.0478515625 0.0302734375 0.037109375
0 0.52685546875 0.0830078125 0.0283203125 0.037109375
0 0.5634765625 0.05859375 0.02734375 0.037109375
0 0.546875 0.09033203125 0.02734375 0.0361328125
0 0.58203125 0.06689453125 0.02734375 0.0380859375
0 0.5634765625 0.10302734375 0.029296875 0.0380859375
0 0.6005859375 0.078125 0.029296875 0.0390625
0 0.5810546875 0.1123046875 0.02734375 0.0390625
0 0.59912109375 0.1201171875 0.0302734375 0.0390625
0 0.37744140625 0.1083984375 0.0283203125 0.037109375
0 0.34228515625 0.1337890625 0.0263671875 0.03515625
0 0.36083984375 0.13916015625 0.0263671875 0.0341796875
0 0.396484375 0.11572265625 0.029296875 0.0380859375
0 0.37646484375 0.1533203125 0.0283203125 0.0390625
0 0.4130859375 0.126953125 0.02734375 0.0390625
