0 0.453125 0.572265625 0.0390625 0.029296875
1 0.5966796875 0.6201171875 0.095703125 0.06640625
0 0.27734375 0.98046875 0.046875 0.037109375
0 0.22509765625 0.97705078125 0.0400390625 0.0302734375
0 0.2158203125 0.99169921875 0.03515625 0.0166015625
0 0.28369140625 0.9599609375 0.0400390625 0.03125
0 0.23486328125 0.95751953125 0.0439453125 0.0341796875
0 0.2470703125 0.93994140625 0.0390625 0.0302734375
0 0.29150390625 0.86328125 0.0380859375 0.03125
0 0.1474609375 0.81005859375 0.04296875 0.0361328125
0 0.1875 0.82666015625 0.037109375 0.0322265625
0 0.17724609375 0.84765625 0.0380859375 0.03125
0 0.16845703125 0.87109375 0.0380859375 0.03125
0 0.3134765625 0.8232421875 0.03515625 0.029296875
0 0.302734375 0.84130859375 0.0390625 0.0322265625
0 0.3271484375 0.88330078125 0.041015625 0.0341796875
0 0.2939453125 0.9384765625 0.03515625 0.029296875
0 0.1572265625 0.89013671875 0.0390625 0.0302734375
0 0.14794921875 0.91064453125 0.0419921875 0.0322265625
0 0.2822265625 0.8798828125 0.037109375 0.03125
0 0.26708984375 0.9013671875 0.0380859375 0.03125
0 0.30517578125 0.92041015625 0.0361328125 0.0302734375
0 0.251953125 0.916015625 0.048828125 0.0390625
0 0.38232421875 0.9892578125 0.0380859375 0.021484375
0 0.42822265625 0.98974609375 0.0361328125 0.0205078125
0 0.390625 0.97265625 0.0390625 0.03125
0 0.48876953125 0.802734375 0.0400390625 0.03125
0 0.58935546875 0.9287109375 0.0400390625 0.033203125
0 0.59814453125 0.90966796875 0.0400390625 0.0302734375
0 0.50390625 0.8603515625 0.048828125 0.0390625
0 0.4775390625 0.8193359375 0.0390625 0.03125
0 0.51806640625 0.83984375 0.0439453125 0.03515625
0 0.384765625 0.80712890625 0.041015625 0.0380859375
0 0.53515625 0.80078125 0.041015625 0.03125
0 0.43798828125 0.9755859375 0.0400390625 0.03125
0 0.529296875 0.8212890625 0.041015625 0.03125
0 0.62890625 0.94970703125 0.04296875 0.0322265625
0 0.6396484375 0.93115234375 0.0390625 0.0283203125
0 0.7412109375 0.8798828125 0.03515625 0.041015625
0 0.6171875 0.67529296875 0.0390625 0.0283203125
0 0.6708984375 0.87646484375 0.04296875 0.0322265625
0 0.6123046875 0.9697265625 0.041015625 0.033203125
0 0.5703125 0.9443359375 0.0390625 0.03125
0 0.35302734375 0.84375 0.0439453125 0.03125
0 0.48876953125 0.87646484375 0.0478515625 0.0380859375
0 0.4833984375 0.89990234375 0.0390625 0.0322265625
0 0.44775390625 0.8779296875 0.0400390625 0.03125
0 0.421875 0.90869140625 0.041015625 0.0361328125
0 0.4755859375 0.91943359375 0.0390625 0.0302734375
0 0.46142578125 0.93310546875 0.0341796875 0.0263671875
0 0.45166015625 0.951171875 0.0458984375 0.0390625
0 0.40869140625 0.93310546875 0.0419921875 0.0283203125
0 0.4013671875 0.951171875 0.04296875 0.029296875
0 0.56298828125 0.9658203125 0.0419921875 0.03125
0 0.552734375 0.984375 0.04296875 0.03125
0 0.162109375 0.78955078125 0.041015625 0.0302734375
0 0.173828125 0.7705078125 0.037109375 0.029296875
0 0.3330078125 0.78076171875 0.041015625 0.0341796875
0 0.0048828125 0.59912109375 0.0078125 0.0185546875
0 0.01318359375 0.55615234375 0.0244140625 0.0263671875
0 0.22216796875 0.771484375 0.0400390625 0.03515625
0 0.0576171875 0.45556640625 0.0390625 0.0302734375
0 0.0732421875 0.74072265625 0.041015625 0.0341796875
0 0.0322265625 0.7177734375 0.041015625 0.033203125
0 0.08251953125 0.72314453125 0.0380859375 0.0322265625
0 0.1064453125 0.68212890625 0.04296875 0.0322265625
0 0.07763671875 0.64111328125 0.0400390625 0.0322265625
0 0.08203125 0.62060546875 0.04296875 0.0322265625
0 0.099609375 0.38037109375 0.04296875 0.0341796875
0 0.19287109375 0.43359375 0.0400390625 0.029296875
1 0.25830078125 0.4267578125 0.0537109375 0.04296875
0 0.2666015625 0.6923828125 0.0390625 0.03125
0 0.255859375 0.71484375 0.0390625 0.03125
0 0.19091796875 0.72900390625 0.0439453125 0.0322265625
0 0.1826171875 0.7529296875 0.041015625 0.03125
0 0.13623046875 0.82763671875 0.0400390625 0.0302734375
0 0.0537109375 0.78125 0.041015625 0.03125
0 0.04638671875 0.7998046875 0.0400390625 0.03125
0 0.00830078125 0.80078125 0.0146484375 0.0234375
0 0.12548828125 0.84765625 0.0439453125 0.033203125
0 0.1142578125 0.86279296875 0.03515625 0.0283203125
0 0.109375 0.888671875 0.041015625 0.03125
0 0.13330078125 0.9267578125 0.0380859375 0.03125
0 0.09765625 0.90478515625 0.037109375 0.0322265625
0 0.083984375 0.92333984375 0.0390625 0.0322265625
0 0.07373046875 0.94482421875 0.0400390625 0.0322265625
0 0.107421875 0.97705078125 0.04296875 0.0322265625
0 0.0166015625 0.8349609375 0.03125 0.03125
0 0.013671875 0.8603515625 0.025390625 0.029296875
