0 0.2607421875 0.103515625 0.029296875 0.037109375
0 0.12255859375 0.06982421875 0.0263671875 0.0341796875
0 0.158203125 0.044921875 0.02734375 0.037109375
0 0.13916015625 0.08056640625 0.0283203125 0.0380859375
0 0.17626953125 0.05517578125 0.0283203125 0.0361328125
0 0.15869140625 0.087890625 0.0283203125 0.037109375
0 0.19287109375 0.06396484375 0.0302734375 0.0400390625
0 0.17626953125 0.09912109375 0.0263671875 0.0380859375
0 0.20947265625 0.0732421875 0.0263671875 0.033203125
0 0.193359375 0.103515625 0.02734375 0.03515625
0 0.22802734375 0.0791015625 0.0302734375 0.0390625
0 0.20849609375 0.11376953125 0.0283203125 0.0341796875
0 0.24560546875 0.087890625 0.0302734375 0.041015625
0 0.2255859375 0.12451171875 0.029296875 0.0380859375
0 0.244140625 0.13623046875 0.029296875 0.0380859375
0 0.2783203125 0.11181640625 0.029296875 0.0380859375
0 0.26171875 0.14453125 0.02734375 0.037109375
0 0.29736328125 0.12109375 0.0283203125 0.037109375
0 0.27978515625 0.1552734375 0.0283203125 0.03515625
0 0.2939453125 0.1669921875 0.029296875 0.037109375
0 0.3125 0.1337890625 0.02734375 0.037109375
0 0.3310546875 0.14111328125 0.029296875 0.0361328125
0 0.3134765625 0.17333984375 0.029296875 0.0341796875
0 0.33154296875 0.18359375 0.0263671875 0.037109375
0 0.0947265625 0.1591796875 0.03125 0.0390625
0 0.111328125 0.17138671875 0.029296875 0.0361328125
0 0.0908203125 0.2041015625 0.029296875 0.0390625
0 0.1279296875 0.18017578125 0.033203125 0.0400390625
0 0.14111328125 0.03564453125 0.0302734375 0.0380859375
0 0.1044921875 0.06005859375 0.03125 0.0380859375
0 0.125 0.02587890625 0.03125 0.0380859375
0 0.08837890625 0.046875 0.0263671875 0.033203125
0 0.27099609375 0.0078125 0.0185546875 0.013671875
0 0.2900390625 0.0166015625 0.02734375 0.03125
0 0.306640625 0.02099609375 0.02734375 0.0341796875
0 0.33984375 0.0087890625 0.021484375 0.015625
0 0.32470703125 0.03125 0.0263671875 0.03515625
0 0.3603515625 0.01318359375 0.02734375 0.0244140625
0 0.08935546875 0.0126953125 0.0244140625 0.0234375
0 0.10791015625 0.01708984375 0.0263671875 0.0322265625
0 0.10693359375 0.2158203125 0.0302734375 0.0390625
0 0.14404296875 0.19189453125 0.0283203125 0.0361328125
0 0.12158203125 0.22998046875 0.0322265625 0.0419921875
0 0.16748046875 0.3525390625 0.0283203125 0.0390625
0 0.14794921875 0.388671875 0.0283203125 0.03515625
0 0.16845703125 0.39453125 0.0302734375 0.037109375
0 0.1826171875 0.40869140625 0.029296875 0.0361328125
0 0.20068359375 0.369140625 0.0263671875 0.041015625
0 0.21923828125 0.37939453125 0.0302734375 0.0419921875
0 0.20068359375 0.41650390625 0.0283203125 0.0361328125
0 0.23779296875 0.38916015625 0.0283203125 0.0400390625
0 0.21728515625 0.42626953125 0.0302734375 0.0380859375
0 0.25634765625 0.3984375 0.0302734375 0.0390625
0 0.23681640625 0.43798828125 0.0302734375 0.0400390625
0 0.27392578125 0.4072265625 0.0263671875 0.037109375
0 0.25439453125 0.4443359375 0.0302734375 0.04296875
0 0.29345703125 0.41259765625 0.0263671875 0.0361328125
0 0.30810546875 0.42724609375 0.0283203125 0.0361328125
0 0.3271484375 0.4384765625 0.025390625 0.033203125
0 0.3447265625 0.44482421875 0.029296875 0.0380859375
0 0.31005859375 0.47705078125 0.0283203125 0.0380859375
0 0.333984375 0.48974609375 0.02734375 0.0361328125
0 0.09814453125 0.47412109375 0.0283203125 0.0361328125
0 0.11865234375 0.478515625 0.0263671875 0.03515625
0 0.13671875 0.48681640625 0.025390625 0.0341796875
0 0.15576171875 0.49755859375 0.0263671875 0.0341796875
0 0.1181640625 0.52197265625 0.03125 0.0380859375
0 0.13720703125 0.53271484375 0.0302734375 0.0400390625
0 0.17236328125 0.50830078125 0.0283203125 0.0361328125
0 0.1533203125 0.541015625 0.02734375 0.03515625
0 0.18994140625 0.515625 0.0302734375 0.0390625
0 0.18505859375 0.359375 0.0263671875 0.0390625
0 0.15185546875 0.3408203125 0.0302734375 0.03515625
0 0.16259765625 0.2021484375 0.0302734375 0.037109375
0 0.11328125 0.3662109375 0.02734375 0.03515625
0 0.140625 0.234375 0.03125 0.0390625
0 0.18115234375 0.208984375 0.0283203125 0.037109375
0 0.16259765625 0.23876953125 0.0283203125 0.0380859375
0 0.17822265625 0.25341796875 0.0322265625 0.0400390625
0 0.1962890625 0.26416015625 0.03125 0.0380859375
0 0.19775390625 0.21728515625 0.0322265625 0.0419921875
0 0.2177734375 0.2275390625 0.03125 0.0390625
0 0.23486328125 0.23486328125 0.0322265625 0.0400390625
0 0.216796875 0.2744140625 0.02734375 0.03515625
0 0.251953125 0.2431640625 0.033203125 0.0390625
0 0.23388671875 0.28076171875 0.0283203125 0.0380859375
0 0.265625 0.25732421875 0.02734375 0.0341796875
0 0.248046875 0.291015625 0.02734375 0.037109375
0 0.2841796875 0.26611328125 0.029296875 0.0361328125
0 0.26416015625 0.30126953125 0.0302734375 0.0400390625
0 0.279296875 0.314453125 0.02734375 0.03515625
0 0.29931640625 0.31982421875 0.0302734375 0.0400390625
0 0.2978515625 0.28076171875 0.02734375 0.0361328125
0 0.3193359375 0.2861328125 0.02734375 0.0390625
0 0.13525390625 0.2900390625 0.0439453125 0.03125
0 0.33837890625 0.29052734375 0.0283203125 0.0380859375
0 0.31884765625 0.3271484375 0.0322265625 0.0390625
0 0.33544921875 0.337890625 0.0302734375 0.0390625
0 0.09765625 0.31494140625 0.025390625 0.0361328125
0 0.1162109375 0.322265625 0.02734375 0.03515625
0 0.0947265625 0.357421875 0.02734375 0.03515625
0 0.13427734375 0.3330078125 0.0302734375 0.0390625
0 0.6328125 0.05029296875 0.03125 0.0400390625
0 0.01171875 0.15283203125 0.021484375 0.0361328125
0 0.04248046875 0.126953125 0.0283203125 0.0390625
0 0.02294921875 0.16259765625 0.0283203125 0.0361328125
0 0.06005859375 0.13818359375 0.0302734375 0.0380859375
0 0.041015625 0.171875 0.02734375 0.033203125
0 0.0751953125 0.15234375 0.02734375 0.03515625
0 0.05810546875 0.1826171875 0.0283203125 0.03515625
0 0.07275390625 0.1953125 0.0263671875 0.03515625
0 0.013671875 0.30859375 0.025390625 0.0390625
0 0.0478515625 0.32666015625 0.02734375 0.0361328125
0 0.0458984375 0.28662109375 0.025390625 0.0341796875
0 0.0654296875 0.29248046875 0.029296875 0.0380859375
0 0.08056640625 0.3056640625 0.0263671875 0.033203125
0 0.0634765625 0.34033203125 0.029296875 0.0380859375
0 0.0166015625 0.42041015625 0.029296875 0.0361328125
0 0.052734375 0.43603515625 0.03125 0.0419921875
0 0.03076171875 0.47314453125 0.0302734375 0.0380859375
0 0.0693359375 0.45068359375 0.02734375 0.0361328125
0 0.06640625 0.49365234375 0.02734375 0.0341796875
0 0.08349609375 0.4609375 0.0283203125 0.037109375
0 0.025390625 0.12060546875 0.02734375 0.0341796875
0 0.01318359375 0.111328125 0.0244140625 0.0390625
0 0.01513671875 0.01708984375 0.0263671875 0.0322265625
0 0.046875 0.00439453125 0.015625 0.0068359375
0 0.06591796875 0.00732421875 0.0205078125 0.0126953125
0 0.0361328125 0.021484375 0.02734375 0.037109375
0 0.0537109375 0.0341796875 0.02734375 0.0390625
0 0.07275390625 0.04052734375 0.0283203125 0.0380859375
0 0.02880859375 0.72607421875 0.0302734375 0.0419921875
0 0.02587890625 0.7724609375 0.0263671875 0.03515625
0 0.06298828125 0.74609375 0.0283203125 0.037109375
0 0.044921875 0.78076171875 0.03125 0.0400390625
0 0.07958984375 0.75830078125 0.0283203125 0.0361328125
0 0.07763671875 0.8037109375 0.0322265625 0.04296875
0 0.04443359375 0.73779296875 0.0302734375 0.0419921875
0 0.01220703125 0.7626953125 0.0224609375 0.033203125
0 0.0234375 0.5712890625 0.03125 0.04296875
0 0.04052734375 0.583984375 0.0302734375 0.04296875
0 0.01904296875 0.61767578125 0.0322265625 0.0400390625
0 0.0361328125 0.625 0.02734375 0.03515625
0 0.0537109375 0.63525390625 0.029296875 0.0419921875
0 0.07177734375 0.64501953125 0.0302734375 0.0419921875
0 0.01220703125 0.720703125 0.0224609375 0.0390625
0 0.205078125 0.52978515625 0.029296875 0.0361328125
0 0.2255859375 0.53369140625 0.029296875 0.0380859375
0 0.2060546875 0.56787109375 0.03125 0.0400390625
0 0.19384765625 0.71435546875 0.0263671875 0.0361328125
0 0.1083984375 0.62451171875 0.029296875 0.0361328125
0 0.125 0.63232421875 0.02734375 0.0380859375
0 0.08984375 0.65625 0.02734375 0.03515625
0 0.107421875 0.6689453125 0.029296875 0.037109375
0 0.142578125 0.64208984375 0.029296875 0.0419921875
0 0.12548828125 0.67724609375 0.0283203125 0.0380859375
0 0.162109375 0.65234375 0.029296875 0.037109375
0 0.140625 0.68994140625 0.029296875 0.0380859375
0 0.1767578125 0.6630859375 0.029296875 0.037109375
0 0.15869140625 0.69775390625 0.0283203125 0.0361328125
0 0.1962890625 0.671875 0.029296875 0.0390625
0 0.1767578125 0.708984375 0.029296875 0.041015625
0 0.212890625 0.68115234375 0.02734375 0.0380859375
0 0.22998046875 0.6884765625 0.0263671875 0.037109375
0 0.2412109375 0.54833984375 0.025390625 0.0341796875
0 0.21142578125 0.72509765625 0.0283203125 0.0361328125
0 0.2490234375 0.69873046875 0.029296875 0.0400390625
0 0.23046875 0.7353515625 0.029296875 0.037109375
0 0.26708984375 0.7080078125 0.0283203125 0.041015625
0 0.2880859375 0.712890625 0.02734375 0.037109375
0 0.25634765625 0.75 0.0263671875 0.037109375
0 0.09814453125 0.7685546875 0.0302734375 0.037109375
0 0.11328125 0.78076171875 0.025390625 0.0400390625
0 0.146484375 0.80224609375 0.02734375 0.0361328125
0 0.1669921875 0.8115234375 0.025390625 0.033203125
0 0.0595703125 0.7958984375 0.029296875 0.037109375
0 0.31396484375 0.77490234375 0.0341796875 0.0361328125
0 0.09228515625 0.61181640625 0.0263671875 0.0361328125
0 0.326171875 0.640625 0.03125 0.0390625
0 0.3095703125 0.6259765625 0.029296875 0.041015625
0 0.29150390625 0.61767578125 0.0283203125 0.0380859375
0 0.46875 0.2607421875 0.03125 0.0390625
0 0.5048828125 0.2373046875 0.02734375 0.037109375
0 0.5244140625 0.24267578125 0.029296875 0.0380859375
0 0.486328125 0.2724609375 0.029296875 0.037109375
0 0.50537109375 0.28076171875 0.0283203125 0.0361328125
0 0.35546875 0.30029296875 0.029296875 0.0380859375
0 0.373046875 0.31005859375 0.029296875 0.0380859375
0 0.35302734375 0.34423828125 0.0283203125 0.0380859375
0 0.390625 0.318359375 0.02734375 0.03515625
0 0.37060546875 0.3544921875 0.0302734375 0.0390625
0 0.388671875 0.36474609375 0.02734375 0.0361328125
0 0.40771484375 0.3310546875 0.0302734375 0.037109375
0 0.4267578125 0.33935546875 0.029296875 0.0380859375
0 0.40576171875 0.375 0.0263671875 0.037109375
0 0.4404296875 0.35400390625 0.02734375 0.0341796875
0 0.46337890625 0.3583984375 0.0263671875 0.033203125
0 0.42236328125 0.38671875 0.0302734375 0.0390625
0 0.44140625 0.39794921875 0.03515625 0.0458984375
1 0.50244140625 0.46240234375 0.0498046875 0.0791015625
0 0.36181640625 0.45654296875 0.0283203125 0.0400390625
0 0.37939453125 0.46826171875 0.0263671875 0.0380859375
0 0.396484375 0.47705078125 0.02734375 0.0380859375
0 0.3779296875 0.5166015625 0.03125 0.041015625
1 0.45458984375 0.587890625 0.0517578125 0.080078125
0 0.36474609375 0.61279296875 0.0302734375 0.0419921875
0 0.2568359375 0.60009765625 0.029296875 0.0400390625
0 0.27490234375 0.607421875 0.0302734375 0.0390625
0 0.61279296875 0.0068359375 0.0166015625 0.01171875
0 0.6337890625 0.01171875 0.021484375 0.021484375
0 0.615234375 0.0400390625 0.02734375 0.037109375
0 0.65478515625 0.0166015625 0.0283203125 0.03125
0 0.4853515625 0.22998046875 0.025390625 0.0322265625
0 0.4521484375 0.2470703125 0.02734375 0.03515625
0 0.47119140625 0.21533203125 0.0283203125 0.0361328125
0 0.25927734375 0.5537109375 0.0302734375 0.037109375
0 0.23974609375 0.59130859375 0.0302734375 0.0380859375
0 0.27734375 0.56396484375 0.029296875 0.0361328125
0 0.3193359375 0.58642578125 0.029296875 0.0361328125
0 0.45458984375 0.20556640625 0.0283203125 0.0361328125
0 0.41259765625 0.07763671875 0.0263671875 0.0361328125
0 0.43115234375 0.08544921875 0.0283203125 0.0361328125
0 0.46533203125 0.0625 0.0322265625 0.041015625
0 0.447265625 0.09814453125 0.029296875 0.0380859375
0 0.482421875 0.076171875 0.029296875 0.037109375
0 0.46435546875 0.10595703125 0.0283203125 0.0361328125
0 0.48095703125 0.11572265625 0.0283203125 0.0419921875
0 0.501953125 0.08251953125 0.029296875 0.0380859375
0 0.521484375 0.08642578125 0.02734375 0.0380859375
0 0.50146484375 0.1279296875 0.0283203125 0.037109375
0 0.53515625 0.10205078125 0.025390625 0.0361328125
0 0.55517578125 0.107421875 0.0302734375 0.041015625
0 0.5732421875 0.11474609375 0.025390625 0.0380859375
0 0.59033203125 0.1279296875 0.0263671875 0.03515625
0 0.53857421875 0.15283203125 0.0283203125 0.0380859375
0 0.568359375 0.16650390625 0.029296875 0.0380859375
0 0.34912109375 0.14794921875 0.0283203125 0.0380859375
0 0.34765625 0.193359375 0.029296875 0.0390625
0 0.3671875 0.15869140625 0.03125 0.0400390625
0 0.38427734375 0.16943359375 0.0302734375 0.0380859375
0 0.40283203125 0.173828125 0.0263671875 0.03515625
0 0.3642578125 0.2041015625 0.029296875 0.0390625
0 0.3837890625 0.21044921875 0.025390625 0.0341796875
0 0.42041015625 0.18408203125 0.0283203125 0.0361328125
0 0.40234375 0.2158203125 0.025390625 0.03515625
0 0.43505859375 0.19873046875 0.0283203125 0.0380859375
0 0.4189453125 0.23046875 0.025390625 0.033203125
0 0.435546875 0.23828125 0.029296875 0.037109375
0 0.4482421875 0.052734375 0.02734375 0.0390625
0 0.43115234375 0.0458984375 0.0244140625 0.037109375
0 0.39404296875 0.0712890625 0.0283203125 0.037109375
0 0.5205078125 0.0048828125 0.015625 0.0078125
0 0.54248046875 0.00830078125 0.0185546875 0.0146484375
0 0.56298828125 0.01513671875 0.0283203125 0.0283203125
0 0.5810546875 0.01953125 0.02734375 0.0390625
0 0.59912109375 0.02734375 0.0302734375 0.0390625
0 0.3759765625 0.017578125 0.025390625 0.033203125
0 0.34228515625 0.041015625 0.0263671875 0.03515625
0 0.36083984375 0.04638671875 0.0263671875 0.0341796875
0 0.396484375 0.02294921875 0.029296875 0.0380859375
0 0.37646484375 0.060546875 0.0283203125 0.0390625
0 0.4130859375 0.0341796875 0.02734375 0.0390625
