0 0.3173828125 0.53125 0.044921875 0.033203125
0 0.298828125 0.47216796875 0.044921875 0.0341796875
0 0.33837890625 0.494140625 0.0419921875 0.033203125
0 0.48583984375 0.5234375 0.0380859375 0.029296875
0 0.326171875 0.51171875 0.04296875 0.03125
0 0.4384765625 0.52392578125 0.03515625 0.0283203125
0 0.48193359375 0.54638671875 0.0400390625 0.0341796875
0 0.4326171875 0.54541015625 0.041015625 0.0302734375
0 0.34765625 0.47119140625 0.0390625 0.0302734375
0 0.47216796875 0.56640625 0.0361328125 0.029296875
0 0.30712890625 0.5517578125 0.0400390625 0.03125
0 0.4248046875 0.5654296875 0.037109375 0.03125
0 0.4599609375 0.58544921875 0.0390625 0.0322265625
0 0.41015625 0.580078125 0.041015625 0.033203125
0 0.4462890625 0.60400390625 0.041015625 0.0322265625
0 0.310546875 0.451171875 0.041015625 0.03125
0 0.498046875 0.5048828125 0.04296875 0.033203125
0 0.58984375 0.5556640625 0.044921875 0.03515625
0 0.49462890625 0.42626953125 0.0400390625 0.0302734375
0 0.3642578125 0.35791015625 0.04296875 0.0341796875
0 0.4052734375 0.3798828125 0.044921875 0.037109375
0 0.51904296875 0.38671875 0.0380859375 0.029296875
0 0.5087890625 0.4072265625 0.0390625 0.03125
0 0.396484375 0.39892578125 0.048828125 0.0380859375
0 0.34326171875 0.39453125 0.0400390625 0.033203125
0 0.3310546875 0.41015625 0.0390625 0.029296875
0 0.46240234375 0.48388671875 0.0361328125 0.0302734375
0 0.36767578125 0.43115234375 0.0419921875 0.0302734375
0 0.3203125 0.42724609375 0.0390625 0.0283203125
0 0.36328125 0.45654296875 0.041015625 0.0302734375
0 0.52392578125 0.47021484375 0.0478515625 0.0380859375
0 0.47119140625 0.46435546875 0.0400390625 0.0361328125
0 0.50830078125 0.4833984375 0.0419921875 0.033203125
0 0.39453125 0.59765625 0.0390625 0.029296875
0 0.3203125 0.62158203125 0.04296875 0.0185546875
0 0.43505859375 0.623046875 0.0419921875 0.033203125
0 0.5478515625 0.43115234375 0.0390625 0.0322265625
0 0.75439453125 0.34716796875 0.0517578125 0.0400390625
0 0.55810546875 0.31396484375 0.0380859375 0.0322265625
0 0.54248046875 0.330078125 0.0458984375 0.033203125
0 0.57421875 0.3681640625 0.0390625 0.03125
0 0.56396484375 0.38720703125 0.0419921875 0.0361328125
0 0.662109375 0.42041015625 0.0390625 0.0283203125
0 0.64208984375 0.45556640625 0.0419921875 0.0361328125
0 0.380859375 0.61474609375 0.04296875 0.0341796875
0 0.68115234375 0.47998046875 0.0400390625 0.0322265625
0 0.63134765625 0.47802734375 0.0419921875 0.0361328125
0 0.67431640625 0.5009765625 0.0419921875 0.037109375
0 0.74853515625 0.5693359375 0.0400390625 0.03125
0 0.66015625 0.5205078125 0.041015625 0.03125
0 0.64892578125 0.54052734375 0.0419921875 0.0341796875
0 0.5673828125 0.2958984375 0.041015625 0.033203125
0 0.724609375 0.3046875 0.041015625 0.033203125
0 0.580078125 0.27490234375 0.041015625 0.0341796875
0 0.62548828125 0.2763671875 0.0380859375 0.03125
0 0.59814453125 0.232421875 0.0439453125 0.037109375
0 0.53515625 0.75244140625 0.0390625 0.0283203125
0 0.49462890625 0.73095703125 0.0380859375 0.0302734375
0 0.5048828125 0.7109375 0.041015625 0.033203125
0 0.41015625 0.68603515625 0.04296875 0.0341796875
0 0.359375 0.66796875 0.04296875 0.03515625
0 0.3759765625 0.63916015625 0.04296875 0.0341796875
0 0.41845703125 0.66162109375 0.0380859375 0.0302734375
0 0.515625 0.69140625 0.0390625 0.033203125
0 0.5234375 0.671875 0.04296875 0.033203125
0 0.53466796875 0.65234375 0.0400390625 0.03125
0 0.4208984375 0.6376953125 0.0390625 0.03125
0 0.37890625 0.33642578125 0.048828125 0.0380859375
0 0.52685546875 0.36474609375 0.0400390625 0.0341796875
0 0.53173828125 0.34619140625 0.0361328125 0.0283203125
0 0.18017578125 0.48095703125 0.0419921875 0.0322265625
1 0.0771484375 0.3935546875 0.044921875 0.056640625
0 0.20947265625 0.41943359375 0.0380859375 0.0283203125
0 0.158203125 0.41845703125 0.04296875 0.0341796875
0 0.19873046875 0.43994140625 0.0400390625 0.0322265625
0 0.14990234375 0.43798828125 0.0419921875 0.0341796875
0 0.19140625 0.45947265625 0.04296875 0.0341796875
0 0.1630859375 0.4970703125 0.0390625 0.03515625
0 0.28955078125 0.57470703125 0.0380859375 0.0322265625
0 0.15478515625 0.521484375 0.0400390625 0.03125
0 0.27978515625 0.5126953125 0.0400390625 0.033203125
0 0.2880859375 0.48876953125 0.0390625 0.0322265625
0 0.267578125 0.5322265625 0.041015625 0.033203125
0 0.25439453125 0.55224609375 0.0419921875 0.0341796875
0 0.24072265625 0.5693359375 0.0380859375 0.03125
0 0.17138671875 0.3974609375 0.0419921875 0.03125
0 0.22021484375 0.40087890625 0.0361328125 0.0283203125
0 0.18212890625 0.37890625 0.0400390625 0.03125
0 0.23046875 0.38232421875 0.0390625 0.0322265625
0 0.1923828125 0.361328125 0.041015625 0.033203125
0 0.23974609375 0.36181640625 0.0400390625 0.0322265625
0 0.20068359375 0.3408203125 0.0380859375 0.033203125
0 0.24853515625 0.34326171875 0.0419921875 0.0322265625
0 0.21240234375 0.3203125 0.0400390625 0.029296875
0 0.26318359375 0.3251953125 0.0380859375 0.03125
0 0.27783203125 0.30810546875 0.0478515625 0.0380859375
0 0.283203125 0.2861328125 0.03515625 0.029296875
0 0.22705078125 0.30517578125 0.0400390625 0.0322265625
0 0.2373046875 0.2841796875 0.041015625 0.033203125
0 0.248046875 0.265625 0.041015625 0.03125
0 0.2548828125 0.24462890625 0.04296875 0.0322265625
0 0.267578125 0.22216796875 0.0390625 0.0302734375
0 0.09814453125 0.63134765625 0.0400390625 0.0302734375
0 0.29638671875 0.1669921875 0.0419921875 0.02734375
0 0.427734375 0.34033203125 0.037109375 0.0302734375
0 0.42138671875 0.2607421875 0.0439453125 0.033203125
0 0.2900390625 0.1875 0.0390625 0.029296875
0 0.4423828125 0.22265625 0.041015625 0.029296875
0 0.4814453125 0.2431640625 0.037109375 0.03125
0 0.3203125 0.228515625 0.041015625 0.03125
0 0.30615234375 0.24755859375 0.0419921875 0.0322265625
0 0.4306640625 0.2392578125 0.0390625 0.03125
0 0.4580078125 0.28271484375 0.041015625 0.0341796875
0 0.3076171875 0.1494140625 0.04296875 0.029296875
0 0.341796875 0.27880859375 0.0234375 0.0400390625
0 0.408203125 0.2802734375 0.037109375 0.029296875
0 0.44873046875 0.30224609375 0.0439453125 0.0341796875
0 0.400390625 0.29931640625 0.0390625 0.0283203125
0 0.435546875 0.32080078125 0.041015625 0.0341796875
0 0.38720703125 0.31689453125 0.0419921875 0.0322265625
0 0.330078125 0.2080078125 0.0390625 0.03125
0 0.33984375 0.18701171875 0.04296875 0.0302734375
0 0.4853515625 0.22119140625 0.0390625 0.0302734375
0 0.4453125 0.1982421875 0.041015625 0.03125
0 0.44775390625 0.1767578125 0.0400390625 0.033203125
0 0.34814453125 0.16796875 0.0400390625 0.03125
0 0.36181640625 0.1513671875 0.0419921875 0.033203125
0 0.51025390625 0.1845703125 0.0419921875 0.033203125
0 0.46923828125 0.16357421875 0.0400390625 0.0341796875
0 0.5302734375 0.14599609375 0.041015625 0.0322265625
0 0.49169921875 0.125 0.0400390625 0.033203125
0 0.400390625 0.07568359375 0.0390625 0.0322265625
0 0.38916015625 0.09228515625 0.0380859375 0.0302734375
0 0.3798828125 0.11376953125 0.04296875 0.0322265625
0 0.34326171875 0.0888671875 0.0400390625 0.029296875
0 0.33154296875 0.1103515625 0.0439453125 0.033203125
0 0.32080078125 0.13134765625 0.0419921875 0.0341796875
0 0.640625 0.55859375 0.037109375 0.029296875
0 0.62890625 0.5771484375 0.037109375 0.02734375
0 0.5849609375 0.578125 0.03515625 0.02734375
0 0.9521484375 0.81005859375 0.04296875 0.0361328125
0 0.98681640625 0.8251953125 0.0263671875 0.029296875
0 0.9814453125 0.84765625 0.037109375 0.03125
0 0.97314453125 0.87109375 0.0380859375 0.03125
0 0.9619140625 0.89013671875 0.0390625 0.0302734375
0 0.95263671875 0.91064453125 0.0419921875 0.0322265625
0 0.966796875 0.78955078125 0.041015625 0.0302734375
0 0.978515625 0.7705078125 0.037109375 0.029296875
0 0.71533203125 0.72802734375 0.0458984375 0.0361328125
0 0.74462890625 0.66650390625 0.0380859375 0.0283203125
0 0.6865234375 0.6865234375 0.0390625 0.03125
0 0.7373046875 0.68994140625 0.041015625 0.0302734375
0 0.724609375 0.70703125 0.0390625 0.03125
0 0.5625 0.69287109375 0.04296875 0.0322265625
0 0.6748046875 0.7060546875 0.044921875 0.033203125
0 0.6640625 0.7255859375 0.037109375 0.03125
0 0.66943359375 0.80615234375 0.0400390625 0.0341796875
0 0.5517578125 0.7109375 0.0390625 0.03125
0 0.65185546875 0.7451171875 0.0439453125 0.033203125
0 0.6904296875 0.76611328125 0.0390625 0.0322265625
0 0.54345703125 0.73388671875 0.0439453125 0.0322265625
0 0.6435546875 0.76513671875 0.03515625 0.0302734375
0 0.6796875 0.783203125 0.03515625 0.02734375
0 0.69873046875 0.6669921875 0.0380859375 0.03125
0 0.57666015625 0.6748046875 0.0380859375 0.029296875
0 0.55078125 0.6357421875 0.041015625 0.033203125
0 0.58642578125 0.65625 0.0400390625 0.03125
0 0.7080078125 0.64990234375 0.0390625 0.0302734375
0 0.6025390625 0.6396484375 0.041015625 0.033203125
0 0.7548828125 0.6484375 0.041015625 0.033203125
0 0.71630859375 0.62890625 0.0400390625 0.03125
0 0.76953125 0.63232421875 0.037109375 0.0283203125
0 0.79248046875 0.5927734375 0.0419921875 0.03125
0 0.80908203125 0.5537109375 0.0419921875 0.03125
0 0.77978515625 0.61279296875 0.0361328125 0.0302734375
0 0.72119140625 0.60498046875 0.0380859375 0.0302734375
0 0.560546875 0.615234375 0.037109375 0.029296875
0 0.6103515625 0.61962890625 0.04296875 0.0322265625
0 0.619140625 0.5966796875 0.037109375 0.029296875
0 0.5703125 0.595703125 0.041015625 0.033203125
0 0.63427734375 0.78271484375 0.0380859375 0.0263671875
0 0.623046875 0.80322265625 0.037109375 0.0322265625
0 0.8623046875 0.45556640625 0.0390625 0.0302734375
0 0.8779296875 0.74072265625 0.041015625 0.0341796875
0 0.8369140625 0.7177734375 0.041015625 0.033203125
0 0.88720703125 0.72314453125 0.0380859375 0.0322265625
0 0.9111328125 0.68212890625 0.04296875 0.0322265625
0 0.88232421875 0.64111328125 0.0400390625 0.0322265625
0 0.88671875 0.62060546875 0.04296875 0.0322265625
0 0.904296875 0.38037109375 0.04296875 0.0341796875
0 0.65771484375 0.82373046875 0.0380859375 0.0302734375
0 0.98876953125 0.4306640625 0.0224609375 0.0234375
0 0.98681640625 0.72607421875 0.0263671875 0.0263671875
0 0.9833984375 0.75244140625 0.033203125 0.0302734375
0 0.94091796875 0.82763671875 0.0400390625 0.0302734375
0 0.8583984375 0.78125 0.041015625 0.03125
0 0.85107421875 0.7998046875 0.0400390625 0.03125
0 0.80029296875 0.7958984375 0.0400390625 0.033203125
0 0.93017578125 0.84765625 0.0439453125 0.033203125
0 0.9189453125 0.86279296875 0.03515625 0.0283203125
0 0.9140625 0.888671875 0.041015625 0.03125
0 0.93798828125 0.9267578125 0.0380859375 0.03125
0 0.90234375 0.90478515625 0.037109375 0.0322265625
0 0.888671875 0.92333984375 0.0390625 0.0322265625
0 0.87841796875 0.94482421875 0.0400390625 0.0322265625
0 0.912109375 0.97705078125 0.04296875 0.0322265625
0 0.81640625 0.8349609375 0.041015625 0.03125
0 0.81103515625 0.8583984375 0.0400390625 0.033203125
0 0.75634765625 0.85205078125 0.0380859375 0.0302734375
0 0.75146484375 0.87255859375 0.0400390625 0.0322265625
0 0.79150390625 0.89404296875 0.0439453125 0.0322265625
0 0.27978515625 0.20556640625 0.0380859375 0.0302734375
