10 0.0771484375 0.8974609375 0.15234375 0.154296875
12 0.2490234375 0.736328125 0.0546875 0.09375
12 0.19580078125 0.734375 0.0556640625 0.095703125
8 0.3447265625 0.3759765625 0.041015625 0.0234375
8 0.34619140625 0.33203125 0.0400390625 0.021484375
8 0.2978515625 0.353515625 0.044921875 0.0859375
8 0.25 0.35205078125 0.04296875 0.0869140625
8 0.2021484375 0.3515625 0.04296875 0.0859375
8 0.34765625 0.251953125 0.041015625 0.0234375
8 0.3486328125 0.2080078125 0.041015625 0.0234375
8 0.2998046875 0.22900390625 0.04296875 0.0849609375
8 0.251953125 0.22802734375 0.044921875 0.0849609375
8 0.20361328125 0.22705078125 0.0439453125 0.0830078125
