0 0.04345703125 0.01904296875 0.0361328125 0.0224609375
0 0.037109375 0.04052734375 0.044921875 0.0302734375
8 0.34521484375 0.40380859375 0.1455078125 0.1982421875
8 0.51171875 0.33935546875 0.146484375 0.2021484375
8 0.63671875 0.2939453125 0.14453125 0.19921875
8 0.16162109375 0.80615234375 0.1474609375 0.2001953125
8 0.3310546875 0.74609375 0.14453125 0.19921875
8 0.45361328125 0.69580078125 0.1455078125 0.2001953125
8 0.62255859375 0.63525390625 0.1435546875 0.2001953125
8 0.74853515625 0.587890625 0.1474609375 0.197265625
8 0.4189453125 0.96630859375 0.107421875 0.0673828125
8 0.55419921875 0.94287109375 0.1220703125 0.1142578125
8 0.7265625 0.912109375 0.1328125 0.17578125
8 0.85693359375 0.87841796875 0.1455078125 0.2001953125
8 0.2177734375 0.4501953125 0.146484375 0.19921875
