12 0.42431640625 0.74658203125 0.0830078125 0.0615234375
12 0.42626953125 0.685546875 0.0849609375 0.05859375
8 0.25830078125 0.72265625 0.0458984375 0.087890625
8 0.20947265625 0.72021484375 0.0458984375 0.0888671875
1 0.2666015625 0.41455078125 0.0234375 0.0400390625
8 0.201171875 0.35693359375 0.0546875 0.0908203125
8 0.14404296875 0.349609375 0.0556640625 0.091796875
8 0.23779296875 0.2294921875 0.0537109375 0.091796875
8 0.18017578125 0.2216796875 0.0537109375 0.091796875
8 0.27001953125 0.10205078125 0.0537109375 0.0908203125
8 0.21484375 0.0947265625 0.0546875 0.091796875
