1 0.04833984375 0.26123046875 0.0341796875 0.0400390625
1 0.1767578125 0.0048828125 0.0390625 0.0078125
1 0.1748046875 0.0302734375 0.041015625 0.01171875
1 0.1728515625 0.04296875 0.041015625 0.013671875
1 0.12646484375 0.04296875 0.0400390625 0.009765625
1 0.126953125 0.05517578125 0.041015625 0.0126953125
1 0.12255859375 0.08251953125 0.0400390625 0.0126953125
1 0.12158203125 0.09521484375 0.0400390625 0.0126953125
1 0.16796875 0.09765625 0.041015625 0.013671875
1 0.1650390625 0.11279296875 0.04296875 0.0126953125
1 0.1650390625 0.12646484375 0.04296875 0.0126953125
1 0.11865234375 0.123046875 0.0400390625 0.013671875
1 0.07275390625 0.16845703125 0.0107421875 0.0458984375
1 0.22216796875 0.18212890625 0.0126953125 0.0439453125
1 0.23486328125 0.18310546875 0.0107421875 0.0439453125
1 0.24853515625 0.18408203125 0.0126953125 0.0439453125
1 0.26171875 0.18603515625 0.013671875 0.0419921875
1 0.2763671875 0.18701171875 0.01171875 0.0419921875
1 0.28955078125 0.1875 0.0107421875 0.04296875
1 0.31689453125 0.189453125 0.0107421875 0.04296875
1 0.33056640625 0.1904296875 0.0146484375 0.044921875
1 0.38525390625 0.1943359375 0.0146484375 0.044921875
1 0.41259765625 0.19677734375 0.0146484375 0.0439453125
1 0.19482421875 0.181640625 0.0126953125 0.044921875
1 0.1796875 0.1796875 0.013671875 0.044921875
1 0.017578125 0.25927734375 0.033203125 0.0419921875
1 0.02490234375 0.11669921875 0.0439453125 0.0263671875
1 0.03369140625 0.02392578125 0.0439453125 0.0263671875
1 0.302734375 0.40087890625 0.017578125 0.0439453125
1 0.03173828125 0.01220703125 0.0439453125 0.0224609375
1 0.03173828125 0.05322265625 0.0439453125 0.0283203125
1 0.03271484375 0.26123046875 0.0361328125 0.0400390625
1 0.09619140625 0.26416015625 0.0341796875 0.0400390625
1 0.11279296875 0.26513671875 0.0322265625 0.0400390625
1 0.255859375 0.318359375 0.03125 0.037109375
1 0.27197265625 0.31884765625 0.0322265625 0.0400390625
1 0.28662109375 0.3203125 0.0302734375 0.037109375
1 0.302734375 0.32080078125 0.029296875 0.0380859375
1 0.3154296875 0.32421875 0.02734375 0.0390625
1 0.33251953125 0.32373046875 0.0322265625 0.0400390625
1 0.3515625 0.322265625 0.029296875 0.0390625
1 0.3701171875 0.32080078125 0.03125 0.0400390625
1 0.38525390625 0.322265625 0.0302734375 0.0390625
1 0.39990234375 0.326171875 0.0322265625 0.0390625
1 0.46435546875 0.41064453125 0.0126953125 0.0439453125
1 0.54638671875 0.41845703125 0.0146484375 0.0419921875
1 0.560546875 0.4189453125 0.01171875 0.04296875
1 0.57373046875 0.419921875 0.0107421875 0.04296875
1 0.58740234375 0.419921875 0.0107421875 0.04296875
1 0.615234375 0.42138671875 0.01171875 0.0439453125
1 0.64208984375 0.4248046875 0.0107421875 0.04296875
1 0.65673828125 0.4267578125 0.0146484375 0.04296875
1 0.67041015625 0.42724609375 0.0107421875 0.0439453125
1 0.697265625 0.42919921875 0.015625 0.0419921875
1 0.71044921875 0.43115234375 0.0146484375 0.0439453125
1 0.73828125 0.4326171875 0.01171875 0.04296875
1 0.75146484375 0.4326171875 0.0146484375 0.04296875
1 0.7646484375 0.43408203125 0.01171875 0.0439453125
1 0.77880859375 0.43505859375 0.0146484375 0.0439453125
1 0.240234375 0.3173828125 0.03125 0.0390625
1 0.22412109375 0.3134765625 0.0322265625 0.0390625
1 0.2109375 0.31005859375 0.03125 0.0400390625
1 0.349609375 0.27978515625 0.033203125 0.0419921875
1 0.12939453125 0.2646484375 0.0341796875 0.041015625
1 0.14501953125 0.267578125 0.0341796875 0.041015625
1 0.1943359375 0.2666015625 0.033203125 0.041015625
1 0.2109375 0.26513671875 0.03515625 0.0439453125
1 0.22412109375 0.2685546875 0.0341796875 0.0390625
1 0.24267578125 0.26806640625 0.0341796875 0.0439453125
1 0.2548828125 0.2744140625 0.03515625 0.041015625
1 0.2705078125 0.275390625 0.033203125 0.04296875
1 0.2900390625 0.2724609375 0.03515625 0.041015625
1 0.3037109375 0.27490234375 0.033203125 0.0419921875
1 0.3359375 0.27587890625 0.03515625 0.0419921875
1 0.36767578125 0.279296875 0.0361328125 0.04296875
1 0.19287109375 0.31201171875 0.0302734375 0.0380859375
1 0.0185546875 0.30419921875 0.02734375 0.0380859375
1 0.033203125 0.3056640625 0.029296875 0.037109375
1 0.06591796875 0.3037109375 0.0302734375 0.037109375
1 0.08251953125 0.30615234375 0.0302734375 0.0400390625
1 0.09814453125 0.306640625 0.0302734375 0.0390625
1 0.115234375 0.30810546875 0.029296875 0.0400390625
1 0.1806640625 0.39990234375 0.015625 0.0439453125
1 0.15380859375 0.39990234375 0.0146484375 0.0419921875
1 0.12890625 0.310546875 0.029296875 0.0390625
1 0.14697265625 0.30712890625 0.0302734375 0.0400390625
1 0.16357421875 0.3095703125 0.0302734375 0.0390625
1 0.4638671875 0.5390625 0.009765625 0.041015625
1 0.08251953125 0.2607421875 0.0341796875 0.04296875
1 0.1767578125 0.26953125 0.033203125 0.04296875
1 0.00634765625 0.38623046875 0.0107421875 0.0458984375
1 0.01953125 0.38916015625 0.013671875 0.0458984375
1 0.03271484375 0.39013671875 0.0107421875 0.0439453125
1 0.0458984375 0.392578125 0.01171875 0.04296875
1 0.0595703125 0.3935546875 0.013671875 0.044921875
1 0.07421875 0.39501953125 0.013671875 0.0439453125
1 0.087890625 0.39501953125 0.01171875 0.0439453125
1 0.099609375 0.3955078125 0.01171875 0.044921875
1 0.126953125 0.39697265625 0.013671875 0.0439453125
1 0.1396484375 0.3974609375 0.01171875 0.044921875
1 0.16796875 0.39892578125 0.013671875 0.0439453125
1 0.25 0.3974609375 0.01171875 0.04296875
1 0.72509765625 0.43212890625 0.0146484375 0.0419921875
1 0.88818359375 0.44091796875 0.0107421875 0.0458984375
1 0.41455078125 0.53759765625 0.0126953125 0.0439453125
1 0.4267578125 0.53759765625 0.01171875 0.0439453125
1 0.4384765625 0.53857421875 0.009765625 0.0419921875
1 0.140625 0.17724609375 0.01171875 0.0439453125
1 0.03125 0.0380859375 0.044921875 0.029296875
1 0.033203125 0.06982421875 0.044921875 0.0283203125
1 0.021484375 0.15966796875 0.04296875 0.0322265625
1 0.1279296875 0.02734375 0.041015625 0.01171875
1 0.166015625 0.06982421875 0.0390625 0.0107421875
1 0.06005859375 0.166015625 0.0107421875 0.044921875
1 0.099609375 0.17236328125 0.013671875 0.0458984375
1 0.11572265625 0.17431640625 0.0126953125 0.0439453125
1 0.12744140625 0.17529296875 0.0126953125 0.0439453125
1 0.16650390625 0.1787109375 0.0146484375 0.044921875
1 0.2099609375 0.18212890625 0.01171875 0.0439453125
1 0.30419921875 0.18798828125 0.0107421875 0.0439453125
1 0.357421875 0.193359375 0.01171875 0.044921875
1 0.50732421875 0.20458984375 0.0146484375 0.0439453125
1 0.45166015625 0.53857421875 0.0126953125 0.0419921875
1 0.47412109375 0.53955078125 0.0107421875 0.0400390625
1 0.49853515625 0.541015625 0.0107421875 0.04296875
1 0.01806640625 0.5380859375 0.0341796875 0.013671875
1 0.0146484375 0.60400390625 0.02734375 0.0107421875
1 0.01513671875 0.62060546875 0.0283203125 0.0107421875
1 0.01318359375 0.6455078125 0.0244140625 0.009765625
1 0.00830078125 0.68603515625 0.0146484375 0.0107421875
1 0.00732421875 0.7275390625 0.0126953125 0.01171875
1 0.0068359375 0.7421875 0.01171875 0.013671875
1 0.01953125 0.52197265625 0.037109375 0.0107421875
1 0.498046875 0.6044921875 0.009765625 0.04296875
1 0.5107421875 0.5400390625 0.009765625 0.03515625
1 0.53466796875 0.54345703125 0.0087890625 0.0439453125
1 0.5478515625 0.5458984375 0.009765625 0.041015625
1 0.560546875 0.54736328125 0.01171875 0.0439453125
1 0.57275390625 0.54931640625 0.0107421875 0.0439453125
1 0.41015625 0.603515625 0.01171875 0.044921875
1 0.42333984375 0.6064453125 0.0107421875 0.044921875
1 0.435546875 0.60693359375 0.01171875 0.0419921875
1 0.44921875 0.60498046875 0.013671875 0.0439453125
1 0.4697265625 0.60205078125 0.009765625 0.0361328125
1 0.484375 0.607421875 0.01171875 0.037109375
1 0.53955078125 0.5986328125 0.0107421875 0.04296875
1 0.55712890625 0.599609375 0.0146484375 0.044921875
1 0.57080078125 0.599609375 0.0107421875 0.044921875
1 0.31982421875 0.58837890625 0.0419921875 0.0283203125
1 0.369140625 0.5654296875 0.04296875 0.02734375
1 0.361328125 0.58447265625 0.041015625 0.0263671875
1 0.3662109375 0.59716796875 0.04296875 0.0283203125
1 0.8173828125 0.4384765625 0.01171875 0.04296875
1 0.83203125 0.43896484375 0.009765625 0.0419921875
1 0.84619140625 0.43798828125 0.0126953125 0.0439453125
0 0.603515625 0.07568359375 0.0234375 0.0107421875
0 0.451171875 0.017578125 0.01171875 0.021484375
0 0.44970703125 0.0439453125 0.0126953125 0.017578125
0 0.484375 0.04296875 0.021484375 0.01171875
0 0.53466796875 0.03076171875 0.0205078125 0.0126953125
0 0.55712890625 0.033203125 0.0205078125 0.01171875
0 0.53466796875 0.04150390625 0.0205078125 0.0146484375
0 0.5556640625 0.0419921875 0.017578125 0.009765625
0 0.6064453125 0.03662109375 0.01953125 0.0107421875
0 0.6044921875 0.04638671875 0.021484375 0.0126953125
0 0.6044921875 0.056640625 0.01953125 0.01171875
0 0.6044921875 0.0654296875 0.021484375 0.01171875
0 0.55419921875 0.0634765625 0.0205078125 0.01171875
0 0.5546875 0.05126953125 0.021484375 0.0126953125
0 0.53564453125 0.05126953125 0.0166015625 0.0087890625
0 0.533203125 0.06103515625 0.017578125 0.0107421875
0 0.48095703125 0.05322265625 0.0205078125 0.0087890625
0 0.48291015625 0.06884765625 0.0205078125 0.0087890625
0 0.53173828125 0.07080078125 0.0185546875 0.0107421875
0 0.552734375 0.07373046875 0.01953125 0.0107421875
0 0.60107421875 0.095703125 0.0244140625 0.013671875
1 0.8603515625 0.43994140625 0.01171875 0.0439453125
0 0.52978515625 0.0791015625 0.0205078125 0.009765625
0 0.85791015625 0.1376953125 0.0185546875 0.009765625
0 0.92626953125 0.13818359375 0.0224609375 0.0126953125
0 0.88134765625 0.12451171875 0.0205078125 0.0107421875
0 0.93017578125 0.107421875 0.0185546875 0.01171875
0 0.884765625 0.05517578125 0.017578125 0.0107421875
0 0.794921875 0.04736328125 0.0234375 0.0126953125
0 0.59765625 0.138671875 0.01953125 0.01171875
0 0.54833984375 0.12353515625 0.0185546875 0.0107421875
0 0.552734375 0.0830078125 0.017578125 0.009765625
0 0.55322265625 0.09326171875 0.0224609375 0.0126953125
0 0.53369140625 0.0927734375 0.0166015625 0.009765625
0 0.48095703125 0.07568359375 0.0205078125 0.0107421875
0 0.48046875 0.08935546875 0.01953125 0.0107421875
0 0.4765625 0.09912109375 0.021484375 0.0087890625
0 0.47705078125 0.10888671875 0.0244140625 0.0087890625
0 0.52685546875 0.1015625 0.0185546875 0.01171875
0 0.546875 0.1044921875 0.015625 0.0078125
0 0.5986328125 0.1162109375 0.0234375 0.01171875
0 0.54931640625 0.11328125 0.0205078125 0.009765625
0 0.525390625 0.11181640625 0.01953125 0.0107421875
0 0.5986328125 0.1484375 0.02734375 0.013671875
0 0.52587890625 0.12255859375 0.0205078125 0.0107421875
0 0.4765625 0.119140625 0.021484375 0.009765625
0 0.47802734375 0.12939453125 0.0205078125 0.0107421875
0 0.4775390625 0.13818359375 0.021484375 0.0107421875
0 0.47705078125 0.150390625 0.0244140625 0.013671875
0 0.521484375 0.1533203125 0.017578125 0.009765625
0 0.52587890625 0.14306640625 0.0224609375 0.0107421875
0 0.52392578125 0.1328125 0.0166015625 0.009765625
0 0.5458984375 0.1337890625 0.01953125 0.01171875
0 0.54931640625 0.14404296875 0.0224609375 0.0107421875
0 0.5478515625 0.1630859375 0.01953125 0.01171875
1 0.55712890625 0.29345703125 0.0341796875 0.0439453125
1 0.57470703125 0.2919921875 0.0341796875 0.04296875
1 0.58935546875 0.29541015625 0.0361328125 0.0419921875
1 0.60546875 0.294921875 0.033203125 0.044921875
1 0.6357421875 0.296875 0.03515625 0.04296875
1 0.65234375 0.29736328125 0.03515625 0.0419921875
1 0.66845703125 0.29833984375 0.0361328125 0.0439453125
1 0.68505859375 0.2978515625 0.0361328125 0.044921875
1 0.701171875 0.30078125 0.03515625 0.04296875
1 0.7138671875 0.3046875 0.03515625 0.04296875
1 0.7294921875 0.30322265625 0.037109375 0.0419921875
1 0.74951171875 0.3017578125 0.0361328125 0.04296875
1 0.76416015625 0.3037109375 0.0341796875 0.044921875
1 0.7802734375 0.30419921875 0.03515625 0.0400390625
1 0.7958984375 0.30712890625 0.03515625 0.0400390625
1 0.81201171875 0.30712890625 0.0341796875 0.0419921875
1 0.828125 0.30908203125 0.033203125 0.0419921875
1 0.841796875 0.31103515625 0.03515625 0.0419921875
1 0.85888671875 0.3115234375 0.0341796875 0.04296875
1 0.87548828125 0.31298828125 0.0361328125 0.0419921875
1 0.890625 0.31298828125 0.033203125 0.0419921875
1 0.5205078125 0.205078125 0.01171875 0.04296875
1 0.53369140625 0.20654296875 0.0126953125 0.0458984375
1 0.5478515625 0.20751953125 0.017578125 0.0439453125
1 0.5625 0.208984375 0.01171875 0.044921875
1 0.5419921875 0.29150390625 0.03515625 0.0439453125
1 0.52783203125 0.28955078125 0.0341796875 0.0419921875
1 0.51123046875 0.2880859375 0.0341796875 0.04296875
1 0.732421875 0.34814453125 0.03125 0.0400390625
1 0.87255859375 0.44091796875 0.0107421875 0.0419921875
1 0.89990234375 0.44140625 0.0107421875 0.04296875
1 0.9150390625 0.44384765625 0.009765625 0.0439453125
1 0.90771484375 0.36083984375 0.0302734375 0.0400390625
1 0.8916015625 0.35888671875 0.03125 0.0400390625
1 0.8291015625 0.3544921875 0.03125 0.041015625
1 0.8115234375 0.35546875 0.03125 0.0390625
1 0.79638671875 0.35400390625 0.0322265625 0.0400390625
1 0.78271484375 0.34912109375 0.0302734375 0.0380859375
1 0.76611328125 0.349609375 0.0302734375 0.0390625
1 0.748046875 0.34912109375 0.03125 0.0380859375
1 0.71875 0.34423828125 0.03125 0.0380859375
1 0.49560546875 0.28759765625 0.0341796875 0.0439453125
1 0.70068359375 0.34716796875 0.0302734375 0.0400390625
1 0.68505859375 0.34375 0.0302734375 0.0390625
1 0.66943359375 0.34228515625 0.0302734375 0.0380859375
1 0.63623046875 0.34130859375 0.0302734375 0.0380859375
1 0.6240234375 0.337890625 0.03125 0.037109375
1 0.60693359375 0.3388671875 0.0283203125 0.0390625
1 0.59033203125 0.33740234375 0.0302734375 0.0380859375
1 0.5751953125 0.33740234375 0.033203125 0.0380859375
1 0.56005859375 0.33642578125 0.0322265625 0.0380859375
1 0.478515625 0.3330078125 0.03125 0.041015625
1 0.466796875 0.328125 0.033203125 0.0390625
1 0.58837890625 0.2099609375 0.0146484375 0.044921875
1 0.60107421875 0.2099609375 0.0146484375 0.04296875
1 0.615234375 0.2109375 0.015625 0.046875
1 0.6435546875 0.21337890625 0.013671875 0.0439453125
1 0.85986328125 0.22802734375 0.0107421875 0.0439453125
1 0.6572265625 0.2138671875 0.013671875 0.04296875
1 0.669921875 0.21484375 0.01171875 0.044921875
1 0.697265625 0.21630859375 0.01171875 0.0458984375
1 0.72412109375 0.2177734375 0.0126953125 0.044921875
1 0.7373046875 0.21826171875 0.01171875 0.0419921875
1 0.75244140625 0.22119140625 0.0107421875 0.0419921875
1 0.76513671875 0.22119140625 0.0107421875 0.0439453125
1 0.77978515625 0.22265625 0.0107421875 0.044921875
1 0.79248046875 0.22314453125 0.0126953125 0.0439453125
1 0.80615234375 0.224609375 0.0107421875 0.04296875
1 0.8203125 0.224609375 0.01171875 0.04296875
1 0.8740234375 0.2265625 0.013671875 0.04296875
1 0.88720703125 0.22802734375 0.0126953125 0.0458984375
1 0.9013671875 0.2294921875 0.013671875 0.044921875
1 0.9140625 0.22998046875 0.01171875 0.0439453125
1 0.02099609375 0.17724609375 0.0400390625 0.0283203125
