1 0.80908203125 0.88427734375 0.0537109375 0.0869140625
1 0.767578125 0.658203125 0.05078125 0.091796875
1 0.68896484375 0.85009765625 0.0517578125 0.0869140625
1 0.66015625 0.833984375 0.05078125 0.08984375
1 0.62841796875 0.826171875 0.0517578125 0.087890625
1 0.40673828125 0.93701171875 0.0439453125 0.0771484375
1 0.439453125 0.95068359375 0.046875 0.0888671875
1 0.3740234375 0.927734375 0.04296875 0.072265625
1 0.3466796875 0.91552734375 0.044921875 0.0693359375
1 0.2529296875 0.87841796875 0.044921875 0.0908203125
1 0.21826171875 0.87109375 0.0458984375 0.072265625
1 0.73828125 0.6494140625 0.05078125 0.091796875
1 0.78271484375 0.87158203125 0.0498046875 0.0888671875
1 0.70947265625 0.62939453125 0.0498046875 0.0908203125
1 0.67724609375 0.61767578125 0.0498046875 0.0927734375
1 0.6474609375 0.60986328125 0.052734375 0.0908203125
10 0.95361328125 0.525390625 0.0927734375 0.205078125
8 0.88525390625 0.48046875 0.1591796875 0.205078125
8 0.78076171875 0.4365234375 0.1572265625 0.20703125
1 0.8349609375 0.91015625 0.0546875 0.08984375
1 0.86328125 0.92626953125 0.046875 0.0927734375
1 0.8984375 0.9365234375 0.05078125 0.08984375
1 0.92919921875 0.9462890625 0.0498046875 0.08984375
1 0.75244140625 0.85791015625 0.0400390625 0.0634765625
1 0.97607421875 0.74365234375 0.0478515625 0.0908203125
1 0.94970703125 0.728515625 0.0517578125 0.08984375
1 0.91650390625 0.71728515625 0.0537109375 0.0869140625
1 0.88671875 0.70263671875 0.052734375 0.0888671875
1 0.7998046875 0.66845703125 0.0546875 0.0908203125
1 0.9814453125 0.96337890625 0.037109375 0.0732421875
10 0.421875 0.58544921875 0.3046875 0.2841796875
