1 0.25439453125 0.47216796875 0.0537109375 0.0869140625
1 0.212890625 0.24609375 0.05078125 0.091796875
1 0.13427734375 0.43798828125 0.0517578125 0.0869140625
1 0.10546875 0.421875 0.05078125 0.08984375
1 0.07373046875 0.4140625 0.0517578125 0.087890625
1 0.18359375 0.2373046875 0.05078125 0.091796875
1 0.22802734375 0.45947265625 0.0498046875 0.0888671875
1 0.15478515625 0.21728515625 0.0498046875 0.0908203125
1 0.12255859375 0.20556640625 0.0498046875 0.0927734375
1 0.0927734375 0.19775390625 0.052734375 0.0908203125
8 0.7412109375 0.244140625 0.15625 0.208984375
8 0.63671875 0.1982421875 0.15234375 0.20703125
8 0.537109375 0.15380859375 0.15625 0.2041015625
10 0.43212890625 0.111328125 0.1591796875 0.208984375
8 0.3291015625 0.0859375 0.15625 0.169921875
8 0.21630859375 0.064453125 0.1376953125 0.126953125
1 0.2802734375 0.498046875 0.0546875 0.08984375
1 0.30859375 0.51416015625 0.046875 0.0927734375
1 0.34375 0.5244140625 0.05078125 0.08984375
1 0.37451171875 0.5341796875 0.0498046875 0.08984375
1 0.19775390625 0.44580078125 0.0400390625 0.0634765625
1 0.673828125 0.5849609375 0.05078125 0.09375
1 0.6630859375 0.4287109375 0.052734375 0.095703125
1 0.697265625 0.439453125 0.048828125 0.087890625
1 0.58935546875 0.80908203125 0.0498046875 0.0908203125
1 0.4921875 0.5849609375 0.05078125 0.087890625
1 0.63134765625 0.4189453125 0.0478515625 0.087890625
1 0.5732421875 0.39794921875 0.05078125 0.0869140625
1 0.54150390625 0.384765625 0.0498046875 0.08984375
1 0.51416015625 0.3662109375 0.0458984375 0.08984375
1 0.48388671875 0.35595703125 0.0537109375 0.0908203125
1 0.4521484375 0.3447265625 0.048828125 0.087890625
1 0.4228515625 0.33154296875 0.05078125 0.0908203125
1 0.39501953125 0.31640625 0.0517578125 0.08984375
1 0.36181640625 0.30517578125 0.0537109375 0.0869140625
1 0.33203125 0.29052734375 0.052734375 0.0888671875
1 0.2451171875 0.25634765625 0.0546875 0.0908203125
1 0.46240234375 0.572265625 0.0537109375 0.087890625
1 0.43212890625 0.55810546875 0.0517578125 0.0869140625
