0 0.0107421875 0.90625 0.017578125 0.01953125
0 0.1044921875 0.26025390625 0.009765625 0.0185546875
0 0.08447265625 0.2626953125 0.0087890625 0.017578125
0 0.07275390625 0.26318359375 0.0087890625 0.0166015625
0 0.064453125 0.263671875 0.009765625 0.017578125
0 0.05322265625 0.26123046875 0.0107421875 0.0205078125
0 0.0439453125 0.26416015625 0.009765625 0.0185546875
0 0.03271484375 0.26513671875 0.0087890625 0.0185546875
0 0.02294921875 0.26513671875 0.0087890625 0.0185546875
0 0.01318359375 0.2646484375 0.0107421875 0.017578125
0 0.1103515625 0.31640625 0.009765625 0.021484375
0 0.10009765625 0.31494140625 0.0087890625 0.0185546875
0 0.111328125 0.3359375 0.0078125 0.017578125
0 0.10107421875 0.33642578125 0.0087890625 0.0205078125
0 0.09033203125 0.33935546875 0.0107421875 0.0205078125
0 0.09130859375 0.31591796875 0.0087890625 0.0185546875
0 0.07958984375 0.3154296875 0.0087890625 0.0234375
0 0.06982421875 0.3359375 0.0087890625 0.01953125
0 0.0595703125 0.3359375 0.009765625 0.01953125
0 0.0947265625 0.26220703125 0.009765625 0.0185546875
0 0.1142578125 0.25927734375 0.009765625 0.0224609375
0 0.01806640625 0.896484375 0.0166015625 0.01953125
0 0.06005859375 0.220703125 0.0263671875 0.01171875
8 0.27685546875 0.3212890625 0.0478515625 0.09375
8 0.33203125 0.3193359375 0.048828125 0.09375
8 0.3876953125 0.31787109375 0.048828125 0.0966796875
8 0.21533203125 0.45068359375 0.0498046875 0.0947265625
8 0.265625 0.4482421875 0.046875 0.095703125
8 0.361328125 0.42138671875 0.09375 0.0478515625
8 0.36328125 0.47119140625 0.09375 0.0380859375
7 0.4892578125 0.81787109375 0.451171875 0.3642578125
6 0.4716796875 0.75634765625 0.67578125 0.4873046875
10 0.16162109375 0.93408203125 0.1533203125 0.1318359375
10 0.9560546875 0.537109375 0.087890625 0.162109375
10 0.93994140625 0.8583984375 0.1201171875 0.162109375
0 0.25390625 0.0126953125 0.009765625 0.01953125
0 0.2353515625 0.21533203125 0.0234375 0.0107421875
0 0.1298828125 0.20458984375 0.0234375 0.0107421875
0 0.166015625 0.1650390625 0.021484375 0.01171875
0 0.068359375 0.31298828125 0.0078125 0.0185546875
0 0.05859375 0.3134765625 0.009765625 0.021484375
0 0.04931640625 0.31640625 0.0087890625 0.021484375
0 0.048828125 0.33544921875 0.0078125 0.0166015625
0 0.06396484375 0.80517578125 0.0205078125 0.0185546875
0 0.07958984375 0.81982421875 0.0166015625 0.0205078125
0 0.07177734375 0.82861328125 0.0166015625 0.0205078125
0 0.0576171875 0.8115234375 0.01953125 0.017578125
0 0.052734375 0.8212890625 0.01953125 0.017578125
0 0.0654296875 0.83642578125 0.017578125 0.0205078125
0 0.05859375 0.84521484375 0.01953125 0.0205078125
0 0.0380859375 0.8359375 0.021484375 0.01953125
0 0.05224609375 0.8525390625 0.0166015625 0.017578125
0 0.0458984375 0.86181640625 0.017578125 0.0185546875
0 0.03173828125 0.84521484375 0.0185546875 0.0146484375
0 0.0263671875 0.853515625 0.017578125 0.015625
0 0.0380859375 0.8701171875 0.017578125 0.01953125
0 0.0205078125 0.861328125 0.01953125 0.017578125
0 0.03125 0.88037109375 0.017578125 0.0224609375
0 0.01318359375 0.869140625 0.0205078125 0.017578125
0 0.02490234375 0.8876953125 0.0185546875 0.017578125
0 0.06982421875 0.794921875 0.0185546875 0.017578125
0 0.0869140625 0.81103515625 0.017578125 0.0205078125
0 0.0146484375 0.77880859375 0.021484375 0.0185546875
0 0.134765625 0.630859375 0.0234375 0.01953125
0 0.03857421875 0.33740234375 0.0087890625 0.0185546875
0 0.03759765625 0.31689453125 0.0087890625 0.0205078125
0 0.02734375 0.31689453125 0.009765625 0.0205078125
0 0.01611328125 0.31640625 0.0087890625 0.01953125
0 0.01806640625 0.3369140625 0.0087890625 0.017578125
0 0.0751953125 0.4111328125 0.021484375 0.0234375
0 0.17578125 0.64013671875 0.0234375 0.0205078125
0 0.1259765625 0.6396484375 0.0234375 0.021484375
0 0.02099609375 0.77099609375 0.0224609375 0.0185546875
0 0.11474609375 0.6533203125 0.0205078125 0.017578125
0 0.0947265625 0.6748046875 0.01953125 0.01953125
0 0.0859375 0.6845703125 0.01953125 0.01953125
0 0.04736328125 0.73974609375 0.0224609375 0.0205078125
0 0.0400390625 0.748046875 0.01953125 0.01953125
0 0.03125 0.75439453125 0.017578125 0.0166015625
0 0.02734375 0.763671875 0.01953125 0.017578125
8 0.22265625 0.32275390625 0.048828125 0.0947265625
