0 0.2138671875 0.7685546875 0.0234375 0.044921875
1 0.1845703125 0.35302734375 0.07421875 0.0185546875
1 0.18212890625 0.4033203125 0.0791015625 0.021484375
1 0.1806640625 0.427734375 0.080078125 0.025390625
1 0.17724609375 0.47802734375 0.0791015625 0.0244140625
1 0.177734375 0.501953125 0.080078125 0.021484375
1 0.173828125 0.55224609375 0.078125 0.0205078125
1 0.17333984375 0.576171875 0.0791015625 0.01953125
1 0.1708984375 0.625 0.076171875 0.025390625
1 0.169921875 0.6533203125 0.076171875 0.025390625
1 0.1650390625 0.70166015625 0.080078125 0.0244140625
1 0.185546875 0.328125 0.078125 0.01953125
1 0.18798828125 0.30517578125 0.0732421875 0.0185546875
1 0.1875 0.27880859375 0.076171875 0.0205078125
1 0.1904296875 0.25439453125 0.076171875 0.0224609375
1 0.20703125 0.00830078125 0.072265625 0.0146484375
1 0.20458984375 0.05615234375 0.0751953125 0.0263671875
1 0.20068359375 0.1044921875 0.0751953125 0.0234375
1 0.20068359375 0.12939453125 0.0732421875 0.0205078125
1 0.2001953125 0.15673828125 0.07421875 0.0283203125
1 0.19580078125 0.18017578125 0.0732421875 0.0224609375
0 0.23828125 0.7744140625 0.0234375 0.044921875
1 0.43701171875 0.125 0.0830078125 0.021484375
1 0.181640625 0.37939453125 0.078125 0.0244140625
1 0.171875 0.6005859375 0.07421875 0.021484375
1 0.16064453125 0.72607421875 0.0771484375 0.0205078125
1 0.4013671875 0.619140625 0.080078125 0.01953125
1 0.39599609375 0.69287109375 0.0791015625 0.0205078125
1 0.3955078125 0.71630859375 0.080078125 0.0185546875
1 0.43798828125 0.09619140625 0.0849609375 0.0205078125
1 0.443359375 0.0205078125 0.08203125 0.017578125
0 0.38427734375 0.7939453125 0.0244140625 0.048828125
0 0.33642578125 0.783203125 0.0224609375 0.041015625
0 0.3125 0.7841796875 0.029296875 0.05078125
0 0.2900390625 0.78369140625 0.02734375 0.0400390625
0 0.2724609375 0.78076171875 0.017578125 0.0361328125
1 0.39990234375 0.6416015625 0.0791015625 0.01953125
1 0.404296875 0.59228515625 0.080078125 0.0205078125
1 0.40576171875 0.568359375 0.0791015625 0.01953125
1 0.42333984375 0.31787109375 0.0849609375 0.0185546875
1 0.44287109375 0.0048828125 0.0830078125 0.0078125
1 0.43994140625 0.04638671875 0.0791015625 0.0185546875
1 0.43896484375 0.0712890625 0.0810546875 0.021484375
1 0.42431640625 0.29296875 0.0849609375 0.021484375
1 0.4208984375 0.34326171875 0.0859375 0.0224609375
1 0.4072265625 0.5419921875 0.080078125 0.021484375
1 0.41943359375 0.36865234375 0.0791015625 0.0224609375
1 0.4169921875 0.3935546875 0.080078125 0.025390625
1 0.41552734375 0.41796875 0.0810546875 0.0234375
1 0.4150390625 0.44189453125 0.080078125 0.0185546875
1 0.41259765625 0.46875 0.0791015625 0.021484375
1 0.4111328125 0.51806640625 0.080078125 0.0263671875
