0 0.0107421875 0.5205078125 0.017578125 0.01953125
0 0.01806640625 0.5107421875 0.0166015625 0.01953125
8 0.21533203125 0.06494140625 0.0498046875 0.0947265625
8 0.265625 0.0625 0.046875 0.095703125
8 0.361328125 0.03564453125 0.09375 0.0478515625
8 0.36328125 0.08544921875 0.09375 0.0380859375
7 0.4892578125 0.4501953125 0.451171875 0.400390625
6 0.48681640625 0.44775390625 0.7060546875 0.6416015625
10 0.16162109375 0.55712890625 0.1533203125 0.1494140625
10 0.45068359375 0.77880859375 0.1298828125 0.1279296875
10 0.9560546875 0.1513671875 0.087890625 0.162109375
10 0.93994140625 0.47265625 0.1201171875 0.162109375
0 0.06396484375 0.41943359375 0.0205078125 0.0185546875
0 0.07958984375 0.43408203125 0.0166015625 0.0205078125
0 0.07177734375 0.44287109375 0.0166015625 0.0205078125
0 0.0576171875 0.42578125 0.01953125 0.017578125
0 0.052734375 0.435546875 0.01953125 0.017578125
0 0.0654296875 0.45068359375 0.017578125 0.0205078125
0 0.05859375 0.45947265625 0.01953125 0.0205078125
0 0.0380859375 0.4501953125 0.021484375 0.01953125
0 0.05224609375 0.466796875 0.0166015625 0.017578125
0 0.0458984375 0.47607421875 0.017578125 0.0185546875
0 0.03173828125 0.45947265625 0.0185546875 0.0146484375
0 0.0263671875 0.4677734375 0.017578125 0.015625
0 0.0380859375 0.484375 0.017578125 0.01953125
0 0.0205078125 0.4755859375 0.01953125 0.017578125
0 0.03125 0.49462890625 0.017578125 0.0224609375
0 0.01318359375 0.4833984375 0.0205078125 0.017578125
0 0.02490234375 0.501953125 0.0185546875 0.017578125
0 0.06982421875 0.4091796875 0.0185546875 0.017578125
0 0.0869140625 0.42529296875 0.017578125 0.0205078125
0 0.0146484375 0.39306640625 0.021484375 0.0185546875
0 0.134765625 0.2451171875 0.0234375 0.01953125
0 0.0751953125 0.025390625 0.021484375 0.0234375
0 0.17578125 0.25439453125 0.0234375 0.0205078125
0 0.1259765625 0.25390625 0.0234375 0.021484375
0 0.02099609375 0.38525390625 0.0224609375 0.0185546875
0 0.11474609375 0.267578125 0.0205078125 0.017578125
0 0.0947265625 0.2890625 0.01953125 0.01953125
0 0.0859375 0.298828125 0.01953125 0.01953125
0 0.04736328125 0.35400390625 0.0224609375 0.0205078125
0 0.0400390625 0.3623046875 0.01953125 0.01953125
0 0.03125 0.36865234375 0.017578125 0.0166015625
0 0.02734375 0.3779296875 0.01953125 0.017578125
