2 0.94189453125 0.49658203125 0.0537109375 0.0517578125
2 0.84423828125 0.96826171875 0.1064453125 0.0634765625
2 0.68310546875 0.9921875 0.0634765625 0.015625
2 0.634765625 0.9677734375 0.033203125 0.0390625
2 0.712890625 0.87109375 0.052734375 0.05078125
2 0.91064453125 0.8173828125 0.0439453125 0.041015625
2 0.90869140625 0.47705078125 0.0419921875 0.0458984375
2 0.87158203125 0.455078125 0.0478515625 0.048828125
2 0.83447265625 0.4326171875 0.0517578125 0.052734375
2 0.80322265625 0.40283203125 0.0537109375 0.0537109375
2 0.6845703125 0.244140625 0.08984375 0.091796875
2 0.9755859375 0.52490234375 0.048828125 0.0517578125
2 0.9765625 0.85546875 0.033203125 0.03515625
2 0.59326171875 0.9833984375 0.0361328125 0.033203125
2 0.5283203125 0.220703125 0.076171875 0.08203125
2 0.4091796875 0.08740234375 0.09375 0.0927734375
2 0.333984375 0.13232421875 0.091796875 0.0869140625
2 0.28369140625 0.29296875 0.0517578125 0.046875
2 0.29931640625 0.251953125 0.0400390625 0.041015625
2 0.31689453125 0.1923828125 0.0693359375 0.060546875
2 0.443359375 0.15966796875 0.09375 0.0908203125
2 0.53955078125 0.16064453125 0.0869140625 0.0849609375
