2 0.9208984375 0.7412109375 0.10546875 0.10546875
2 0.29443359375 0.4697265625 0.0498046875 0.0546875
2 0.23193359375 0.177734375 0.0751953125 0.078125
2 0.42578125 0.14404296875 0.08203125 0.0791015625
2 0.353515625 0.0478515625 0.08203125 0.083984375
2 0.42626953125 0.04736328125 0.0693359375 0.0771484375
2 0.47509765625 0.0322265625 0.0869140625 0.0625
2 0.27734375 0.02587890625 0.068359375 0.0498046875
2 0.22021484375 0.80029296875 0.0341796875 0.0302734375
2 0.2216796875 0.7744140625 0.033203125 0.025390625
2 0.11865234375 0.72802734375 0.0341796875 0.0263671875
2 0.1220703125 0.75732421875 0.037109375 0.0263671875
2 0.11474609375 0.69921875 0.0341796875 0.0234375
2 0.11181640625 0.669921875 0.0361328125 0.025390625
2 0.20947265625 0.65966796875 0.0361328125 0.0263671875
2 0.21484375 0.630859375 0.03125 0.025390625
2 0.0908203125 0.62158203125 0.0546875 0.0498046875
2 0.2177734375 0.580078125 0.0546875 0.05078125
2 0.0791015625 0.55615234375 0.0390625 0.0341796875
2 0.212890625 0.50732421875 0.0625 0.0595703125
2 0.076171875 0.494140625 0.041015625 0.03515625
2 0.07080078125 0.42626953125 0.0634765625 0.0556640625
2 0.193359375 0.32080078125 0.048828125 0.0400390625
2 0.0361328125 0.287109375 0.0703125 0.080078125
2 0.015625 0.22265625 0.029296875 0.056640625
2 0.109375 0.1328125 0.076171875 0.07421875
