2 0.4580078125 0.08544921875 0.08984375 0.0888671875
2 0.73828125 0.4267578125 0.04296875 0.03515625
2 0.71826171875 0.46875 0.0517578125 0.046875
2 0.68408203125 0.50048828125 0.0400390625 0.0439453125
2 0.7451171875 0.607421875 0.044921875 0.044921875
2 0.896484375 0.634765625 0.0703125 0.0625
2 0.89013671875 0.70556640625 0.0361328125 0.0263671875
2 0.93896484375 0.3515625 0.0654296875 0.05859375
2 0.943359375 0.4228515625 0.068359375 0.064453125
2 0.96044921875 0.4853515625 0.0634765625 0.0625
2 0.9755859375 0.5478515625 0.048828125 0.072265625
2 0.470703125 0.16064453125 0.0703125 0.0732421875
2 0.640625 0.3369140625 0.04296875 0.04296875
2 0.41015625 0.22216796875 0.083984375 0.0869140625
2 0.56396484375 0.24072265625 0.0693359375 0.0751953125
2 0.3271484375 0.0341796875 0.0703125 0.06640625
2 0.3134765625 0.0908203125 0.041015625 0.041015625
2 0.21923828125 0.1982421875 0.0341796875 0.041015625
2 0.138671875 0.18798828125 0.068359375 0.0732421875
2 0.30029296875 0.205078125 0.0751953125 0.072265625
2 0.19140625 0.3681640625 0.080078125 0.080078125
2 0.33251953125 0.3388671875 0.0712890625 0.072265625
2 0.58447265625 0.4599609375 0.0322265625 0.03125
2 0.5595703125 0.4052734375 0.041015625 0.041015625
2 0.61328125 0.38134765625 0.041015625 0.0439453125
2 0.3984375 0.3818359375 0.064453125 0.06640625
2 0.455078125 0.34228515625 0.09765625 0.1005859375
2 0.3623046875 0.2734375 0.087890625 0.08203125
2 0.49755859375 0.28369140625 0.0712890625 0.0693359375
2 0.9638671875 0.85302734375 0.072265625 0.0673828125
