8 0.3056640625 0.49853515625 0.046875 0.0927734375
8 0.24755859375 0.49560546875 0.0537109375 0.0947265625
8 0.14306640625 0.48486328125 0.0537109375 0.0947265625
8 0.0888671875 0.47900390625 0.052734375 0.0947265625
8 0.03564453125 0.474609375 0.0537109375 0.09375
8 0.31494140625 0.3662109375 0.0517578125 0.095703125
8 0.259765625 0.36083984375 0.052734375 0.0947265625
8 0.15673828125 0.3505859375 0.0537109375 0.09375
8 0.10302734375 0.34521484375 0.0537109375 0.0947265625
8 0.048828125 0.33935546875 0.0546875 0.0966796875
12 0.3359375 0.25341796875 0.068359375 0.0908203125
12 0.26318359375 0.2470703125 0.0673828125 0.08984375
