1 0.38134765625 0.86328125 0.0380859375 0.078125
10 0.15869140625 0.6044921875 0.1689453125 0.158203125
8 0.373046875 0.73486328125 0.0703125 0.0947265625
8 0.32861328125 0.71923828125 0.0693359375 0.0966796875
8 0.41357421875 0.61962890625 0.0693359375 0.0947265625
8 0.369140625 0.60498046875 0.068359375 0.0947265625
8 0.47900390625 0.43212890625 0.0673828125 0.0947265625
8 0.43212890625 0.416015625 0.0693359375 0.09765625
8 0.38427734375 0.39990234375 0.0673828125 0.0947265625
8 0.4150390625 0.31884765625 0.044921875 0.0361328125
8 0.42724609375 0.287109375 0.0458984375 0.03515625
8 0.43798828125 0.25390625 0.0478515625 0.03515625
8 0.44921875 0.22216796875 0.046875 0.0361328125
10 0.13525390625 0.13330078125 0.2060546875 0.1884765625
