1 0.8583984375 0.158203125 0.08203125 0.03125
1 0.2265625 0.7314453125 0.083984375 0.015625
1 0.6337890625 0.85888671875 0.0703125 0.0322265625
1 0.56884765625 0.869140625 0.0556640625 0.01953125
1 0.55078125 0.81494140625 0.083984375 0.0146484375
1 0.390625 0.84814453125 0.072265625 0.0126953125
1 0.38623046875 0.81982421875 0.0908203125 0.0126953125
1 0.39111328125 0.806640625 0.0849609375 0.01171875
1 0.41162109375 0.7822265625 0.0830078125 0.015625
1 0.3955078125 0.767578125 0.083984375 0.01171875
1 0.3896484375 0.7529296875 0.0859375 0.01171875
1 0.404296875 0.73974609375 0.072265625 0.0126953125
1 0.39892578125 0.7255859375 0.0771484375 0.015625
1 0.3955078125 0.71240234375 0.0703125 0.0126953125
1 0.38134765625 0.69873046875 0.0869140625 0.0146484375
1 0.228515625 0.70263671875 0.076171875 0.0166015625
1 0.22119140625 0.75830078125 0.0869140625 0.0166015625
1 0.54296875 0.78759765625 0.072265625 0.0146484375
1 0.22265625 0.78515625 0.0859375 0.013671875
1 0.22705078125 0.8251953125 0.0849609375 0.017578125
1 0.07763671875 0.74755859375 0.0771484375 0.0146484375
1 0.07470703125 0.72119140625 0.0849609375 0.0166015625
1 0.078125 0.70849609375 0.083984375 0.0146484375
1 0.07421875 0.6943359375 0.083984375 0.013671875
1 0.072265625 0.6806640625 0.0859375 0.017578125
1 0.0810546875 0.6396484375 0.0859375 0.013671875
1 0.07861328125 0.61474609375 0.0732421875 0.0107421875
1 0.0791015625 0.60009765625 0.0859375 0.0126953125
1 0.08447265625 0.57373046875 0.0791015625 0.0146484375
1 0.080078125 0.45166015625 0.083984375 0.0166015625
1 0.095703125 0.2099609375 0.076171875 0.013671875
1 0.08642578125 0.1982421875 0.0849609375 0.013671875
1 0.546875 0.80029296875 0.080078125 0.0126953125
1 0.54833984375 0.7734375 0.0654296875 0.01171875
1 0.76025390625 0.1337890625 0.0849609375 0.015625
1 0.40234375 0.27587890625 0.087890625 0.0126953125
1 0.7958984375 0.38330078125 0.078125 0.0302734375
1 0.59326171875 0.283203125 0.0751953125 0.046875
1 0.546875 0.32470703125 0.076171875 0.0458984375
1 0.6962890625 0.23388671875 0.07421875 0.0439453125
1 0.6611328125 0.12158203125 0.08203125 0.0166015625
1 0.6328125 0.13720703125 0.087890625 0.0166015625
1 0.625 0.1552734375 0.083984375 0.013671875
1 0.48583984375 0.14013671875 0.0771484375 0.0166015625
1 0.33984375 0.10107421875 0.083984375 0.0126953125
1 0.32080078125 0.42822265625 0.0146484375 0.0576171875
1 0.40234375 0.3154296875 0.080078125 0.013671875
1 0.40234375 0.30126953125 0.080078125 0.0107421875
1 0.40869140625 0.28759765625 0.0791015625 0.0126953125
1 0.3994140625 0.26220703125 0.08203125 0.0146484375
1 0.19287109375 0.55615234375 0.0751953125 0.0654296875
1 0.40185546875 0.2470703125 0.0849609375 0.013671875
1 0.39599609375 0.23388671875 0.0810546875 0.0166015625
1 0.31640625 0.21240234375 0.087890625 0.0185546875
1 0.23583984375 0.287109375 0.0830078125 0.015625
1 0.23779296875 0.30224609375 0.0830078125 0.0146484375
1 0.23828125 0.32958984375 0.080078125 0.0126953125
1 0.23388671875 0.35546875 0.0830078125 0.01171875
1 0.23291015625 0.36767578125 0.0869140625 0.0126953125
1 0.2412109375 0.380859375 0.0859375 0.01171875
1 0.21533203125 0.40869140625 0.0615234375 0.0126953125
1 0.22900390625 0.3955078125 0.0830078125 0.013671875
1 0.2001953125 0.48388671875 0.072265625 0.0595703125
1 0.21044921875 0.4501953125 0.0693359375 0.0625
1 0.20166015625 0.466796875 0.0712890625 0.05859375
1 0.0927734375 0.18310546875 0.08984375 0.0126953125
