1 0.970703125 0.2529296875 0.05859375 0.025390625
1 0.3505859375 0.8291015625 0.083984375 0.015625
1 0.7578125 0.95654296875 0.0703125 0.0322265625
1 0.69287109375 0.966796875 0.0556640625 0.01953125
1 0.6748046875 0.91259765625 0.083984375 0.0146484375
1 0.5146484375 0.94580078125 0.072265625 0.0126953125
1 0.51025390625 0.91748046875 0.0908203125 0.0126953125
1 0.51513671875 0.904296875 0.0849609375 0.01171875
1 0.53564453125 0.8798828125 0.0830078125 0.015625
1 0.51953125 0.865234375 0.083984375 0.01171875
1 0.513671875 0.8505859375 0.0859375 0.01171875
1 0.5283203125 0.83740234375 0.072265625 0.0126953125
1 0.52294921875 0.8232421875 0.0771484375 0.015625
1 0.51953125 0.81005859375 0.0703125 0.0126953125
1 0.50537109375 0.79638671875 0.0869140625 0.0146484375
1 0.3525390625 0.80029296875 0.076171875 0.0166015625
1 0.34521484375 0.85595703125 0.0869140625 0.0166015625
1 0.6669921875 0.88525390625 0.072265625 0.0146484375
1 0.3466796875 0.8828125 0.0859375 0.013671875
1 0.35107421875 0.9228515625 0.0849609375 0.017578125
1 0.20166015625 0.84521484375 0.0771484375 0.0146484375
1 0.19873046875 0.81884765625 0.0849609375 0.0166015625
1 0.2021484375 0.80615234375 0.083984375 0.0146484375
1 0.1982421875 0.7919921875 0.083984375 0.013671875
1 0.1962890625 0.7783203125 0.0859375 0.017578125
1 0.205078125 0.7373046875 0.0859375 0.013671875
1 0.20263671875 0.71240234375 0.0732421875 0.0107421875
1 0.203125 0.69775390625 0.0859375 0.0126953125
1 0.20849609375 0.67138671875 0.0791015625 0.0146484375
1 0.2041015625 0.54931640625 0.083984375 0.0166015625
1 0.2197265625 0.3076171875 0.076171875 0.013671875
1 0.21044921875 0.2958984375 0.0849609375 0.013671875
1 0.6708984375 0.89794921875 0.080078125 0.0126953125
1 0.67236328125 0.87109375 0.0654296875 0.01171875
1 0.88427734375 0.2314453125 0.0849609375 0.015625
1 0.5263671875 0.37353515625 0.087890625 0.0126953125
1 0.919921875 0.48095703125 0.078125 0.0302734375
1 0.71728515625 0.380859375 0.0751953125 0.046875
1 0.6708984375 0.42236328125 0.076171875 0.0458984375
1 0.8203125 0.33154296875 0.07421875 0.0439453125
1 0.7470703125 0.076171875 0.052734375 0.01171875
1 0.78515625 0.21923828125 0.08203125 0.0166015625
1 0.7568359375 0.23486328125 0.087890625 0.0166015625
1 0.7490234375 0.2529296875 0.083984375 0.013671875
1 0.60986328125 0.23779296875 0.0771484375 0.0166015625
1 0.4638671875 0.19873046875 0.083984375 0.0126953125
1 0.44482421875 0.52587890625 0.0146484375 0.0576171875
1 0.5263671875 0.4130859375 0.080078125 0.013671875
1 0.5263671875 0.39892578125 0.080078125 0.0107421875
1 0.53271484375 0.38525390625 0.0791015625 0.0126953125
1 0.5234375 0.35986328125 0.08203125 0.0146484375
1 0.31689453125 0.65380859375 0.0751953125 0.0654296875
1 0.52587890625 0.3447265625 0.0849609375 0.013671875
1 0.52001953125 0.33154296875 0.0810546875 0.0166015625
1 0.4404296875 0.31005859375 0.087890625 0.0185546875
1 0.35986328125 0.384765625 0.0830078125 0.015625
1 0.36181640625 0.39990234375 0.0830078125 0.0146484375
1 0.3623046875 0.42724609375 0.080078125 0.0126953125
1 0.35791015625 0.453125 0.0830078125 0.01171875
1 0.35693359375 0.46533203125 0.0869140625 0.0126953125
1 0.365234375 0.478515625 0.0859375 0.01171875
1 0.33935546875 0.50634765625 0.0615234375 0.0126953125
1 0.35302734375 0.4931640625 0.0830078125 0.013671875
1 0.32421875 0.58154296875 0.072265625 0.0595703125
1 0.33447265625 0.5478515625 0.0693359375 0.0625
1 0.32568359375 0.564453125 0.0712890625 0.05859375
1 0.216796875 0.28076171875 0.08984375 0.0126953125
