1 0.71337890625 0.78857421875 0.0419921875 0.0322265625
12 0.7705078125 0.51513671875 0.11328125 0.0986328125
8 0.21142578125 0.6279296875 0.0830078125 0.1015625
8 0.2578125 0.599609375 0.083984375 0.1015625
8 0.30419921875 0.57373046875 0.0849609375 0.1005859375
8 0.35009765625 0.54541015625 0.0830078125 0.1025390625
8 0.39794921875 0.517578125 0.0830078125 0.1015625
8 0.44287109375 0.49072265625 0.0849609375 0.1005859375
8 0.49072265625 0.46240234375 0.0830078125 0.1005859375
8 0.5361328125 0.4345703125 0.083984375 0.1015625
8 0.58203125 0.40673828125 0.08203125 0.1005859375
8 0.611328125 0.353515625 0.0390625 0.048828125
8 0.642578125 0.40771484375 0.04296875 0.0498046875
8 0.66796875 0.392578125 0.04296875 0.05078125
8 0.69287109375 0.37890625 0.0439453125 0.048828125
8 0.7197265625 0.36376953125 0.041015625 0.0498046875
8 0.63671875 0.33935546875 0.0390625 0.0478515625
8 0.6611328125 0.3251953125 0.041015625 0.048828125
8 0.6865234375 0.31005859375 0.041015625 0.0478515625
7 0.41552734375 0.68603515625 0.3095703125 0.2568359375
12 0.6513671875 0.51171875 0.111328125 0.099609375
12 0.7373046875 0.46044921875 0.109375 0.0966796875
12 0.68408203125 0.56591796875 0.1162109375 0.1025390625
8 0.1650390625 0.65576171875 0.083984375 0.1005859375
