8 0.876953125 0.61865234375 0.048828125 0.0888671875
0 0.19580078125 0.08837890625 0.0087890625 0.0185546875
0 0.1865234375 0.09033203125 0.009765625 0.0166015625
0 0.1767578125 0.08837890625 0.0078125 0.0185546875
0 0.16748046875 0.0869140625 0.0107421875 0.01953125
0 0.212890625 0.02197265625 0.009765625 0.0185546875
0 0.18310546875 0.0390625 0.0087890625 0.01953125
0 0.173828125 0.037109375 0.009765625 0.01953125
0 0.154296875 0.037109375 0.009765625 0.017578125
0 0.1123046875 0.0302734375 0.01171875 0.017578125
8 0.82568359375 0.615234375 0.0498046875 0.08984375
6 0.8349609375 0.22998046875 0.330078125 0.4580078125
8 0.9287109375 0.62158203125 0.044921875 0.0888671875
8 0.7734375 0.60791015625 0.044921875 0.0869140625
8 0.7197265625 0.6044921875 0.046875 0.087890625
12 0.59814453125 0.41552734375 0.0927734375 0.0615234375
12 0.60302734375 0.34814453125 0.0947265625 0.0634765625
12 0.607421875 0.28125 0.095703125 0.0625
7 0.84423828125 0.16455078125 0.2021484375 0.3271484375
0 0.15625 0.08447265625 0.01171875 0.0205078125
0 0.1240234375 0.029296875 0.009765625 0.015625
0 0.14404296875 0.03173828125 0.0126953125 0.0185546875
0 0.1640625 0.033203125 0.009765625 0.01953125
0 0.5546875 0.06103515625 0.01171875 0.0185546875
0 0.53271484375 0.06494140625 0.0107421875 0.0205078125
0 0.5478515625 0.11767578125 0.009765625 0.0166015625
0 0.53759765625 0.1171875 0.0087890625 0.017578125
0 0.52783203125 0.1162109375 0.0107421875 0.01953125
0 0.5087890625 0.1142578125 0.01171875 0.017578125
0 0.48876953125 0.111328125 0.0107421875 0.017578125
0 0.32861328125 0.04931640625 0.0087890625 0.0185546875
0 0.318359375 0.048828125 0.009765625 0.01953125
0 0.30859375 0.04833984375 0.009765625 0.0185546875
0 0.298828125 0.04638671875 0.009765625 0.0205078125
0 0.28857421875 0.0439453125 0.0146484375 0.021484375
0 0.22412109375 0.09033203125 0.0107421875 0.0185546875
0 0.20458984375 0.0869140625 0.0107421875 0.021484375
0 0.2607421875 0.044921875 0.009765625 0.017578125
0 0.25048828125 0.04248046875 0.0107421875 0.0185546875
0 0.23095703125 0.04248046875 0.0107421875 0.0166015625
0 0.27294921875 0.02734375 0.0126953125 0.021484375
0 0.2431640625 0.02197265625 0.009765625 0.0166015625
0 0.22314453125 0.02294921875 0.0087890625 0.0166015625
0 0.18505859375 0.015625 0.0107421875 0.01953125
