0 0.576171875 0.49951171875 0.017578125 0.0224609375
0 0.19580078125 0.75244140625 0.0087890625 0.0185546875
0 0.1865234375 0.75439453125 0.009765625 0.0166015625
0 0.1767578125 0.75244140625 0.0078125 0.0185546875
0 0.16748046875 0.7509765625 0.0107421875 0.01953125
0 0.27587890625 0.64208984375 0.0107421875 0.0244140625
0 0.212890625 0.68603515625 0.009765625 0.0185546875
0 0.18310546875 0.703125 0.0087890625 0.01953125
0 0.173828125 0.701171875 0.009765625 0.01953125
0 0.154296875 0.701171875 0.009765625 0.017578125
0 0.1123046875 0.6943359375 0.01171875 0.017578125
0 0.56005859375 0.64404296875 0.0107421875 0.0205078125
6 0.83935546875 0.7294921875 0.3212890625 0.541015625
12 0.6044921875 0.990234375 0.091796875 0.01953125
12 0.607421875 0.9453125 0.095703125 0.0625
7 0.8466796875 0.791015625 0.20703125 0.40234375
7 0.70947265625 0.16162109375 0.3349609375 0.1806640625
10 0.63623046875 0.3017578125 0.1337890625 0.130859375
0 0.15625 0.74853515625 0.01171875 0.0205078125
0 0.1240234375 0.693359375 0.009765625 0.015625
0 0.14404296875 0.69580078125 0.0126953125 0.0185546875
0 0.1640625 0.697265625 0.009765625 0.01953125
0 0.5546875 0.72509765625 0.01171875 0.0185546875
0 0.53271484375 0.72900390625 0.0107421875 0.0205078125
0 0.5478515625 0.78173828125 0.009765625 0.0166015625
0 0.53759765625 0.78125 0.0087890625 0.017578125
0 0.52783203125 0.7802734375 0.0107421875 0.01953125
0 0.5087890625 0.7783203125 0.01171875 0.017578125
0 0.48876953125 0.775390625 0.0107421875 0.017578125
0 0.32861328125 0.71337890625 0.0087890625 0.0185546875
0 0.318359375 0.712890625 0.009765625 0.01953125
0 0.30859375 0.71240234375 0.009765625 0.0185546875
0 0.298828125 0.71044921875 0.009765625 0.0205078125
0 0.28857421875 0.7080078125 0.0146484375 0.021484375
0 0.22412109375 0.75439453125 0.0107421875 0.0185546875
0 0.20458984375 0.7509765625 0.0107421875 0.021484375
0 0.2607421875 0.708984375 0.009765625 0.017578125
0 0.25048828125 0.70654296875 0.0107421875 0.0185546875
0 0.23095703125 0.70654296875 0.0107421875 0.0166015625
0 0.27294921875 0.69140625 0.0126953125 0.021484375
0 0.2431640625 0.68603515625 0.009765625 0.0166015625
0 0.22314453125 0.68701171875 0.0087890625 0.0166015625
0 0.18505859375 0.6796875 0.0107421875 0.01953125
10 0.32763671875 0.31396484375 0.1884765625 0.1943359375
