4 0.43212890625 0.43017578125 0.0517578125 0.0517578125
4 0.41552734375 0.4169921875 0.0478515625 0.05078125
4 0.45751953125 0.3681640625 0.0498046875 0.0546875
4 0.44140625 0.35205078125 0.046875 0.0517578125
4 0.70556640625 0.4033203125 0.0419921875 0.04296875
4 0.689453125 0.3876953125 0.041015625 0.046875
4 0.6767578125 0.37060546875 0.04296875 0.0458984375
4 0.65625 0.35791015625 0.041015625 0.0439453125
4 0.62255859375 0.3330078125 0.0361328125 0.04296875
4 0.59423828125 0.30078125 0.0400390625 0.046875
4 0.580078125 0.2890625 0.0390625 0.044921875
4 0.54345703125 0.26611328125 0.0458984375 0.0537109375
4 0.5791015625 0.22216796875 0.037109375 0.0419921875
4 0.626953125 0.26025390625 0.041015625 0.0478515625
4 0.6591796875 0.28662109375 0.037109375 0.0458984375
4 0.6787109375 0.302734375 0.0390625 0.046875
4 0.7109375 0.3310546875 0.037109375 0.044921875
4 0.82177734375 0.49560546875 0.0341796875 0.0419921875
4 0.88916015625 0.4814453125 0.0439453125 0.046875
4 0.4951171875 0.3935546875 0.048828125 0.052734375
4 0.45166015625 0.44677734375 0.0517578125 0.0517578125
4 0.48486328125 0.47412109375 0.0478515625 0.0498046875
4 0.35986328125 0.6806640625 0.0458984375 0.048828125
4 0.30078125 0.517578125 0.060546875 0.064453125
4 0.24462890625 0.5712890625 0.0712890625 0.06640625
4 0.33056640625 0.53662109375 0.0556640625 0.0615234375
4 0.34521484375 0.55517578125 0.0458984375 0.0517578125
4 0.36328125 0.57470703125 0.052734375 0.0537109375
4 0.29736328125 0.60791015625 0.0556640625 0.0576171875
4 0.3125 0.62646484375 0.044921875 0.0478515625
4 0.33203125 0.63720703125 0.048828125 0.0517578125
4 0.43212890625 0.64501953125 0.0498046875 0.0517578125
4 0.5576171875 0.4619140625 0.044921875 0.046875
4 0.60986328125 0.60107421875 0.0556640625 0.0517578125
4 0.62548828125 0.58544921875 0.0517578125 0.0439453125
4 0.65576171875 0.5595703125 0.0654296875 0.05859375
4 0.58447265625 0.5634765625 0.0458984375 0.05078125
4 0.5673828125 0.54638671875 0.044921875 0.0439453125
4 0.60986328125 0.50048828125 0.0517578125 0.0556640625
4 0.5537109375 0.5302734375 0.046875 0.048828125
4 0.498046875 0.4912109375 0.041015625 0.046875
4 0.87451171875 0.46630859375 0.0458984375 0.0498046875
4 0.8583984375 0.4482421875 0.0390625 0.044921875
4 0.84423828125 0.43603515625 0.0380859375 0.0439453125
4 0.77001953125 0.16015625 0.0361328125 0.041015625
4 0.8818359375 0.248046875 0.0390625 0.046875
4 0.86474609375 0.2333984375 0.0400390625 0.048828125
4 0.830078125 0.275390625 0.041015625 0.044921875
4 0.7998046875 0.25146484375 0.037109375 0.0419921875
4 0.8193359375 0.19677734375 0.04296875 0.0439453125
4 0.78369140625 0.23779296875 0.0419921875 0.0458984375
4 0.8017578125 0.18505859375 0.033203125 0.0400390625
4 0.7392578125 0.1962890625 0.03515625 0.037109375
4 0.89453125 0.26171875 0.037109375 0.04296875
4 0.95849609375 0.171875 0.0341796875 0.0390625
4 0.84716796875 0.28955078125 0.0400390625 0.0419921875
4 0.86181640625 0.30224609375 0.0439453125 0.0458984375
4 0.8291015625 0.42333984375 0.044921875 0.0517578125
4 0.7880859375 0.4677734375 0.0390625 0.04296875
4 0.8095703125 0.4130859375 0.0390625 0.044921875
4 0.755859375 0.43896484375 0.04296875 0.0498046875
4 0.791015625 0.39990234375 0.041015625 0.0419921875
4 0.7392578125 0.42919921875 0.048828125 0.0517578125
4 0.775390625 0.38720703125 0.0390625 0.0419921875
4 0.72265625 0.41650390625 0.0390625 0.0458984375
4 0.8740234375 0.31591796875 0.041015625 0.0478515625
4 0.96923828125 0.3671875 0.0419921875 0.048828125
4 0.9365234375 0.3681640625 0.048828125 0.052734375
4 0.97216796875 0.32373046875 0.0439453125 0.0478515625
4 0.90771484375 0.3408203125 0.0341796875 0.041015625
4 0.95556640625 0.31201171875 0.0380859375 0.0498046875
4 0.94189453125 0.30029296875 0.0380859375 0.0419921875
4 0.8896484375 0.330078125 0.048828125 0.052734375
4 0.9248046875 0.2861328125 0.04296875 0.044921875
4 0.22998046875 0.54833984375 0.0732421875 0.0771484375
5 0.89794921875 0.11572265625 0.2041015625 0.2294921875
5 0.80859375 0.25244140625 0.3828125 0.3955078125
5 0.71142578125 0.36328125 0.4052734375 0.35546875
5 0.54052734375 0.4765625 0.3232421875 0.30859375
5 0.33251953125 0.60302734375 0.2783203125 0.2626953125
4 0.94287109375 0.16015625 0.0380859375 0.037109375
4 0.98681640625 0.1279296875 0.0263671875 0.04296875
4 0.97705078125 0.1181640625 0.0380859375 0.044921875
4 0.95947265625 0.1064453125 0.0380859375 0.04296875
4 0.96728515625 0.0078125 0.0205078125 0.013671875
4 0.869140625 0.03466796875 0.03515625 0.0400390625
4 0.9287109375 0.14501953125 0.041015625 0.0458984375
4 0.9150390625 0.134765625 0.0390625 0.04296875
4 0.89697265625 0.12109375 0.0380859375 0.041015625
4 0.91552734375 0.07177734375 0.0380859375 0.0419921875
4 0.86962890625 0.0966796875 0.0283203125 0.03515625
4 0.85205078125 0.087890625 0.0380859375 0.04296875
4 0.8076171875 0.052734375 0.0390625 0.046875
4 0.8837890625 0.04931640625 0.03125 0.0361328125
4 0.994140625 0.0244140625 0.01171875 0.021484375
4 0.98583984375 0.0107421875 0.0283203125 0.01953125
