1 0.7158203125 0.4111328125 0.056640625 0.0390625
1 0.25439453125 0.62548828125 0.0478515625 0.0322265625
1 0.26611328125 0.36572265625 0.0361328125 0.0439453125
1 0.3447265625 0.42578125 0.037109375 0.046875
1 0.45361328125 0.515625 0.0439453125 0.0546875
1 0.51318359375 0.5546875 0.0419921875 0.05078125
1 0.18408203125 0.5224609375 0.0517578125 0.033203125
1 0.17333984375 0.57568359375 0.0498046875 0.0322265625
1 0.26708984375 0.5556640625 0.0478515625 0.03125
1 0.2607421875 0.58984375 0.046875 0.03125
1 0.34375 0.63134765625 0.0390625 0.0419921875
1 0.66943359375 0.1025390625 0.0263671875 0.068359375
1 0.248046875 0.6611328125 0.048828125 0.03125
1 0.138671875 0.75146484375 0.044921875 0.0302734375
1 0.31005859375 0.80322265625 0.0439453125 0.0439453125
1 0.35595703125 0.55859375 0.0400390625 0.044921875
1 0.54833984375 0.57861328125 0.0400390625 0.0498046875
1 0.56103515625 0.5849609375 0.0380859375 0.044921875
1 0.58447265625 0.60205078125 0.0380859375 0.0458984375
1 0.59326171875 0.61328125 0.0400390625 0.046875
1 0.27099609375 0.05224609375 0.0595703125 0.0224609375
