0 0.56884765625 0.77978515625 0.0185546875 0.0205078125
1 0.71728515625 0.2744140625 0.0205078125 0.0390625
1 0.7744140625 0.27587890625 0.017578125 0.0419921875
1 0.787109375 0.27587890625 0.01953125 0.0419921875
1 0.8076171875 0.32666015625 0.04296875 0.0205078125
1 0.8037109375 0.33984375 0.0390625 0.017578125
1 0.7998046875 0.3525390625 0.044921875 0.017578125
1 0.7978515625 0.3681640625 0.044921875 0.017578125
1 0.79443359375 0.39404296875 0.0439453125 0.0166015625
1 0.791015625 0.40673828125 0.04296875 0.0166015625
1 0.7890625 0.4189453125 0.04296875 0.015625
1 0.7900390625 0.43359375 0.04296875 0.017578125
1 0.77294921875 0.4990234375 0.0419921875 0.015625
1 0.77001953125 0.52392578125 0.0439453125 0.0146484375
1 0.7666015625 0.53955078125 0.04296875 0.0166015625
1 0.75390625 0.6015625 0.025390625 0.041015625
1 0.74169921875 0.611328125 0.0283203125 0.044921875
1 0.73388671875 0.6220703125 0.0283203125 0.041015625
1 0.72216796875 0.6298828125 0.0263671875 0.041015625
1 0.7138671875 0.64208984375 0.02734375 0.0419921875
1 0.7041015625 0.65283203125 0.025390625 0.0419921875
1 0.6953125 0.6640625 0.0234375 0.04296875
1 0.685546875 0.67578125 0.0234375 0.04296875
1 0.67529296875 0.68603515625 0.0263671875 0.0439453125
1 0.66650390625 0.6953125 0.0263671875 0.04296875
1 0.65673828125 0.70654296875 0.0263671875 0.0439453125
1 0.64599609375 0.71630859375 0.0263671875 0.0400390625
1 0.634765625 0.7275390625 0.025390625 0.04296875
1 0.66943359375 0.2568359375 0.0205078125 0.044921875
1 0.759765625 0.27734375 0.021484375 0.046875
1 0.70654296875 0.26416015625 0.0185546875 0.0419921875
0 0.57470703125 0.78857421875 0.0146484375 0.0166015625
1 0.69580078125 0.26171875 0.0205078125 0.041015625
1 0.12451171875 0.64404296875 0.0478515625 0.0244140625
1 0.1455078125 0.62158203125 0.046875 0.0244140625
1 0.1650390625 0.5986328125 0.05078125 0.025390625
1 0.1865234375 0.57666015625 0.05078125 0.0263671875
1 0.19677734375 0.56298828125 0.0517578125 0.0283203125
1 0.21923828125 0.541015625 0.0478515625 0.025390625
1 0.2392578125 0.521484375 0.05078125 0.025390625
1 0.25048828125 0.50927734375 0.0537109375 0.0283203125
1 0.29443359375 0.4638671875 0.0498046875 0.02734375
1 0.3037109375 0.4541015625 0.052734375 0.025390625
1 0.314453125 0.4404296875 0.05078125 0.02734375
1 0.32373046875 0.4296875 0.0517578125 0.02734375
1 0.333984375 0.41845703125 0.0546875 0.0302734375
1 0.34423828125 0.4072265625 0.0537109375 0.02734375
1 0.3671875 0.38623046875 0.052734375 0.0263671875
1 0.376953125 0.37353515625 0.052734375 0.0263671875
1 0.38818359375 0.36376953125 0.0517578125 0.0283203125
1 0.40869140625 0.34033203125 0.0517578125 0.0263671875
1 0.44091796875 0.30615234375 0.0517578125 0.0283203125
1 0.27880859375 0.66455078125 0.0478515625 0.0439453125
1 0.24951171875 0.6806640625 0.0380859375 0.033203125
1 0.154296875 0.7333984375 0.029296875 0.033203125
1 0.57275390625 0.23779296875 0.0224609375 0.0537109375
1 0.5849609375 0.23974609375 0.01953125 0.0478515625
1 0.6279296875 0.24658203125 0.01953125 0.0458984375
1 0.654296875 0.25 0.01953125 0.041015625
1 0.68310546875 0.259765625 0.0224609375 0.04296875
1 0.43310546875 0.31884765625 0.0439453125 0.0283203125
1 0.55615234375 0.23193359375 0.0185546875 0.0419921875
1 0.60009765625 0.23828125 0.0185546875 0.04296875
1 0.78173828125 0.45849609375 0.0439453125 0.0185546875
0 0.33984375 0.619140625 0.021484375 0.021484375
0 0.34765625 0.60498046875 0.021484375 0.0205078125
0 0.32177734375 0.59716796875 0.0224609375 0.0224609375
0 0.33056640625 0.58837890625 0.0205078125 0.0205078125
0 0.4326171875 0.5087890625 0.025390625 0.0234375
0 0.666015625 0.4501953125 0.0234375 0.025390625
0 0.650390625 0.43701171875 0.021484375 0.0224609375
0 0.6435546875 0.4287109375 0.021484375 0.0234375
0 0.63525390625 0.4228515625 0.0185546875 0.01953125
0 0.62158203125 0.40771484375 0.0205078125 0.0205078125
0 0.61279296875 0.40087890625 0.0224609375 0.0224609375
0 0.65185546875 0.51220703125 0.0205078125 0.0224609375
0 0.7431640625 0.7451171875 0.021484375 0.017578125
0 0.708984375 0.71337890625 0.0234375 0.0205078125
0 0.671875 0.74755859375 0.021484375 0.0166015625
0 0.70703125 0.78125 0.021484375 0.01953125
0 0.69873046875 0.78955078125 0.0166015625 0.0166015625
0 0.65869140625 0.76416015625 0.0185546875 0.0185546875
0 0.64990234375 0.77197265625 0.0205078125 0.0205078125
0 0.6845703125 0.80419921875 0.021484375 0.0205078125
0 0.66943359375 0.81689453125 0.0205078125 0.0185546875
0 0.66455078125 0.82763671875 0.0224609375 0.0205078125
0 0.65625 0.83642578125 0.021484375 0.0205078125
0 0.63134765625 0.83251953125 0.0244140625 0.0263671875
0 0.62255859375 0.826171875 0.0185546875 0.021484375
0 0.59130859375 0.7998046875 0.0224609375 0.0234375
0 0.58251953125 0.7939453125 0.0185546875 0.01953125
0 0.3291015625 0.6298828125 0.01953125 0.01953125
0 0.31787109375 0.64013671875 0.0224609375 0.0205078125
0 0.47216796875 0.82080078125 0.0146484375 0.0224609375
0 0.28564453125 0.78466796875 0.0126953125 0.0205078125
1 0.7763671875 0.4853515625 0.044921875 0.017578125
1 0.7314453125 0.279296875 0.017578125 0.037109375
1 0.4091796875 0.06005859375 0.041015625 0.0380859375
1 0.435546875 0.0498046875 0.041015625 0.0390625
1 0.44189453125 0.0400390625 0.0439453125 0.037109375
1 0.45654296875 0.02587890625 0.0439453125 0.0341796875
0 0.15673828125 0.8125 0.0146484375 0.0234375
0 0.18701171875 0.8173828125 0.0146484375 0.025390625
0 0.19775390625 0.82177734375 0.0146484375 0.0224609375
0 0.2373046875 0.828125 0.015625 0.01953125
0 0.2470703125 0.77734375 0.013671875 0.0234375
0 0.2763671875 0.78173828125 0.013671875 0.0224609375
0 0.29443359375 0.78857421875 0.0126953125 0.0205078125
0 0.46044921875 0.8203125 0.0107421875 0.021484375
0 0.30517578125 0.7900390625 0.0126953125 0.01953125
0 0.2890625 0.83544921875 0.01171875 0.0205078125
0 0.298828125 0.8388671875 0.01171875 0.0234375
0 0.3193359375 0.84375 0.013671875 0.0234375
0 0.32958984375 0.845703125 0.0107421875 0.021484375
0 0.31591796875 0.7900390625 0.0126953125 0.01953125
0 0.32470703125 0.79150390625 0.0146484375 0.0205078125
0 0.3359375 0.79443359375 0.01171875 0.0185546875
0 0.35595703125 0.80078125 0.0126953125 0.01953125
0 0.3681640625 0.8544921875 0.01171875 0.01953125
0 0.37890625 0.85498046875 0.01171875 0.0205078125
0 0.4404296875 0.8134765625 0.01171875 0.0234375
1 0.10205078125 0.6650390625 0.0517578125 0.02734375
