9 0.73779296875 0.029296875 0.0380859375 0.01953125
7 0.3994140625 0.55517578125 0.095703125 0.0556640625
9 0.0751953125 0.177734375 0.0390625 0.01953125
9 0.37890625 0.19580078125 0.01953125 0.0185546875
10 0.25634765625 0.50439453125 0.1435546875 0.1357421875
7 0.15771484375 0.4072265625 0.2841796875 0.28125
7 0.390625 0.3046875 0.138671875 0.080078125
7 0.39111328125 0.39990234375 0.1376953125 0.0791015625
7 0.3984375 0.48291015625 0.095703125 0.0556640625
7 0.41845703125 0.845703125 0.1533203125 0.26171875
6 0.64453125 0.849609375 0.283203125 0.30078125
7 0.11083984375 0.79052734375 0.2060546875 0.2568359375
7 0.26806640625 0.92626953125 0.1240234375 0.1474609375
7 0.04541015625 0.95751953125 0.0888671875 0.0849609375
10 0.25 0.7373046875 0.12890625 0.14453125
8 0.5859375 0.9208984375 0.041015625 0.083984375
8 0.63427734375 0.92138671875 0.0419921875 0.0830078125
8 0.68310546875 0.9228515625 0.0419921875 0.083984375
7 0.59130859375 0.474609375 0.2177734375 0.3515625
