13 0.70263671875 0.525390625 0.0126953125 0.134765625
13 0.4228515625 0.6787109375 0.236328125 0.072265625
8 0.8818359375 0.193359375 0.021484375 0.041015625
8 0.85546875 0.19140625 0.021484375 0.041015625
8 0.82421875 0.18896484375 0.01953125 0.0419921875
8 0.79833984375 0.18798828125 0.0205078125 0.0419921875
8 0.912109375 0.130859375 0.01953125 0.04296875
8 0.88818359375 0.12890625 0.0205078125 0.04296875
8 0.8447265625 0.12646484375 0.01953125 0.0419921875
8 0.818359375 0.125 0.021484375 0.04296875
