2 0.11376953125 0.68408203125 0.0380859375 0.0498046875
2 0.09375 0.73046875 0.044921875 0.05078125
2 0.25244140625 0.65625 0.0419921875 0.046875
2 0.2470703125 0.73583984375 0.037109375 0.0458984375
2 0.232421875 0.70166015625 0.0390625 0.0439453125
2 0.23046875 0.7822265625 0.04296875 0.052734375
2 0.39990234375 0.73974609375 0.0419921875 0.0537109375
2 0.3837890625 0.78466796875 0.046875 0.0556640625
2 0.34912109375 0.7998046875 0.0400390625 0.052734375
2 0.53515625 0.7900390625 0.0390625 0.046875
2 0.51708984375 0.83642578125 0.0478515625 0.0498046875
2 0.5 0.88037109375 0.0390625 0.0458984375
2 0.66845703125 0.83984375 0.0478515625 0.064453125
2 0.13134765625 0.63818359375 0.0400390625 0.0478515625
2 0.11572265625 0.6044921875 0.0419921875 0.048828125
2 0.013671875 0.56640625 0.025390625 0.041015625
