0 0.23779296875 0.76220703125 0.0087890625 0.0107421875
0 0.17822265625 0.53173828125 0.0107421875 0.0107421875
0 0.1826171875 0.5244140625 0.01171875 0.01171875
1 0.18115234375 0.48486328125 0.0107421875 0.0185546875
1 0.1640625 0.42236328125 0.01171875 0.0205078125
0 0.10009765625 0.31689453125 0.0107421875 0.0146484375
0 0.03466796875 0.03125 0.0107421875 0.013671875
0 0.07177734375 0.0146484375 0.0126953125 0.015625
0 0.09033203125 0.0751953125 0.0087890625 0.015625
1 0.1005859375 0.08837890625 0.013671875 0.0224609375
13 0.2509765625 0.8505859375 0.044921875 0.068359375
13 0.21044921875 0.849609375 0.0458984375 0.068359375
1 0.2041015625 0.59326171875 0.015625 0.0400390625
1 0.14892578125 0.35546875 0.0126953125 0.033203125
1 0.11474609375 0.1865234375 0.0166015625 0.04296875
