11 0.4130859375 0.62890625 0.03125 0.033203125
8 0.45068359375 0.5615234375 0.0302734375 0.04296875
8 0.50048828125 0.572265625 0.0302734375 0.04296875
8 0.529296875 0.5615234375 0.03125 0.04296875
8 0.56787109375 0.541015625 0.0283203125 0.04296875
8 0.59765625 0.53125 0.029296875 0.04296875
8 0.578125 0.47265625 0.029296875 0.04296875
8 0.50048828125 0.46240234375 0.0302734375 0.0419921875
8 0.43212890625 0.501953125 0.0283203125 0.04296875
9 0.35498046875 0.32470703125 0.1220703125 0.1943359375
13 0.89208984375 0.0615234375 0.0400390625 0.017578125
13 0.96484375 0.1005859375 0.013671875 0.013671875
13 0.94140625 0.140625 0.02734375 0.0546875
