1 0.41015625 0.8154296875 0.0859375 0.0234375
1 0.3955078125 0.974609375 0.0859375 0.021484375
1 0.3984375 0.94873046875 0.0859375 0.0205078125
1 0.400390625 0.92041015625 0.0859375 0.0224609375
1 0.40185546875 0.8955078125 0.0849609375 0.01953125
1 0.40576171875 0.86767578125 0.0849609375 0.0205078125
1 0.40771484375 0.84130859375 0.0869140625 0.0205078125
1 0.4111328125 0.79052734375 0.083984375 0.0205078125
1 0.4130859375 0.76220703125 0.0859375 0.0205078125
1 0.41455078125 0.73583984375 0.0849609375 0.0205078125
1 0.412109375 0.7119140625 0.087890625 0.025390625
1 0.41748046875 0.658203125 0.0849609375 0.01953125
1 0.4208984375 0.6318359375 0.087890625 0.021484375
1 0.42333984375 0.5810546875 0.0869140625 0.021484375
1 0.400390625 0.99462890625 0.0859375 0.0107421875
1 0.67529296875 0.98828125 0.0849609375 0.0234375
1 0.70068359375 0.322265625 0.0771484375 0.0234375
1 0.6953125 0.5087890625 0.068359375 0.017578125
1 0.69677734375 0.455078125 0.0673828125 0.017578125
1 0.70068359375 0.43017578125 0.0771484375 0.0185546875
1 0.701171875 0.4052734375 0.078125 0.017578125
1 0.69580078125 0.37646484375 0.0771484375 0.0185546875
1 0.70361328125 0.349609375 0.0771484375 0.0234375
1 0.69482421875 0.615234375 0.0673828125 0.01953125
1 0.68017578125 0.947265625 0.0849609375 0.01953125
1 0.693359375 0.64208984375 0.06640625 0.0185546875
1 0.6904296875 0.66796875 0.068359375 0.021484375
1 0.68994140625 0.69091796875 0.0693359375 0.0185546875
1 0.689453125 0.71875 0.0703125 0.021484375
1 0.689453125 0.74365234375 0.068359375 0.0205078125
1 0.6865234375 0.771484375 0.068359375 0.01953125
1 0.421875 0.5537109375 0.0859375 0.01953125
1 0.4267578125 0.525390625 0.0859375 0.01953125
1 0.42626953125 0.4736328125 0.0869140625 0.021484375
1 0.25830078125 0.46435546875 0.0888671875 0.0244140625
1 0.24755859375 0.70068359375 0.0869140625 0.0224609375
1 0.25048828125 0.67822265625 0.0869140625 0.0205078125
1 0.25146484375 0.64892578125 0.0869140625 0.0244140625
1 0.251953125 0.623046875 0.087890625 0.021484375
1 0.25390625 0.568359375 0.087890625 0.01953125
1 0.2587890625 0.4912109375 0.0859375 0.01953125
1 0.26171875 0.43896484375 0.087890625 0.0185546875
1 0.431640625 0.44921875 0.0859375 0.0234375
1 0.26318359375 0.41064453125 0.0869140625 0.0224609375
1 0.265625 0.38427734375 0.087890625 0.0244140625
1 0.26611328125 0.3583984375 0.0888671875 0.01953125
1 0.26708984375 0.33203125 0.0869140625 0.021484375
1 0.27099609375 0.306640625 0.0869140625 0.021484375
1 0.2705078125 0.28076171875 0.087890625 0.0244140625
1 0.24658203125 0.72509765625 0.0888671875 0.0224609375
1 0.2451171875 0.75537109375 0.087890625 0.0205078125
1 0.244140625 0.78076171875 0.087890625 0.0244140625
1 0.2431640625 0.8076171875 0.087890625 0.01953125
1 0.2412109375 0.83349609375 0.087890625 0.0224609375
1 0.23828125 0.88623046875 0.08984375 0.0263671875
1 0.2373046875 0.912109375 0.087890625 0.021484375
1 0.234375 0.96337890625 0.087890625 0.0244140625
1 0.2314453125 0.9892578125 0.08203125 0.021484375
1 0.43798828125 0.341796875 0.0849609375 0.021484375
1 0.43701171875 0.3671875 0.0849609375 0.01953125
1 0.4345703125 0.39404296875 0.0859375 0.0185546875
1 0.43408203125 0.421875 0.0849609375 0.01953125
1 0.69921875 0.48291015625 0.068359375 0.0185546875
1 0.6962890625 0.53369140625 0.068359375 0.0205078125
1 0.97314453125 0.37646484375 0.0458984375 0.0869140625
0 0.9794921875 0.86279296875 0.015625 0.0283203125
0 0.93994140625 0.8603515625 0.0166015625 0.03125
0 0.8984375 0.857421875 0.015625 0.03515625
1 0.49072265625 0.9521484375 0.0869140625 0.01953125
0 0.9150390625 0.61669921875 0.0390625 0.0146484375
0 0.7587890625 0.662109375 0.017578125 0.0390625
1 0.48828125 0.99755859375 0.0859375 0.0048828125
0 0.99609375 0.86328125 0.0078125 0.029296875
0 0.96337890625 0.16455078125 0.0322265625 0.0126953125
0 0.92431640625 0.11572265625 0.0361328125 0.0146484375
0 0.9189453125 0.16552734375 0.033203125 0.0126953125
0 0.87109375 0.16259765625 0.037109375 0.0126953125
0 0.828125 0.1513671875 0.0390625 0.017578125
0 0.75048828125 0.15283203125 0.0439453125 0.0185546875
0 0.69970703125 0.13818359375 0.0341796875 0.0283203125
0 0.6201171875 0.04638671875 0.029296875 0.0380859375
0 0.6044921875 0.03076171875 0.025390625 0.0419921875
0 0.6708984375 0.10693359375 0.02734375 0.0302734375
1 0.48876953125 0.97607421875 0.0869140625 0.0244140625
1 0.49267578125 0.92626953125 0.0869140625 0.0224609375
1 0.87109375 0.5087890625 0.046875 0.080078125
1 0.5302734375 0.42626953125 0.0859375 0.0185546875
1 0.53271484375 0.39990234375 0.0849609375 0.0224609375
1 0.53515625 0.36962890625 0.0859375 0.0205078125
1 0.53662109375 0.3466796875 0.0869140625 0.01953125
1 0.92333984375 0.93212890625 0.0869140625 0.0185546875
1 0.83203125 0.4931640625 0.0546875 0.078125
1 0.89990234375 0.50927734375 0.0498046875 0.0810546875
1 0.49462890625 0.8984375 0.0869140625 0.01953125
1 0.9287109375 0.50927734375 0.0546875 0.0791015625
1 0.9755859375 0.5126953125 0.048828125 0.080078125
1 0.990234375 0.5263671875 0.01953125 0.046875
1 0.818359375 0.373046875 0.05078125 0.072265625
1 0.87109375 0.37451171875 0.0546875 0.0791015625
1 0.5283203125 0.451171875 0.0859375 0.025390625
1 0.52685546875 0.4794921875 0.0869140625 0.021484375
1 0.51806640625 0.50390625 0.0869140625 0.025390625
1 0.515625 0.52978515625 0.0859375 0.0205078125
1 0.51513671875 0.556640625 0.0869140625 0.01953125
1 0.51416015625 0.58203125 0.0869140625 0.021484375
1 0.5126953125 0.609375 0.0859375 0.021484375
1 0.51123046875 0.63671875 0.0849609375 0.0234375
1 0.50830078125 0.66259765625 0.0869140625 0.0244140625
1 0.50732421875 0.68896484375 0.0869140625 0.0224609375
1 0.50830078125 0.71484375 0.0869140625 0.01953125
1 0.5078125 0.7412109375 0.0859375 0.021484375
1 0.50439453125 0.76806640625 0.0869140625 0.0205078125
1 0.50146484375 0.7939453125 0.0869140625 0.021484375
1 0.49951171875 0.81982421875 0.0869140625 0.0185546875
1 0.49755859375 0.84619140625 0.0869140625 0.0205078125
1 0.49609375 0.87255859375 0.087890625 0.0244140625
1 0.27197265625 0.251953125 0.0888671875 0.025390625
