11 0.1728515625 0.57421875 0.03125 0.033203125
8 0.21044921875 0.5068359375 0.0302734375 0.04296875
8 0.26025390625 0.517578125 0.0302734375 0.04296875
8 0.2890625 0.5068359375 0.03125 0.04296875
8 0.32763671875 0.486328125 0.0283203125 0.04296875
8 0.357421875 0.4765625 0.029296875 0.04296875
8 0.337890625 0.41796875 0.029296875 0.04296875
8 0.26025390625 0.40771484375 0.0302734375 0.0419921875
8 0.19189453125 0.447265625 0.0283203125 0.04296875
9 0.11474609375 0.27001953125 0.1220703125 0.1943359375
13 0.6513671875 0.00830078125 0.0390625 0.0146484375
13 0.724609375 0.0458984375 0.013671875 0.013671875
13 0.701171875 0.0859375 0.02734375 0.0546875
