11 0.4130859375 0.57421875 0.03125 0.033203125
8 0.45068359375 0.5068359375 0.0302734375 0.04296875
8 0.50048828125 0.517578125 0.0302734375 0.04296875
8 0.529296875 0.5068359375 0.03125 0.04296875
8 0.56787109375 0.486328125 0.0283203125 0.04296875
8 0.59765625 0.4765625 0.029296875 0.04296875
8 0.578125 0.41796875 0.029296875 0.04296875
8 0.50048828125 0.40771484375 0.0302734375 0.0419921875
8 0.43212890625 0.447265625 0.0283203125 0.04296875
9 0.35498046875 0.27001953125 0.1220703125 0.1943359375
13 0.8916015625 0.00830078125 0.0390625 0.0146484375
13 0.96484375 0.0458984375 0.013671875 0.013671875
13 0.94140625 0.0859375 0.02734375 0.0546875
