1 0.92236328125 0.7802734375 0.0869140625 0.017578125
1 0.41015625 0.48046875 0.0859375 0.0234375
1 0.3955078125 0.6396484375 0.0859375 0.021484375
1 0.3984375 0.61376953125 0.0859375 0.0205078125
1 0.400390625 0.58544921875 0.0859375 0.0224609375
1 0.40185546875 0.560546875 0.0849609375 0.01953125
1 0.40576171875 0.53271484375 0.0849609375 0.0205078125
1 0.40771484375 0.50634765625 0.0869140625 0.0205078125
1 0.4111328125 0.45556640625 0.083984375 0.0205078125
1 0.39453125 0.6943359375 0.0859375 0.021484375
1 0.4130859375 0.42724609375 0.0859375 0.0205078125
1 0.41455078125 0.40087890625 0.0849609375 0.0205078125
1 0.412109375 0.376953125 0.087890625 0.025390625
1 0.41748046875 0.3232421875 0.0849609375 0.01953125
1 0.4208984375 0.296875 0.087890625 0.021484375
1 0.42333984375 0.24609375 0.0869140625 0.021484375
1 0.400390625 0.6650390625 0.0859375 0.021484375
1 0.67529296875 0.654296875 0.0849609375 0.025390625
1 0.6953125 0.173828125 0.068359375 0.017578125
1 0.69677734375 0.1201171875 0.0673828125 0.017578125
1 0.70068359375 0.09521484375 0.0771484375 0.0185546875
1 0.701171875 0.0703125 0.078125 0.017578125
1 0.69580078125 0.04150390625 0.0771484375 0.0185546875
1 0.70361328125 0.0146484375 0.0771484375 0.0234375
1 0.69482421875 0.2802734375 0.0673828125 0.01953125
1 0.68017578125 0.6123046875 0.0849609375 0.01953125
1 0.693359375 0.30712890625 0.06640625 0.0185546875
1 0.6904296875 0.3330078125 0.068359375 0.021484375
1 0.68994140625 0.35595703125 0.0693359375 0.0185546875
1 0.689453125 0.3837890625 0.0703125 0.021484375
1 0.689453125 0.40869140625 0.068359375 0.0205078125
1 0.6865234375 0.4365234375 0.068359375 0.01953125
1 0.421875 0.21875 0.0859375 0.01953125
1 0.4267578125 0.1904296875 0.0859375 0.01953125
1 0.42626953125 0.138671875 0.0869140625 0.021484375
1 0.25830078125 0.12939453125 0.0888671875 0.0244140625
1 0.24755859375 0.36572265625 0.0869140625 0.0224609375
1 0.25048828125 0.34326171875 0.0869140625 0.0205078125
1 0.25146484375 0.31396484375 0.0869140625 0.0244140625
1 0.251953125 0.2880859375 0.087890625 0.021484375
1 0.25390625 0.2333984375 0.087890625 0.01953125
1 0.2587890625 0.15625 0.0859375 0.01953125
1 0.26171875 0.10400390625 0.087890625 0.0185546875
1 0.431640625 0.1142578125 0.0859375 0.0234375
1 0.26318359375 0.07568359375 0.0869140625 0.0224609375
1 0.265625 0.04931640625 0.087890625 0.0244140625
1 0.26611328125 0.0234375 0.0888671875 0.01953125
1 0.2666015625 0.00439453125 0.0859375 0.0068359375
1 0.24658203125 0.39013671875 0.0888671875 0.0224609375
1 0.2451171875 0.42041015625 0.087890625 0.0205078125
1 0.244140625 0.44580078125 0.087890625 0.0244140625
1 0.2431640625 0.47265625 0.087890625 0.01953125
1 0.2412109375 0.49853515625 0.087890625 0.0224609375
1 0.23828125 0.55126953125 0.08984375 0.0263671875
1 0.2373046875 0.5771484375 0.087890625 0.021484375
1 0.234375 0.62841796875 0.087890625 0.0244140625
1 0.23193359375 0.65478515625 0.0830078125 0.0224609375
1 0.23193359375 0.6806640625 0.0888671875 0.021484375
1 0.23193359375 0.70703125 0.0888671875 0.0234375
1 0.2294921875 0.73388671875 0.087890625 0.0224609375
1 0.2373046875 0.76025390625 0.08984375 0.0205078125
1 0.43798828125 0.00927734375 0.0849609375 0.0166015625
1 0.43701171875 0.0322265625 0.0849609375 0.01953125
1 0.4345703125 0.05908203125 0.0859375 0.0185546875
1 0.43408203125 0.0869140625 0.0849609375 0.01953125
1 0.69921875 0.14794921875 0.068359375 0.0185546875
1 0.6962890625 0.19873046875 0.068359375 0.0205078125
1 0.97314453125 0.04296875 0.0458984375 0.083984375
0 0.9794921875 0.52783203125 0.015625 0.0283203125
0 0.93994140625 0.525390625 0.0166015625 0.03125
0 0.8984375 0.5224609375 0.015625 0.03515625
1 0.49072265625 0.6171875 0.0869140625 0.01953125
0 0.9150390625 0.28173828125 0.0390625 0.0146484375
0 0.7587890625 0.3271484375 0.017578125 0.0390625
1 0.48681640625 0.6962890625 0.0869140625 0.01953125
1 0.48828125 0.6689453125 0.0859375 0.017578125
0 0.99609375 0.5283203125 0.0078125 0.029296875
0 0.98681640625 0.68212890625 0.0263671875 0.0146484375
1 0.48876953125 0.64111328125 0.0869140625 0.0244140625
1 0.49267578125 0.59130859375 0.0869140625 0.0224609375
1 0.87109375 0.173828125 0.046875 0.080078125
1 0.5302734375 0.09130859375 0.0859375 0.0185546875
1 0.53271484375 0.06494140625 0.0849609375 0.0224609375
1 0.53515625 0.03466796875 0.0859375 0.0205078125
1 0.53662109375 0.01171875 0.0869140625 0.01953125
1 0.92333984375 0.59716796875 0.0869140625 0.0185546875
1 0.83203125 0.158203125 0.0546875 0.078125
1 0.89990234375 0.17431640625 0.0498046875 0.0810546875
1 0.49462890625 0.5634765625 0.0869140625 0.01953125
1 0.9287109375 0.17431640625 0.0546875 0.0791015625
1 0.9755859375 0.177734375 0.048828125 0.080078125
1 0.990234375 0.19140625 0.01953125 0.046875
1 0.818359375 0.0380859375 0.05078125 0.072265625
1 0.87109375 0.03955078125 0.0546875 0.0791015625
1 0.5283203125 0.1162109375 0.0859375 0.025390625
1 0.52685546875 0.14453125 0.0869140625 0.021484375
1 0.51806640625 0.1689453125 0.0869140625 0.025390625
1 0.515625 0.19482421875 0.0859375 0.0205078125
1 0.51513671875 0.2216796875 0.0869140625 0.01953125
1 0.51416015625 0.2470703125 0.0869140625 0.021484375
1 0.5126953125 0.2744140625 0.0859375 0.021484375
1 0.51123046875 0.3017578125 0.0849609375 0.0234375
1 0.50830078125 0.32763671875 0.0869140625 0.0244140625
1 0.50732421875 0.35400390625 0.0869140625 0.0224609375
1 0.50830078125 0.3798828125 0.0869140625 0.01953125
1 0.5078125 0.40625 0.0859375 0.021484375
1 0.50439453125 0.43310546875 0.0869140625 0.0205078125
1 0.50146484375 0.458984375 0.0869140625 0.021484375
1 0.49951171875 0.48486328125 0.0869140625 0.0185546875
1 0.49755859375 0.51123046875 0.0869140625 0.0205078125
1 0.49609375 0.53759765625 0.087890625 0.0244140625
