2 0.15087890625 0.8095703125 0.0947265625 0.099609375
2 0.0087890625 0.98779296875 0.015625 0.0244140625
2 0.03076171875 0.6416015625 0.0595703125 0.072265625
1 0.13623046875 0.17578125 0.0322265625 0.03125
1 0.150390625 0.1904296875 0.033203125 0.03515625
1 0.10205078125 0.2197265625 0.0302734375 0.03125
1 0.130859375 0.24365234375 0.025390625 0.0283203125
2 0.25048828125 0.31689453125 0.1455078125 0.1474609375
2 0.19287109375 0.2470703125 0.1025390625 0.10546875
2 0.0830078125 0.373046875 0.125 0.126953125
2 0.15478515625 0.46630859375 0.1455078125 0.1455078125
2 0.3759765625 0.17333984375 0.12890625 0.1279296875
2 0.455078125 0.23193359375 0.1015625 0.1083984375
2 0.52490234375 0.06005859375 0.1240234375 0.1181640625
2 0.587890625 0.111328125 0.10546875 0.107421875
