2 0.04736328125 0.70703125 0.0478515625 0.046875
2 0.08544921875 0.68408203125 0.0380859375 0.0361328125
2 0.49560546875 0.67919921875 0.0478515625 0.0458984375
2 0.2744140625 0.5634765625 0.052734375 0.0546875
2 0.3564453125 0.4560546875 0.052734375 0.0546875
2 0.39990234375 0.3779296875 0.0517578125 0.0546875
2 0.42431640625 0.34326171875 0.0439453125 0.0458984375
2 0.3076171875 0.28369140625 0.044921875 0.0478515625
2 0.29541015625 0.3232421875 0.0419921875 0.046875
2 0.2705078125 0.36572265625 0.041015625 0.0458984375
2 0.25390625 0.40625 0.03515625 0.04296875
2 0.9892578125 0.02880859375 0.021484375 0.0380859375
2 0.1201171875 0.66259765625 0.044921875 0.0380859375
2 0.16015625 0.640625 0.0390625 0.03515625
