2 0.326171875 0.54296875 0.046875 0.044921875
2 0.2421875 0.51025390625 0.048828125 0.0419921875
2 0.80712890625 0.75537109375 0.1181640625 0.1220703125
2 0.88916015625 0.7919921875 0.1181640625 0.125
2 0.6455078125 0.0068359375 0.033203125 0.01171875
2 0.19873046875 0.4931640625 0.0439453125 0.0390625
2 0.60986328125 0.8876953125 0.0654296875 0.068359375
2 0.57568359375 0.92529296875 0.0478515625 0.0537109375
2 0.3720703125 0.5693359375 0.080078125 0.076171875
2 0.15283203125 0.603515625 0.0732421875 0.068359375
2 0.4228515625 0.59765625 0.07421875 0.083984375
2 0.4521484375 0.91064453125 0.068359375 0.0732421875
1 0.5595703125 0.68359375 0.02734375 0.037109375
1 0.591796875 0.69384765625 0.025390625 0.0341796875
1 0.57421875 0.68896484375 0.0234375 0.0322265625
1 0.60595703125 0.70361328125 0.0263671875 0.0341796875
2 0.3193359375 0.76708984375 0.078125 0.0712890625
2 0.3251953125 0.80224609375 0.048828125 0.0537109375
2 0.28271484375 0.8212890625 0.0732421875 0.078125
2 0.4658203125 0.798828125 0.0703125 0.0703125
2 0.4765625 0.85400390625 0.080078125 0.0810546875
2 0.42919921875 0.861328125 0.0458984375 0.046875
