2 0.04736328125 0.8798828125 0.0478515625 0.046875
2 0.08544921875 0.85693359375 0.0380859375 0.0361328125
2 0.49560546875 0.85205078125 0.0478515625 0.0458984375
2 0.2744140625 0.736328125 0.052734375 0.0546875
2 0.3564453125 0.62890625 0.052734375 0.0546875
2 0.39990234375 0.55078125 0.0517578125 0.0546875
2 0.42431640625 0.51611328125 0.0439453125 0.0458984375
2 0.3076171875 0.45654296875 0.044921875 0.0478515625
2 0.29541015625 0.49609375 0.0419921875 0.046875
2 0.2705078125 0.53857421875 0.041015625 0.0458984375
2 0.25390625 0.5791015625 0.03515625 0.04296875
2 0.4248046875 0.10888671875 0.146484375 0.1416015625
2 0.50244140625 0.048828125 0.0439453125 0.048828125
2 0.48095703125 0.09375 0.0458984375 0.048828125
2 0.6259765625 0.1572265625 0.044921875 0.052734375
2 0.6455078125 0.11181640625 0.046875 0.0537109375
2 0.66796875 0.07080078125 0.041015625 0.0498046875
2 0.9892578125 0.20166015625 0.021484375 0.0380859375
2 0.1201171875 0.83544921875 0.044921875 0.0380859375
2 0.16015625 0.8134765625 0.0390625 0.03515625
2 0.4130859375 0.05615234375 0.0390625 0.0458984375
