2 0.19921875 0.20458984375 0.05078125 0.0439453125
2 0.23828125 0.22900390625 0.05078125 0.0498046875
2 0.43212890625 0.169921875 0.0634765625 0.064453125
2 0.4892578125 0.1884765625 0.04296875 0.044921875
2 0.51953125 0.1689453125 0.03515625 0.033203125
2 0.55126953125 0.130859375 0.0576171875 0.056640625
2 0.54736328125 0.19384765625 0.0634765625 0.0654296875
2 0.58544921875 0.1806640625 0.0791015625 0.08203125
2 0.70166015625 0.0205078125 0.0810546875 0.0390625
2 0.99169921875 0.34130859375 0.0166015625 0.0341796875
