2 0.97265625 0.10498046875 0.03125 0.0400390625
2 0.96435546875 0.14794921875 0.0322265625 0.0439453125
2 0.92236328125 0.15380859375 0.0283203125 0.0439453125
2 0.2373046875 0.005859375 0.04296875 0.009765625
2 0.28515625 0.00830078125 0.044921875 0.0146484375
2 0.6435546875 0.13037109375 0.111328125 0.0849609375
2 0.5498046875 0.171875 0.052734375 0.0625
2 0.99267578125 0.00732421875 0.0146484375 0.0126953125
2 0.96240234375 0.00732421875 0.0400390625 0.0126953125
2 0.794921875 0.67529296875 0.046875 0.0439453125
