1 0.4404296875 0.31982421875 0.033203125 0.0146484375
14 0.53271484375 0.04931640625 0.0283203125 0.0458984375
2 0.16796875 0.10498046875 0.03125 0.0400390625
2 0.15966796875 0.14794921875 0.0322265625 0.0439453125
2 0.11767578125 0.15380859375 0.0283203125 0.0439453125
2 0.23779296875 0.11279296875 0.0341796875 0.0478515625
14 0.2607421875 0.1845703125 0.0234375 0.03125
2 0.35986328125 0.20751953125 0.0400390625 0.0302734375
2 0.40087890625 0.2099609375 0.0478515625 0.03515625
2 0.4404296875 0.21435546875 0.03515625 0.0283203125
2 0.48779296875 0.2177734375 0.0400390625 0.03515625
1 0.43896484375 0.341796875 0.0322265625 0.013671875
2 0.5478515625 0.2119140625 0.03125 0.041015625
2 0.5419921875 0.2529296875 0.03515625 0.041015625
2 0.53271484375 0.2939453125 0.0322265625 0.041015625
2 0.52587890625 0.3359375 0.0341796875 0.041015625
2 0.82177734375 0.2080078125 0.0869140625 0.083984375
14 0.42724609375 0.0380859375 0.0322265625 0.044921875
2 0.2890625 0.0185546875 0.041015625 0.03515625
2 0.2470703125 0.01220703125 0.041015625 0.0224609375
2 0.20166015625 0.0087890625 0.0419921875 0.015625
2 0.15771484375 0.00732421875 0.0400390625 0.0126953125
2 0.6455078125 0.5 0.091796875 0.076171875
2 0.4306640625 0.55712890625 0.029296875 0.0380859375
2 0.42431640625 0.5888671875 0.0341796875 0.0390625
2 0.4296875 0.62060546875 0.03125 0.0380859375
2 0.41943359375 0.654296875 0.0341796875 0.037109375
2 0.427734375 0.68994140625 0.029296875 0.0380859375
2 0.4248046875 0.72265625 0.033203125 0.04296875
2 0.33447265625 0.70263671875 0.0439453125 0.0498046875
2 0.42822265625 0.822265625 0.0283203125 0.041015625
