2 0.74755859375 0.40625 0.0439453125 0.037109375
2 0.97265625 0.54736328125 0.03125 0.0400390625
2 0.96435546875 0.59033203125 0.0322265625 0.0439453125
2 0.92236328125 0.59619140625 0.0283203125 0.0439453125
2 0.8779296875 0.421875 0.046875 0.0390625
2 0.83349609375 0.4169921875 0.0439453125 0.03515625
2 0.77392578125 0.38330078125 0.0458984375 0.0380859375
2 0.25537109375 0.30908203125 0.0458984375 0.0361328125
2 0.01904296875 0.294921875 0.0361328125 0.03515625
2 0.12548828125 0.283203125 0.0439453125 0.03515625
2 0.10009765625 0.30810546875 0.0458984375 0.0361328125
2 0.1875 0.32177734375 0.041015625 0.0341796875
2 0.21337890625 0.2998046875 0.0439453125 0.033203125
2 0.2294921875 0.3310546875 0.046875 0.0390625
2 0.296875 0.3154296875 0.044921875 0.037109375
2 0.703125 0.39892578125 0.048828125 0.0400390625
2 0.34521484375 0.31787109375 0.0458984375 0.0361328125
2 0.318359375 0.34130859375 0.0390625 0.0322265625
2 0.27392578125 0.3388671875 0.0380859375 0.033203125
2 0.015625 0.39990234375 0.029296875 0.0322265625
2 0.19189453125 0.42529296875 0.0419921875 0.0322265625
2 0.2392578125 0.43359375 0.046875 0.0390625
2 0.28662109375 0.43994140625 0.0478515625 0.0361328125
2 0.6435546875 0.57275390625 0.111328125 0.0849609375
2 0.5498046875 0.6142578125 0.052734375 0.0625
2 0.68505859375 0.36865234375 0.0478515625 0.0341796875
2 0.99267578125 0.44189453125 0.0146484375 0.0283203125
2 0.9853515625 0.41455078125 0.029296875 0.0302734375
2 0.96337890625 0.43994140625 0.0419921875 0.0322265625
2 0.9462890625 0.412109375 0.03515625 0.03125
2 0.92138671875 0.42822265625 0.0458984375 0.0361328125
2 0.85986328125 0.39892578125 0.0419921875 0.0322265625
