2 0.390625 0.06787109375 0.04296875 0.0517578125
2 0.03076171875 0.208984375 0.0595703125 0.08203125
2 0.21728515625 0.28173828125 0.0439453125 0.0478515625
2 0.23193359375 0.20263671875 0.0458984375 0.0439453125
2 0.26318359375 0.17724609375 0.0478515625 0.0478515625
2 0.31640625 0.17578125 0.046875 0.037109375
2 0.36279296875 0.1806640625 0.0458984375 0.033203125
2 0.40625 0.1884765625 0.044921875 0.037109375
2 0.31787109375 0.41357421875 0.0576171875 0.0556640625
2 0.3642578125 0.38720703125 0.05859375 0.0537109375
2 0.41357421875 0.39013671875 0.0751953125 0.0712890625
2 0.44775390625 0.435546875 0.0810546875 0.08203125
2 0.48681640625 0.48388671875 0.0751953125 0.0751953125
2 0.52587890625 0.529296875 0.0830078125 0.0859375
2 0.5810546875 0.615234375 0.083984375 0.080078125
2 0.67431640625 0.7333984375 0.0615234375 0.0625
2 0.748046875 0.8359375 0.1015625 0.103515625
