2 0.36181640625 0.17529296875 0.0537109375 0.0537109375
2 0.41455078125 0.0244140625 0.0419921875 0.046875
11 0.19189453125 0.02197265625 0.0439453125 0.0439453125
2 0.77490234375 0.02978515625 0.0791015625 0.0576171875
2 0.8330078125 0.060546875 0.078125 0.078125
2 0.283203125 0.28125 0.044921875 0.048828125
2 0.25927734375 0.3310546875 0.0439453125 0.048828125
1 0.54931640625 0.63232421875 0.0224609375 0.0341796875
2 0.7333984375 0.7470703125 0.046875 0.052734375
2 0.4248046875 0.91357421875 0.146484375 0.1416015625
2 0.50244140625 0.853515625 0.0439453125 0.048828125
2 0.48095703125 0.8984375 0.0458984375 0.048828125
2 0.6259765625 0.9619140625 0.044921875 0.052734375
2 0.6455078125 0.91650390625 0.046875 0.0537109375
2 0.66796875 0.87548828125 0.041015625 0.0498046875
2 0.75439453125 0.70654296875 0.0458984375 0.0517578125
1 0.53076171875 0.61865234375 0.0224609375 0.0322265625
2 0.77734375 0.66552734375 0.048828125 0.0537109375
2 0.79736328125 0.62060546875 0.0400390625 0.0478515625
2 0.82080078125 0.57763671875 0.0478515625 0.0537109375
2 0.86181640625 0.49072265625 0.0458984375 0.0517578125
2 0.8818359375 0.44775390625 0.046875 0.0517578125
2 0.68896484375 0.4501953125 0.0712890625 0.072265625
2 0.5986328125 0.55322265625 0.056640625 0.0517578125
2 0.60009765625 0.40185546875 0.0654296875 0.0673828125
2 0.55224609375 0.29150390625 0.0712890625 0.0732421875
1 0.51220703125 0.6064453125 0.0283203125 0.041015625
2 0.99267578125 0.99365234375 0.0146484375 0.0126953125
2 0.4130859375 0.86083984375 0.0390625 0.0458984375
