2 0.3583984375 0.31982421875 0.029296875 0.0361328125
2 0.35546875 0.23486328125 0.03515625 0.0400390625
2 0.51220703125 0.09423828125 0.0380859375 0.0458984375
2 0.6044921875 0.6259765625 0.037109375 0.044921875
2 0.609375 0.72998046875 0.02734375 0.0380859375
2 0.51416015625 0.62890625 0.0341796875 0.044921875
2 0.51025390625 0.4951171875 0.0283203125 0.037109375
2 0.5146484375 0.291015625 0.04296875 0.056640625
2 0.5185546875 0.22412109375 0.0390625 0.0478515625
2 0.51318359375 0.15966796875 0.0361328125 0.0498046875
2 0.4931640625 0.01904296875 0.0390625 0.0361328125
2 0.599609375 0.49365234375 0.02734375 0.0400390625
2 0.33447265625 0.677734375 0.0341796875 0.041015625
2 0.375 0.662109375 0.0390625 0.02734375
2 0.408203125 0.7421875 0.04296875 0.046875
2 0.423828125 0.6767578125 0.029296875 0.0390625
2 0.42138671875 0.63232421875 0.0263671875 0.0380859375
2 0.41943359375 0.58544921875 0.0302734375 0.0419921875
2 0.4189453125 0.54150390625 0.025390625 0.0380859375
2 0.5546875 0.607421875 0.037109375 0.02734375
2 0.59912109375 0.4482421875 0.0283203125 0.041015625
2 0.4169921875 0.455078125 0.025390625 0.0390625
2 0.59765625 0.12255859375 0.041015625 0.0517578125
2 0.5986328125 0.25732421875 0.02734375 0.0380859375
2 0.8955078125 0.2294921875 0.06640625 0.056640625
2 0.89794921875 0.40966796875 0.0615234375 0.0693359375
2 0.9326171875 0.537109375 0.0546875 0.052734375
2 0.9013671875 0.57470703125 0.06640625 0.0537109375
2 0.59716796875 0.3232421875 0.0419921875 0.05859375
2 0.4189453125 0.50048828125 0.02734375 0.0361328125
2 0.4169921875 0.041015625 0.044921875 0.033203125
14 0.00927734375 0.76806640625 0.0166015625 0.0439453125
2 0.0419921875 0.05859375 0.06640625 0.0625
2 0.02294921875 0.07080078125 0.0439453125 0.0380859375
2 0.1572265625 0.70556640625 0.04296875 0.0458984375
2 0.05224609375 0.6845703125 0.0341796875 0.041015625
2 0.1484375 0.63916015625 0.029296875 0.0419921875
2 0.42724609375 0.177734375 0.0302734375 0.041015625
2 0.23779296875 0.68212890625 0.0283203125 0.0380859375
2 0.4287109375 0.22509765625 0.029296875 0.0400390625
2 0.4306640625 0.27099609375 0.03125 0.0400390625
2 0.43408203125 0.318359375 0.0302734375 0.041015625
2 0.3564453125 0.17333984375 0.03125 0.0419921875
2 0.32568359375 0.50146484375 0.0283203125 0.0400390625
2 0.3291015625 0.59033203125 0.025390625 0.0400390625
2 0.28076171875 0.67578125 0.0400390625 0.029296875
2 0.23779296875 0.63671875 0.0244140625 0.0390625
2 0.1455078125 0.59521484375 0.03125 0.0419921875
2 0.23876953125 0.59326171875 0.0244140625 0.0380859375
2 0.2353515625 0.54931640625 0.03125 0.0439453125
2 0.2353515625 0.13232421875 0.046875 0.0341796875
2 0.2333984375 0.091796875 0.037109375 0.029296875
2 0.14111328125 0.4638671875 0.0244140625 0.0390625
2 0.1416015625 0.5068359375 0.025390625 0.0390625
2 0.1435546875 0.55224609375 0.03125 0.0419921875
