9 0.1708984375 0.7568359375 0.021484375 0.01171875
9 0.27294921875 0.86669921875 0.0107421875 0.0244140625
9 0.33349609375 0.8994140625 0.0224609375 0.017578125
9 0.38427734375 0.89306640625 0.0166015625 0.0224609375
9 0.453125 0.91748046875 0.025390625 0.0185546875
9 0.53662109375 0.9169921875 0.0224609375 0.015625
9 0.701171875 0.615234375 0.015625 0.017578125
9 0.634765625 0.654296875 0.017578125 0.0234375
9 0.58837890625 0.69189453125 0.0166015625 0.0224609375
9 0.5517578125 0.73779296875 0.025390625 0.0224609375
9 0.69921875 0.16455078125 0.015625 0.0185546875
9 0.52197265625 0.2431640625 0.0146484375 0.013671875
9 0.75927734375 0.224609375 0.0166015625 0.013671875
9 0.77490234375 0.05419921875 0.0205078125 0.0166015625
9 0.28369140625 0.04443359375 0.0224609375 0.0283203125
