2 0.96142578125 0.39599609375 0.0439453125 0.0419921875
2 0.9130859375 0.64013671875 0.0703125 0.0732421875
2 0.9404296875 0.5205078125 0.056640625 0.056640625
2 0.92724609375 0.373046875 0.0478515625 0.044921875
2 0.98388671875 0.4189453125 0.0322265625 0.046875
2 0.3876953125 0.1162109375 0.044921875 0.046875
2 0.50048828125 0.02099609375 0.0478515625 0.0400390625
2 0.4365234375 0.01708984375 0.048828125 0.0322265625
2 0.408203125 0.04248046875 0.046875 0.0498046875
2 0.38427734375 0.080078125 0.0419921875 0.04296875
2 0.43310546875 0.06396484375 0.0302734375 0.0380859375
2 0.42822265625 0.10205078125 0.0458984375 0.0458984375
