2 0.80078125 0.8515625 0.046875 0.046875
2 0.51416015625 0.39599609375 0.0439453125 0.0419921875
2 0.4658203125 0.64013671875 0.0703125 0.0732421875
2 0.4931640625 0.5205078125 0.056640625 0.056640625
2 0.5703125 0.53515625 0.099609375 0.1015625
2 0.626953125 0.56201171875 0.04296875 0.0458984375
2 0.59326171875 0.60302734375 0.0576171875 0.0595703125
2 0.47998046875 0.373046875 0.0478515625 0.044921875
2 0.544921875 0.419921875 0.048828125 0.048828125
2 0.05322265625 0.02099609375 0.0478515625 0.0400390625
2 0.00830078125 0.0107421875 0.0146484375 0.01953125
