2 0.92138671875 0.72900390625 0.0400390625 0.0283203125
2 0.92724609375 0.90234375 0.0361328125 0.02734375
2 0.921875 0.81591796875 0.041015625 0.0283203125
2 0.87744140625 0.728515625 0.0458984375 0.033203125
2 0.99609375 0.8134765625 0.0078125 0.029296875
2 0.91845703125 0.59619140625 0.0439453125 0.0458984375
2 0.91650390625 0.5234375 0.0361328125 0.04296875
2 0.9130859375 0.4580078125 0.025390625 0.041015625
2 0.9072265625 0.2705078125 0.03125 0.046875
2 0.6357421875 0.5751953125 0.03125 0.044921875
2 0.6376953125 0.46337890625 0.03125 0.0400390625
2 0.6943359375 0.4873046875 0.03125 0.041015625
2 0.970703125 0.8994140625 0.037109375 0.029296875
2 0.99609375 0.9033203125 0.0078125 0.029296875
2 0.724609375 0.380859375 0.060546875 0.048828125
2 0.67529296875 0.44091796875 0.0478515625 0.0595703125
2 0.68212890625 0.34423828125 0.0322265625 0.0419921875
2 0.1533203125 0.990234375 0.05078125 0.01953125
2 0.20703125 0.751953125 0.041015625 0.05078125
2 0.20703125 0.98828125 0.05078125 0.0234375
2 0.62451171875 0.86669921875 0.0478515625 0.0595703125
2 0.5322265625 0.76123046875 0.0390625 0.0380859375
2 0.62451171875 0.818359375 0.0283203125 0.0390625
2 0.62060546875 0.7724609375 0.0341796875 0.04296875
2 0.662109375 0.7705078125 0.0390625 0.0390625
2 0.6630859375 0.7255859375 0.03515625 0.04296875
2 0.619140625 0.73046875 0.033203125 0.041015625
2 0.5380859375 0.853515625 0.029296875 0.04296875
2 0.5361328125 0.80810546875 0.029296875 0.0380859375
14 0.6015625 0.98486328125 0.046875 0.0302734375
2 0.27734375 0.970703125 0.076171875 0.05859375
2 0.4462890625 0.88330078125 0.03125 0.0439453125
2 0.4453125 0.84033203125 0.03125 0.0341796875
2 0.4443359375 0.79052734375 0.029296875 0.0361328125
2 0.4443359375 0.74462890625 0.03125 0.0419921875
2 0.36279296875 0.79052734375 0.0322265625 0.0380859375
2 0.36328125 0.74560546875 0.037109375 0.0458984375
2 0.28564453125 0.47802734375 0.0615234375 0.0498046875
2 0.8388671875 0.90380859375 0.044921875 0.0322265625
2 0.96630859375 0.72802734375 0.0439453125 0.0302734375
