2 0.99755859375 0.3447265625 0.0048828125 0.029296875
2 0.87548828125 0.43115234375 0.0419921875 0.0302734375
2 0.8984375 0.44775390625 0.05078125 0.0400390625
2 0.94482421875 0.44580078125 0.0458984375 0.0400390625
2 0.978515625 0.4033203125 0.04296875 0.0625
2 0.95166015625 0.34326171875 0.0849609375 0.0517578125
2 0.8115234375 0.44873046875 0.046875 0.0341796875
2 0.9013671875 0.34619140625 0.048828125 0.0380859375
2 0.8505859375 0.35009765625 0.0546875 0.0478515625
2 0.787109375 0.349609375 0.046875 0.0390625
2 0.7421875 0.35107421875 0.04296875 0.0361328125
2 0.86669921875 0.21484375 0.0673828125 0.0625
2 0.81298828125 0.23681640625 0.1181640625 0.1005859375
2 0.85498046875 0.45068359375 0.0419921875 0.0283203125
2 0.884765625 0.49267578125 0.05859375 0.0556640625
2 0.7666015625 0.4501953125 0.041015625 0.03125
2 0.94482421875 0.48974609375 0.0693359375 0.0615234375
2 0.99169921875 0.5146484375 0.0166015625 0.046875
2 0.74560546875 0.23486328125 0.0517578125 0.0595703125
2 0.7216796875 0.44873046875 0.041015625 0.0322265625
2 0.16162109375 0.36669921875 0.0380859375 0.0380859375
2 0.15966796875 0.32177734375 0.0283203125 0.0380859375
2 0.08154296875 0.41357421875 0.0400390625 0.0595703125
2 0.07421875 0.369140625 0.033203125 0.044921875
2 0.07958984375 0.32666015625 0.0302734375 0.0419921875
2 0.07470703125 0.2802734375 0.0380859375 0.0390625
2 0.1669921875 0.45263671875 0.029296875 0.0400390625
2 0.166015625 0.408203125 0.02734375 0.0390625
2 0.25244140625 0.36376953125 0.0341796875 0.0380859375
2 0.6806640625 0.453125 0.029296875 0.029296875
2 0.51708984375 0.4599609375 0.0263671875 0.03515625
2 0.63720703125 0.45458984375 0.0419921875 0.0302734375
2 0.697265625 0.54931640625 0.052734375 0.0478515625
2 0.65234375 0.576171875 0.07421875 0.07421875
2 0.65087890625 0.35400390625 0.0341796875 0.0263671875
2 0.60595703125 0.353515625 0.0400390625 0.0390625
2 0.5009765625 0.4013671875 0.064453125 0.06640625
2 0.43017578125 0.4453125 0.0263671875 0.025390625
2 0.2509765625 0.4072265625 0.03125 0.041015625
2 0.4267578125 0.3984375 0.029296875 0.041015625
2 0.4267578125 0.35107421875 0.025390625 0.0400390625
2 0.3408203125 0.44873046875 0.02734375 0.0322265625
2 0.3369140625 0.40478515625 0.03125 0.0400390625
2 0.2333984375 0.255859375 0.0546875 0.05859375
2 0.2529296875 0.4521484375 0.029296875 0.0390625
2 0.6953125 0.2548828125 0.046875 0.037109375
2 0.9921875 0.2451171875 0.015625 0.029296875
2 0.974609375 0.234375 0.05078125 0.044921875
2 0.69677734375 0.35107421875 0.0419921875 0.0322265625
2 0.5126953125 0.31982421875 0.029296875 0.0380859375
2 0.65380859375 0.2578125 0.0419921875 0.029296875
2 0.51953125 0.50341796875 0.0234375 0.0283203125
2 0.43115234375 0.50146484375 0.0322265625 0.0419921875
2 0.3388671875 0.35986328125 0.033203125 0.0419921875
2 0.3388671875 0.31689453125 0.03125 0.0419921875
