2 0.18701171875 0.72314453125 0.0537109375 0.0517578125
2 0.96630859375 0.55126953125 0.0380859375 0.0380859375
2 0.96435546875 0.50634765625 0.0283203125 0.0380859375
2 0.88623046875 0.59814453125 0.0400390625 0.0595703125
2 0.87890625 0.5537109375 0.033203125 0.044921875
2 0.88427734375 0.51123046875 0.0302734375 0.0419921875
2 0.87939453125 0.46484375 0.0380859375 0.0390625
2 0.46337890625 0.6337890625 0.0439453125 0.029296875
2 0.9716796875 0.63720703125 0.029296875 0.0400390625
2 0.33984375 0.64013671875 0.04296875 0.0283203125
2 0.3095703125 0.63330078125 0.041015625 0.0283203125
2 0.3662109375 0.53759765625 0.04296875 0.0283203125
2 0.2744140625 0.54736328125 0.03515625 0.0302734375
2 0.39453125 0.45068359375 0.037109375 0.0283203125
2 0.3662109375 0.447265625 0.0390625 0.029296875
2 0.970703125 0.5927734375 0.02734375 0.0390625
2 0.2587890625 0.75244140625 0.041015625 0.0400390625
2 0.4609375 0.5400390625 0.04296875 0.029296875
2 0.42919921875 0.53759765625 0.0380859375 0.0224609375
2 0.4541015625 0.43896484375 0.056640625 0.0400390625
2 0.33447265625 0.44970703125 0.0361328125 0.0283203125
