2 0.16162109375 0.9169921875 0.1025390625 0.1171875
2 0.10546875 0.90185546875 0.0703125 0.0693359375
2 0.07421875 0.93701171875 0.0625 0.0419921875
2 0.09375 0.6796875 0.07421875 0.072265625
2 0.22607421875 0.64013671875 0.0927734375 0.0888671875
2 0.25439453125 0.9189453125 0.0732421875 0.076171875
2 0.39501953125 0.72314453125 0.0361328125 0.0458984375
2 0.58349609375 0.74169921875 0.0634765625 0.0615234375
2 0.6689453125 0.73681640625 0.029296875 0.0439453125
2 0.3974609375 0.91015625 0.048828125 0.048828125
2 0.39892578125 0.6630859375 0.0537109375 0.0625
14 0.81201171875 0.94189453125 0.0205078125 0.0439453125
2 0.8466796875 0.232421875 0.06640625 0.0625
2 0.826171875 0.24462890625 0.046875 0.0380859375
2 0.76513671875 0.81884765625 0.0302734375 0.0419921875
2 0.76416015625 0.77587890625 0.0263671875 0.0419921875
2 0.6708984375 0.82373046875 0.029296875 0.0439453125
2 0.66943359375 0.77880859375 0.0244140625 0.0380859375
2 0.66796875 0.69091796875 0.029296875 0.0400390625
14 0.75048828125 0.94580078125 0.0302734375 0.0380859375
2 0.9619140625 0.87939453125 0.04296875 0.0458984375
14 0.67431640625 0.9462890625 0.0380859375 0.048828125
14 0.5625 0.947265625 0.037109375 0.052734375
2 0.58447265625 0.81640625 0.0673828125 0.08203125
2 0.59326171875 0.68701171875 0.0380859375 0.0458984375
2 0.5693359375 0.47705078125 0.029296875 0.0439453125
2 0.5625 0.38037109375 0.029296875 0.0419921875
2 0.5537109375 0.2421875 0.033203125 0.044921875
2 0.85693359375 0.8583984375 0.0341796875 0.041015625
2 0.953125 0.81298828125 0.029296875 0.0419921875
2 0.9501953125 0.76904296875 0.03125 0.0419921875
2 0.94580078125 0.6376953125 0.0244140625 0.0390625
2 0.9462890625 0.6806640625 0.025390625 0.0390625
2 0.9482421875 0.72607421875 0.03125 0.0419921875
