2 0.99755859375 0.529296875 0.0048828125 0.029296875
2 0.87548828125 0.61572265625 0.0419921875 0.0302734375
2 0.8984375 0.63232421875 0.05078125 0.0400390625
2 0.94482421875 0.63037109375 0.0458984375 0.0400390625
2 0.978515625 0.587890625 0.04296875 0.0625
2 0.95166015625 0.52783203125 0.0849609375 0.0517578125
2 0.8115234375 0.63330078125 0.046875 0.0341796875
2 0.9013671875 0.53076171875 0.048828125 0.0380859375
2 0.8505859375 0.53466796875 0.0546875 0.0478515625
2 0.787109375 0.5341796875 0.046875 0.0390625
2 0.7421875 0.53564453125 0.04296875 0.0361328125
2 0.86669921875 0.3994140625 0.0673828125 0.0625
2 0.81298828125 0.42138671875 0.1181640625 0.1005859375
2 0.85498046875 0.63525390625 0.0419921875 0.0283203125
2 0.884765625 0.67724609375 0.05859375 0.0556640625
2 0.7666015625 0.634765625 0.041015625 0.03125
2 0.94482421875 0.67431640625 0.0693359375 0.0615234375
2 0.99169921875 0.69921875 0.0166015625 0.046875
2 0.74560546875 0.41943359375 0.0517578125 0.0595703125
2 0.7216796875 0.63330078125 0.041015625 0.0322265625
2 0.16162109375 0.55126953125 0.0380859375 0.0380859375
2 0.15966796875 0.50634765625 0.0283203125 0.0380859375
2 0.08154296875 0.59814453125 0.0400390625 0.0595703125
2 0.07421875 0.5537109375 0.033203125 0.044921875
2 0.07958984375 0.51123046875 0.0302734375 0.0419921875
2 0.07470703125 0.46484375 0.0380859375 0.0390625
2 0.1669921875 0.63720703125 0.029296875 0.0400390625
2 0.166015625 0.5927734375 0.02734375 0.0390625
2 0.25244140625 0.54833984375 0.0341796875 0.0380859375
2 0.6806640625 0.6376953125 0.029296875 0.029296875
2 0.51708984375 0.64453125 0.0263671875 0.03515625
2 0.63720703125 0.63916015625 0.0419921875 0.0302734375
2 0.697265625 0.73388671875 0.052734375 0.0478515625
2 0.65234375 0.7607421875 0.07421875 0.07421875
2 0.65087890625 0.53857421875 0.0341796875 0.0263671875
2 0.60595703125 0.5380859375 0.0400390625 0.0390625
2 0.5009765625 0.5859375 0.064453125 0.06640625
2 0.43017578125 0.6298828125 0.0263671875 0.025390625
2 0.2509765625 0.591796875 0.03125 0.041015625
2 0.4267578125 0.5830078125 0.029296875 0.041015625
2 0.4267578125 0.53564453125 0.025390625 0.0400390625
2 0.3408203125 0.63330078125 0.02734375 0.0322265625
2 0.3369140625 0.58935546875 0.03125 0.0400390625
2 0.2333984375 0.4404296875 0.0546875 0.05859375
2 0.2529296875 0.63671875 0.029296875 0.0390625
2 0.6953125 0.439453125 0.046875 0.037109375
2 0.9921875 0.4296875 0.015625 0.029296875
2 0.974609375 0.4189453125 0.05078125 0.044921875
2 0.69677734375 0.53564453125 0.0419921875 0.0322265625
2 0.5126953125 0.50439453125 0.029296875 0.0380859375
2 0.65380859375 0.4423828125 0.0419921875 0.029296875
2 0.51953125 0.68798828125 0.0234375 0.0283203125
2 0.43115234375 0.68603515625 0.0322265625 0.0419921875
2 0.3388671875 0.54443359375 0.033203125 0.0419921875
2 0.3388671875 0.50146484375 0.03125 0.0419921875
