2 0.18701171875 0.53857421875 0.0537109375 0.0517578125
2 0.96630859375 0.36669921875 0.0380859375 0.0380859375
2 0.96435546875 0.32177734375 0.0283203125 0.0380859375
2 0.88623046875 0.41357421875 0.0400390625 0.0595703125
2 0.87890625 0.369140625 0.033203125 0.044921875
2 0.88427734375 0.32666015625 0.0302734375 0.0419921875
2 0.87939453125 0.2802734375 0.0380859375 0.0390625
2 0.46337890625 0.44921875 0.0439453125 0.029296875
2 0.9716796875 0.45263671875 0.029296875 0.0400390625
2 0.33984375 0.45556640625 0.04296875 0.0283203125
2 0.3095703125 0.44873046875 0.041015625 0.0283203125
2 0.3662109375 0.35302734375 0.04296875 0.0283203125
2 0.2744140625 0.36279296875 0.03515625 0.0302734375
2 0.39453125 0.26611328125 0.037109375 0.0283203125
2 0.3662109375 0.2626953125 0.0390625 0.029296875
2 0.970703125 0.408203125 0.02734375 0.0390625
2 0.2587890625 0.56787109375 0.041015625 0.0400390625
2 0.4609375 0.35546875 0.04296875 0.029296875
2 0.42919921875 0.35302734375 0.0380859375 0.0224609375
2 0.4541015625 0.25439453125 0.056640625 0.0400390625
2 0.33447265625 0.26513671875 0.0361328125 0.0283203125
