2 0.96142578125 0.43701171875 0.0439453125 0.0419921875
2 0.9130859375 0.68115234375 0.0703125 0.0732421875
2 0.9404296875 0.5615234375 0.056640625 0.056640625
2 0.92724609375 0.4140625 0.0478515625 0.044921875
2 0.98388671875 0.4599609375 0.0322265625 0.046875
2 0.3876953125 0.1572265625 0.044921875 0.046875
2 0.50048828125 0.05810546875 0.0478515625 0.0478515625
2 0.4599609375 0.0185546875 0.03515625 0.03515625
2 0.4375 0.04833984375 0.05078125 0.0517578125
2 0.408203125 0.08349609375 0.046875 0.0498046875
2 0.38427734375 0.12109375 0.0419921875 0.04296875
2 0.43310546875 0.10498046875 0.0302734375 0.0380859375
2 0.42822265625 0.14306640625 0.0458984375 0.0458984375
