2 0.51953125 0.45556640625 0.0390625 0.0302734375
2 0.474609375 0.45703125 0.041015625 0.029296875
2 0.10400390625 0.369140625 0.0439453125 0.03515625
2 0.4296875 0.45556640625 0.044921875 0.0322265625
2 0.33935546875 0.458984375 0.0361328125 0.025390625
2 0.2900390625 0.4619140625 0.04296875 0.033203125
2 0.2939453125 0.55712890625 0.041015625 0.0322265625
2 0.15380859375 0.46630859375 0.0439453125 0.0322265625
2 0.2802734375 0.33740234375 0.05078125 0.0419921875
2 0.28076171875 0.984375 0.0302734375 0.03125
2 0.2802734375 0.7919921875 0.044921875 0.029296875
2 0.01953125 0.36962890625 0.037109375 0.0302734375
2 0.17236328125 0.35546875 0.0615234375 0.0546875
2 0.2060546875 0.341796875 0.0546875 0.048828125
2 0.32080078125 0.3564453125 0.0615234375 0.0546875
2 0.01904296875 0.47021484375 0.0361328125 0.0322265625
2 0.10595703125 0.4658203125 0.0400390625 0.029296875
2 0.1982421875 0.46533203125 0.04296875 0.0322265625
2 0.34033203125 0.5556640625 0.0419921875 0.033203125
2 0.38623046875 0.552734375 0.0419921875 0.03125
2 0.52099609375 0.55126953125 0.0498046875 0.0419921875
