2 0.00537109375 0.4560546875 0.0087890625 0.029296875
2 0.50390625 0.7880859375 0.0625 0.056640625
2 0.58837890625 0.8095703125 0.0400390625 0.03125
2 0.0087890625 0.54931640625 0.015625 0.0380859375
2 0.56201171875 0.7734375 0.0673828125 0.072265625
2 0.615234375 0.77197265625 0.05859375 0.0556640625
2 0.66650390625 0.7802734375 0.0712890625 0.07421875
2 0.63037109375 0.81298828125 0.0595703125 0.0517578125
2 0.6201171875 0.86083984375 0.0546875 0.0615234375
2 0.701171875 0.84326171875 0.07421875 0.0869140625
