2 0.10791015625 0.63818359375 0.1259765625 0.1337890625
2 0.14697265625 0.85400390625 0.0302734375 0.0380859375
2 0.1513671875 0.7275390625 0.02734375 0.0390625
2 0.0419921875 0.64990234375 0.07421875 0.0791015625
2 0.02294921875 0.49755859375 0.0439453125 0.0498046875
2 0.1845703125 0.35205078125 0.052734375 0.0634765625
2 0.1435546875 0.36328125 0.056640625 0.052734375
2 0.10107421875 0.3505859375 0.0673828125 0.0703125
2 0.0625 0.35986328125 0.044921875 0.0595703125
2 0.0224609375 0.34619140625 0.04296875 0.0517578125
2 0.45458984375 0.220703125 0.0732421875 0.083984375
2 0.41357421875 0.63134765625 0.1708984375 0.1513671875
2 0.52783203125 0.94189453125 0.0830078125 0.0849609375
2 0.490234375 0.51611328125 0.078125 0.0751953125
2 0.5595703125 0.662109375 0.044921875 0.05859375
0 0.43017578125 0.92138671875 0.0205078125 0.0126953125
1 0.41748046875 0.68701171875 0.0341796875 0.0146484375
0 0.3310546875 0.7841796875 0.01171875 0.0234375
1 0.00390625 0.62451171875 0.005859375 0.0283203125
1 0.02587890625 0.173828125 0.0380859375 0.013671875
2 0.80859375 0.94677734375 0.0546875 0.0595703125
2 0.08349609375 0.50341796875 0.0693359375 0.0673828125
2 0.14892578125 0.50537109375 0.0439453125 0.0537109375
2 0.14892578125 0.8134765625 0.0263671875 0.0390625
2 0.150390625 0.76904296875 0.029296875 0.0380859375
2 0.73583984375 0.98583984375 0.0595703125 0.0283203125
2 0.76416015625 0.939453125 0.0595703125 0.060546875
2 0.71630859375 0.9306640625 0.0439453125 0.0546875
2 0.48828125 0.5927734375 0.234375 0.244140625
