2 0.39697265625 0.36767578125 0.0712890625 0.0732421875
2 0.62255859375 0.31201171875 0.0576171875 0.0595703125
1 0.30712890625 0.0244140625 0.0322265625 0.02734375
1 0.28759765625 0.04248046875 0.0341796875 0.0322265625
1 0.271484375 0.0615234375 0.033203125 0.029296875
2 0.53125 0.662109375 0.16796875 0.17578125
2 0.45458984375 0.703125 0.0419921875 0.033203125
2 0.60009765625 0.64208984375 0.0517578125 0.0615234375
2 0.22265625 0.65966796875 0.099609375 0.0654296875
2 0.12451171875 0.611328125 0.0986328125 0.0703125
2 0.4248046875 0.0380859375 0.03125 0.041015625
2 0.4248046875 0.0751953125 0.029296875 0.0390625
2 0.4228515625 0.11181640625 0.029296875 0.0380859375
2 0.52001953125 0.11279296875 0.0244140625 0.0322265625
2 0.51611328125 0.18359375 0.0302734375 0.041015625
2 0.623046875 0.25390625 0.0546875 0.056640625
