2 0.015625 0.61181640625 0.029296875 0.0478515625
2 0.02392578125 0.76171875 0.0458984375 0.046875
2 0.01708984375 0.80810546875 0.0322265625 0.0419921875
2 0.51123046875 0.2080078125 0.0615234375 0.05859375
2 0.455078125 0.267578125 0.044921875 0.044921875
2 0.45947265625 0.29833984375 0.0458984375 0.0498046875
2 0.4912109375 0.28515625 0.044921875 0.046875
2 0.4794921875 0.3291015625 0.046875 0.048828125
2 0.5498046875 0.404296875 0.056640625 0.0546875
2 0.54248046875 0.46630859375 0.0458984375 0.0517578125
2 0.50634765625 0.5146484375 0.0439453125 0.048828125
2 0.44775390625 0.59765625 0.0517578125 0.048828125
2 0.37060546875 0.64501953125 0.0498046875 0.0478515625
2 0.62744140625 0.6279296875 0.0791015625 0.080078125
2 0.7109375 0.626953125 0.078125 0.06640625
2 0.7861328125 0.61767578125 0.068359375 0.0732421875
2 0.6279296875 0.28173828125 0.072265625 0.0732421875
2 0.3720703125 0.74267578125 0.056640625 0.0537109375
2 0.67236328125 0.32177734375 0.0576171875 0.0556640625
2 0.62353515625 0.32177734375 0.0595703125 0.0576171875
