2 0.578125 0.52734375 0.02734375 0.01953125
2 0.380859375 0.40380859375 0.037109375 0.0380859375
2 0.3544921875 0.14111328125 0.0546875 0.0556640625
2 0.40380859375 0.15673828125 0.0380859375 0.0419921875
2 0.4521484375 0.15673828125 0.0390625 0.0458984375
2 0.32763671875 0.3974609375 0.0322265625 0.0390625
2 0.34912109375 0.27587890625 0.0380859375 0.0419921875
2 0.44970703125 0.2763671875 0.0419921875 0.052734375
2 0.39990234375 0.2783203125 0.0419921875 0.052734375
1 0.53173828125 0.2099609375 0.0205078125 0.015625
