10 0.6943359375 0.5 0.06640625 0.05859375
6 0.02685546875 0.72900390625 0.0517578125 0.1318359375
8 0.24609375 0.7197265625 0.01953125 0.0390625
8 0.296875 0.71630859375 0.021484375 0.0400390625
8 0.2734375 0.7177734375 0.021484375 0.041015625
8 0.32470703125 0.71484375 0.0224609375 0.04296875
8 0.34765625 0.71240234375 0.021484375 0.0400390625
8 0.376953125 0.7109375 0.0234375 0.041015625
8 0.3994140625 0.708984375 0.021484375 0.0390625
12 0.57861328125 0.9560546875 0.0439453125 0.052734375
6 0.52197265625 0.56982421875 0.1533203125 0.3056640625
7 0.52490234375 0.5703125 0.1181640625 0.201171875
10 0.56103515625 0.31103515625 0.1044921875 0.1005859375
12 0.70458984375 0.7412109375 0.0224609375 0.041015625
12 0.72802734375 0.73828125 0.0205078125 0.0390625
8 0.22314453125 0.720703125 0.0205078125 0.041015625
