1 0.36279296875 0.4453125 0.0771484375 0.03515625
1 0.5234375 0.75 0.037109375 0.021484375
1 0.42236328125 0.5849609375 0.0830078125 0.037109375
1 0.404296875 0.5458984375 0.07421875 0.03515625
1 0.39453125 0.52392578125 0.064453125 0.0302734375
1 0.3759765625 0.466796875 0.078125 0.03515625
1 0.35498046875 0.4267578125 0.0810546875 0.037109375
1 0.0732421875 0.84912109375 0.060546875 0.0634765625
1 0.26953125 0.24365234375 0.080078125 0.0361328125
1 0.244140625 0.1630859375 0.044921875 0.0234375
1 0.22412109375 0.14013671875 0.0810546875 0.0400390625
1 0.21240234375 0.1181640625 0.0771484375 0.03515625
1 0.20166015625 0.09619140625 0.0830078125 0.0400390625
1 0.32958984375 0.04345703125 0.0810546875 0.0146484375
1 0.21875 0.79833984375 0.0625 0.0634765625
1 0.05419921875 0.798828125 0.0654296875 0.0625
1 0.796875 0.62939453125 0.064453125 0.0595703125
1 0.0087890625 0.98828125 0.015625 0.0234375
1 0.12646484375 0.9951171875 0.0166015625 0.009765625
1 0.1689453125 0.99462890625 0.017578125 0.0107421875
1 0.19873046875 0.96142578125 0.0595703125 0.0634765625
1 0.1767578125 0.9580078125 0.0625 0.0625
1 0.21484375 0.99462890625 0.015625 0.0107421875
1 0.91845703125 0.80078125 0.0126953125 0.078125
1 0.15478515625 0.73828125 0.0791015625 0.0390625
1 0.14208984375 0.537109375 0.0654296875 0.0625
1 0.50341796875 0.46826171875 0.0400390625 0.0810546875
1 0.5400390625 0.4755859375 0.01953125 0.052734375
1 0.53369140625 0.51708984375 0.0791015625 0.0400390625
1 0.61279296875 0.50732421875 0.0771484375 0.0400390625
1 0.53564453125 0.197265625 0.0595703125 0.064453125
1 0.7197265625 0.10888671875 0.06640625 0.0185546875
1 0.00830078125 0.38818359375 0.0146484375 0.0263671875
1 0.0751953125 0.37109375 0.0625 0.06640625
1 0.099609375 0.37255859375 0.064453125 0.0654296875
1 0.123046875 0.3740234375 0.060546875 0.064453125
1 0.14697265625 0.375 0.0634765625 0.06640625
1 0.27392578125 0.53759765625 0.0615234375 0.0654296875
1 0.25732421875 0.53271484375 0.0615234375 0.0654296875
1 0.21484375 0.53466796875 0.0625 0.0654296875
1 0.18017578125 0.478515625 0.0634765625 0.0625
1 0.49267578125 0.44677734375 0.0439453125 0.0751953125
1 0.453125 0.3642578125 0.041015625 0.076171875
1 0.384765625 0.35986328125 0.044921875 0.0751953125
1 0.47265625 0.65283203125 0.05078125 0.0263671875
1 0.48681640625 0.685546875 0.0517578125 0.0234375
1 0.50732421875 0.73193359375 0.0517578125 0.0263671875
1 0.55810546875 0.97412109375 0.0302734375 0.0517578125
1 0.42138671875 0.7197265625 0.0166015625 0.08203125
1 0.15771484375 0.63623046875 0.0673828125 0.0673828125
1 0.13916015625 0.6416015625 0.0595703125 0.056640625
1 0.08837890625 0.6357421875 0.0673828125 0.068359375
1 0.2294921875 0.64208984375 0.06640625 0.0654296875
1 0.287109375 0.69970703125 0.0625 0.0634765625
1 0.12158203125 0.53466796875 0.0615234375 0.0654296875
1 0.15576171875 0.4775390625 0.0634765625 0.064453125
1 0.224609375 0.70458984375 0.0625 0.0615234375
1 0.103515625 0.5341796875 0.060546875 0.05859375
1 0.06396484375 0.6982421875 0.0595703125 0.06640625
1 0.244140625 0.703125 0.0625 0.0625
1 0.06787109375 0.634765625 0.0615234375 0.06640625
1 0.1884765625 0.64453125 0.0625 0.064453125
1 0.125 0.6923828125 0.0625 0.064453125
1 0.173828125 0.69873046875 0.064453125 0.0634765625
1 0.01513671875 0.6455078125 0.0283203125 0.0390625
1 0.109375 0.478515625 0.0625 0.06640625
1 0.07861328125 0.53466796875 0.0615234375 0.0634765625
1 0.0439453125 0.47509765625 0.0625 0.0654296875
1 0.029296875 0.5361328125 0.056640625 0.05859375
1 0.02685546875 0.47216796875 0.0517578125 0.0576171875
1 0.0263671875 0.6357421875 0.05078125 0.060546875
