2 0.49267578125 0.37109375 0.0361328125 0.029296875
2 0.60205078125 0.3671875 0.0400390625 0.0390625
2 0.7119140625 0.2802734375 0.0390625 0.029296875
2 0.76806640625 0.27587890625 0.0380859375 0.0283203125
2 0.8251953125 0.26416015625 0.046875 0.0419921875
2 0.88427734375 0.244140625 0.0478515625 0.044921875
2 0.7705078125 0.3623046875 0.04296875 0.033203125
2 0.8388671875 0.353515625 0.044921875 0.037109375
2 0.95556640625 0.3193359375 0.0400390625 0.025390625
2 0.99560546875 0.31298828125 0.0087890625 0.0283203125
2 0.2861328125 0.6044921875 0.0390625 0.048828125
2 0.28125 0.6943359375 0.037109375 0.046875
2 0.43798828125 0.36962890625 0.0380859375 0.0322265625
2 0.5478515625 0.36865234375 0.037109375 0.0244140625
2 0.88916015625 0.83154296875 0.0869140625 0.0771484375
2 0.8505859375 0.837890625 0.052734375 0.05078125
2 0.82080078125 0.8271484375 0.0478515625 0.04296875
2 0.33203125 0.77783203125 0.041015625 0.0361328125
2 0.318359375 0.693359375 0.033203125 0.041015625
2 0.28955078125 0.73681640625 0.0263671875 0.0380859375
2 0.3251953125 0.73876953125 0.029296875 0.0400390625
2 0.2822265625 0.78173828125 0.046875 0.0458984375
2 0.30908203125 0.77783203125 0.0458984375 0.0400390625
2 0.2880859375 0.83056640625 0.060546875 0.0498046875
2 0.7744140625 0.8408203125 0.0390625 0.029296875
2 0.33837890625 0.81640625 0.0537109375 0.044921875
2 0.51953125 0.85693359375 0.033203125 0.0322265625
2 0.5654296875 0.83544921875 0.03515625 0.0400390625
2 0.60498046875 0.83740234375 0.0654296875 0.0615234375
2 0.63427734375 0.83447265625 0.0576171875 0.0517578125
2 0.68212890625 0.841796875 0.0478515625 0.04296875
2 0.7138671875 0.83935546875 0.041015625 0.0341796875
2 0.49169921875 0.2822265625 0.0400390625 0.029296875
