1 0.638671875 0.951171875 0.064453125 0.06640625
1 0.5986328125 0.84716796875 0.06640625 0.0615234375
1 0.63916015625 0.85400390625 0.0654296875 0.0615234375
1 0.6318359375 0.79443359375 0.0625 0.0615234375
1 0.60546875 0.7958984375 0.0625 0.064453125
1 0.587890625 0.79296875 0.064453125 0.0625
1 0.4951171875 0.7919921875 0.064453125 0.0625
1 0.333984375 0.7900390625 0.064453125 0.0625
1 0.36083984375 0.78759765625 0.0654296875 0.0634765625
1 0.38427734375 0.7861328125 0.0634765625 0.0625
1 0.35107421875 0.84228515625 0.0615234375 0.0634765625
1 0.4716796875 0.79248046875 0.064453125 0.0634765625
1 0.45166015625 0.7900390625 0.0654296875 0.064453125
1 0.39208984375 0.84521484375 0.0615234375 0.0634765625
1 0.32568359375 0.984375 0.0361328125 0.03125
1 0.3916015625 0.9853515625 0.037109375 0.029296875
1 0.45751953125 0.98681640625 0.0361328125 0.0263671875
1 0.501953125 0.9873046875 0.033203125 0.025390625
1 0.50537109375 0.947265625 0.0654296875 0.0625
1 0.5537109375 0.95361328125 0.0625 0.0634765625
1 0.6640625 0.8525390625 0.064453125 0.0625
1 0.74267578125 0.80029296875 0.0634765625 0.0634765625
1 0.7548828125 0.85302734375 0.048828125 0.0498046875
1 0.8779296875 0.84912109375 0.060546875 0.0634765625
1 0.994140625 0.1279296875 0.01171875 0.015625
1 0.9892578125 0.109375 0.021484375 0.017578125
1 0.982421875 0.087890625 0.03515625 0.0234375
1 0.85888671875 0.798828125 0.0654296875 0.0625
1 0.57421875 0.95068359375 0.064453125 0.0634765625
1 0.6650390625 0.95556640625 0.06640625 0.0654296875
1 0.70703125 0.9912109375 0.025390625 0.017578125
1 0.24609375 0.02685546875 0.0234375 0.0458984375
1 0.294921875 0.66015625 0.044921875 0.07421875
1 0.73046875 0.9892578125 0.029296875 0.021484375
1 0.7900390625 0.96923828125 0.0625 0.0615234375
1 0.93115234375 0.9951171875 0.0166015625 0.009765625
1 0.9736328125 0.99462890625 0.017578125 0.0107421875
1 0.98681640625 0.947265625 0.0263671875 0.03515625
1 0.97509765625 0.9560546875 0.0498046875 0.05859375
1 0.95947265625 0.73828125 0.0791015625 0.0390625
1 0.94677734375 0.537109375 0.0654296875 0.0625
1 0.54443359375 0.37158203125 0.0615234375 0.0615234375
1 0.56201171875 0.36669921875 0.0634765625 0.0673828125
1 0.73046875 0.375 0.0625 0.06640625
1 0.74951171875 0.373046875 0.0615234375 0.06640625
1 0.7890625 0.3681640625 0.0625 0.06640625
1 0.8798828125 0.37109375 0.0625 0.06640625
1 0.904296875 0.37255859375 0.064453125 0.0654296875
1 0.927734375 0.3740234375 0.060546875 0.064453125
1 0.95166015625 0.375 0.0634765625 0.06640625
1 0.994140625 0.556640625 0.01171875 0.021484375
1 0.9765625 0.48291015625 0.046875 0.0537109375
1 0.43798828125 0.94775390625 0.0615234375 0.0595703125
1 0.455078125 0.68310546875 0.0625 0.0673828125
1 0.4873046875 0.62841796875 0.0625 0.0634765625
1 0.64404296875 0.6298828125 0.0615234375 0.0625
1 0.96240234375 0.63623046875 0.0673828125 0.0673828125
1 0.94384765625 0.6416015625 0.0595703125 0.056640625
1 0.89306640625 0.6357421875 0.0673828125 0.068359375
1 0.92626953125 0.53466796875 0.0615234375 0.0654296875
1 0.96044921875 0.4775390625 0.0634765625 0.064453125
1 0.908203125 0.5341796875 0.060546875 0.05859375
1 0.5576171875 0.63330078125 0.064453125 0.0654296875
1 0.5322265625 0.63232421875 0.060546875 0.0654296875
1 0.513671875 0.63330078125 0.05859375 0.0634765625
1 0.44091796875 0.62646484375 0.0576171875 0.0615234375
1 0.42724609375 0.68017578125 0.0595703125 0.0634765625
1 0.47900390625 0.6865234375 0.0615234375 0.064453125
1 0.4990234375 0.6865234375 0.0625 0.064453125
1 0.5244140625 0.6884765625 0.0625 0.06640625
1 0.5751953125 0.6953125 0.0625 0.064453125
1 0.59521484375 0.69189453125 0.0634765625 0.0654296875
1 0.6630859375 0.69482421875 0.0625 0.0654296875
1 0.68505859375 0.69580078125 0.0634765625 0.0654296875
1 0.7490234375 0.6962890625 0.060546875 0.064453125
1 0.86865234375 0.6982421875 0.0595703125 0.06640625
1 0.87255859375 0.634765625 0.0615234375 0.06640625
1 0.98095703125 0.6357421875 0.0380859375 0.046875
1 0.9296875 0.6923828125 0.0625 0.064453125
1 0.97314453125 0.69677734375 0.0537109375 0.0595703125
1 0.62255859375 0.63037109375 0.0615234375 0.0634765625
1 0.6826171875 0.6259765625 0.060546875 0.064453125
1 0.802734375 0.63330078125 0.0625 0.0634765625
1 0.6845703125 0.47900390625 0.06640625 0.0634765625
1 0.9140625 0.478515625 0.0625 0.06640625
1 0.88330078125 0.53466796875 0.0615234375 0.0634765625
1 0.8486328125 0.47509765625 0.0625 0.0654296875
1 0.8310546875 0.537109375 0.0625 0.060546875
1 0.7666015625 0.533203125 0.0625 0.0625
1 0.82568359375 0.47412109375 0.0634765625 0.0615234375
1 0.75732421875 0.47314453125 0.0634765625 0.0615234375
1 0.69775390625 0.53173828125 0.0615234375 0.0595703125
1 0.5830078125 0.41552734375 0.080078125 0.0166015625
1 0.8251953125 0.634765625 0.0625 0.0625
1 0.66552734375 0.474609375 0.0615234375 0.0625
1 0.62060546875 0.47119140625 0.0615234375 0.0595703125
1 0.60205078125 0.4697265625 0.0654296875 0.06640625
1 0.54052734375 0.5263671875 0.0654296875 0.0625
1 0.4873046875 0.52880859375 0.0625 0.0615234375
1 0.40380859375 0.44970703125 0.0498046875 0.0732421875
1 0.45751953125 0.361328125 0.0517578125 0.072265625
1 0.53076171875 0.25439453125 0.0576171875 0.0712890625
1 0.326171875 0.59765625 0.03125 0.044921875
