4 0.43408203125 0.1767578125 0.0126953125 0.025390625
4 0.4453125 0.1728515625 0.009765625 0.01953125
4 0.45458984375 0.1708984375 0.0126953125 0.0234375
4 0.46484375 0.1689453125 0.01171875 0.0234375
4 0.47314453125 0.16650390625 0.0107421875 0.0244140625
4 0.48583984375 0.16845703125 0.0087890625 0.0224609375
4 0.49609375 0.171875 0.009765625 0.0234375
4 0.505859375 0.16943359375 0.009765625 0.0244140625
4 0.51708984375 0.1669921875 0.0107421875 0.02734375
4 0.5576171875 0.158203125 0.013671875 0.029296875
4 0.5361328125 0.1591796875 0.015625 0.033203125
4 0.56640625 0.15380859375 0.01171875 0.0263671875
4 0.587890625 0.1572265625 0.013671875 0.03515625
4 0.599609375 0.158203125 0.0078125 0.01953125
4 0.61865234375 0.1494140625 0.0126953125 0.025390625
4 0.6396484375 0.14892578125 0.015625 0.0322265625
4 0.62939453125 0.150390625 0.0146484375 0.02734375
4 0.6796875 0.13720703125 0.013671875 0.0244140625
4 0.689453125 0.1318359375 0.013671875 0.0234375
4 0.7001953125 0.1337890625 0.013671875 0.0234375
4 0.71044921875 0.13134765625 0.0166015625 0.0283203125
4 0.7216796875 0.1318359375 0.015625 0.029296875
4 0.73095703125 0.12744140625 0.0166015625 0.0263671875
4 0.7421875 0.126953125 0.017578125 0.029296875
4 0.0927734375 0.88818359375 0.033203125 0.0498046875
4 0.17724609375 0.89501953125 0.0244140625 0.0400390625
4 0.1962890625 0.89697265625 0.0234375 0.0400390625
4 0.212890625 0.90234375 0.025390625 0.048828125
4 0.251953125 0.90283203125 0.021484375 0.0419921875
4 0.2705078125 0.92578125 0.017578125 0.0390625
4 0.3330078125 0.916015625 0.017578125 0.029296875
4 0.3505859375 0.93310546875 0.013671875 0.0263671875
4 0.41259765625 0.9208984375 0.0263671875 0.037109375
4 0.45263671875 0.92724609375 0.0166015625 0.0302734375
4 0.46728515625 0.93115234375 0.0263671875 0.0400390625
4 0.4873046875 0.93603515625 0.0234375 0.0419921875
4 0.50439453125 0.935546875 0.0166015625 0.03515625
4 0.51953125 0.94091796875 0.025390625 0.0458984375
4 0.54638671875 0.9482421875 0.0185546875 0.05078125
4 0.5751953125 0.93896484375 0.01953125 0.0283203125
4 0.5654296875 0.99072265625 0.025390625 0.0126953125
4 0.15087890625 0.8359375 0.0146484375 0.02734375
4 0.0576171875 0.88720703125 0.021484375 0.0517578125
4 0.04052734375 0.8818359375 0.0166015625 0.044921875
4 0.0078125 0.875 0.013671875 0.037109375
4 0.763671875 0.125 0.01171875 0.025390625
4 0.77294921875 0.12060546875 0.0126953125 0.0244140625
4 0.78369140625 0.1220703125 0.0146484375 0.025390625
4 0.548828125 0.47021484375 0.02734375 0.0322265625
4 0.2734375 0.3994140625 0.029296875 0.013671875
4 0.3349609375 0.40771484375 0.02734375 0.0146484375
4 0.2958984375 0.42529296875 0.033203125 0.0166015625
4 0.29345703125 0.458984375 0.0302734375 0.013671875
4 0.34033203125 0.4560546875 0.0478515625 0.0234375
4 0.3369140625 0.4775390625 0.044921875 0.0234375
4 0.357421875 0.61328125 0.013671875 0.02734375
4 0.34326171875 0.6416015625 0.0107421875 0.025390625
4 0.43505859375 0.7607421875 0.0263671875 0.013671875
4 0.00830078125 0.34423828125 0.0166015625 0.0302734375
4 0.06982421875 0.330078125 0.0107421875 0.02734375
4 0.09228515625 0.3330078125 0.0166015625 0.033203125
4 0.13525390625 0.3291015625 0.0126953125 0.029296875
4 0.15478515625 0.3291015625 0.0146484375 0.0234375
4 0.1767578125 0.33056640625 0.01171875 0.0263671875
4 0.5302734375 0.45751953125 0.037109375 0.0439453125
4 0.60888671875 0.53125 0.0341796875 0.013671875
4 0.4873046875 0.5791015625 0.013671875 0.0234375
4 0.69189453125 0.4677734375 0.0185546875 0.017578125
4 0.708984375 0.49853515625 0.025390625 0.0205078125
4 0.71630859375 0.51953125 0.0205078125 0.01953125
4 0.72509765625 0.52685546875 0.0166015625 0.0146484375
4 0.736328125 0.54248046875 0.02734375 0.0205078125
4 0.7412109375 0.5517578125 0.0234375 0.017578125
4 0.7490234375 0.560546875 0.02734375 0.021484375
4 0.8232421875 0.634765625 0.0234375 0.03515625
4 0.8369140625 0.634765625 0.01953125 0.029296875
4 0.849609375 0.6318359375 0.025390625 0.0390625
4 0.86083984375 0.6259765625 0.0185546875 0.033203125
4 0.87451171875 0.62744140625 0.0185546875 0.0283203125
4 0.884765625 0.619140625 0.013671875 0.025390625
4 0.90869140625 0.6142578125 0.0185546875 0.03125
4 0.92041015625 0.60888671875 0.0166015625 0.0302734375
4 0.93310546875 0.60546875 0.0224609375 0.037109375
4 0.94580078125 0.6044921875 0.0224609375 0.03515625
4 0.955078125 0.59716796875 0.0234375 0.0341796875
4 0.98046875 0.59521484375 0.021484375 0.0341796875
4 0.57568359375 0.65283203125 0.0146484375 0.0205078125
4 0.576171875 0.634765625 0.0234375 0.013671875
4 0.51025390625 0.591796875 0.0244140625 0.01171875
4 0.5126953125 0.5810546875 0.025390625 0.01171875
4 0.5146484375 0.57177734375 0.029296875 0.0126953125
4 0.5146484375 0.5625 0.025390625 0.01171875
4 0.79296875 0.11767578125 0.015625 0.0244140625
4 0.52685546875 0.6376953125 0.0244140625 0.01171875
4 0.68115234375 0.46630859375 0.0185546875 0.0166015625
4 0.66845703125 0.455078125 0.0185546875 0.017578125
4 0.6630859375 0.4482421875 0.017578125 0.017578125
4 0.82421875 0.2177734375 0.03125 0.0234375
4 0.837890625 0.236328125 0.033203125 0.025390625
4 0.857421875 0.2705078125 0.02734375 0.0234375
4 0.84423828125 0.24951171875 0.0341796875 0.0302734375
4 0.8759765625 0.2890625 0.03515625 0.02734375
4 0.90234375 0.31640625 0.03125 0.0234375
4 0.9072265625 0.3291015625 0.03125 0.025390625
4 0.85009765625 0.31396484375 0.0263671875 0.0224609375
4 0.8564453125 0.32470703125 0.03125 0.0244140625
4 0.86376953125 0.3310546875 0.0263671875 0.021484375
4 0.87060546875 0.35205078125 0.0283203125 0.0205078125
4 0.8779296875 0.35986328125 0.0234375 0.0205078125
4 0.89794921875 0.390625 0.0244140625 0.021484375
4 0.91357421875 0.41357421875 0.0263671875 0.0205078125
4 0.91845703125 0.4228515625 0.0263671875 0.021484375
4 0.9248046875 0.43212890625 0.033203125 0.0244140625
4 0.93017578125 0.443359375 0.0283203125 0.0234375
4 0.93408203125 0.455078125 0.0263671875 0.0234375
4 0.94384765625 0.46435546875 0.0283203125 0.0244140625
4 0.7998046875 0.23681640625 0.021484375 0.0185546875
4 0.8046875 0.24560546875 0.021484375 0.0185546875
4 0.810546875 0.25439453125 0.021484375 0.0185546875
4 0.81591796875 0.26220703125 0.0224609375 0.0185546875
4 0.82275390625 0.271484375 0.0224609375 0.01953125
4 0.82958984375 0.28076171875 0.0185546875 0.0166015625
4 0.94580078125 0.4775390625 0.0341796875 0.029296875
4 0.91455078125 0.33984375 0.0322265625 0.02734375
4 0.919921875 0.3505859375 0.029296875 0.0234375
4 0.83251953125 0.2265625 0.0302734375 0.0234375
4 0.6220703125 0.40673828125 0.025390625 0.0224609375
4 0.8037109375 0.1142578125 0.013671875 0.025390625
4 0.822265625 0.10986328125 0.017578125 0.0283203125
4 0.833984375 0.10986328125 0.013671875 0.0263671875
4 0.84521484375 0.107421875 0.0166015625 0.02734375
4 0.91064453125 0.08984375 0.0732421875 0.037109375
4 0.884765625 0.11865234375 0.03515625 0.0205078125
4 0.93994140625 0.11669921875 0.0419921875 0.0283203125
4 0.9443359375 0.14208984375 0.0625 0.0419921875
4 0.89111328125 0.14111328125 0.0458984375 0.0283203125
4 0.89599609375 0.158203125 0.0283203125 0.0234375
4 0.9072265625 0.17529296875 0.06640625 0.0458984375
4 0.81689453125 0.1982421875 0.0341796875 0.02734375
4 0.958984375 0.15576171875 0.041015625 0.0283203125
4 0.9697265625 0.1689453125 0.03125 0.025390625
4 0.98095703125 0.18359375 0.0380859375 0.033203125
4 0.986328125 0.205078125 0.02734375 0.03125
4 0.927734375 0.18798828125 0.056640625 0.0419921875
4 0.953125 0.22314453125 0.05078125 0.0380859375
4 0.9609375 0.24658203125 0.044921875 0.0400390625
4 0.98828125 0.23046875 0.0234375 0.02734375
4 0.994140625 0.25341796875 0.01171875 0.0205078125
4 0.970703125 0.263671875 0.037109375 0.029296875
4 0.9814453125 0.2802734375 0.037109375 0.03125
4 0.98486328125 0.29931640625 0.0302734375 0.0302734375
4 0.99169921875 0.31884765625 0.0166015625 0.0263671875
4 0.93505859375 0.37109375 0.0283203125 0.021484375
4 0.9365234375 0.3857421875 0.037109375 0.03125
4 0.41845703125 0.26953125 0.0166015625 0.03515625
4 0.43017578125 0.27099609375 0.0185546875 0.0302734375
4 0.779296875 0.3916015625 0.025390625 0.021484375
4 0.787109375 0.3994140625 0.025390625 0.0234375
4 0.798828125 0.416015625 0.029296875 0.025390625
4 0.81591796875 0.44140625 0.0224609375 0.017578125
4 0.80712890625 0.4228515625 0.0283203125 0.025390625
4 0.8232421875 0.44970703125 0.02734375 0.0205078125
4 0.826171875 0.4580078125 0.02734375 0.01953125
4 0.85791015625 0.51123046875 0.0283203125 0.0224609375
4 0.8515625 0.50146484375 0.029296875 0.0244140625
4 0.8388671875 0.54638671875 0.03125 0.0244140625
4 0.81591796875 0.51416015625 0.0341796875 0.0244140625
4 0.81005859375 0.50390625 0.0322265625 0.0234375
4 0.8046875 0.49072265625 0.03125 0.0244140625
4 0.79736328125 0.4814453125 0.0302734375 0.0234375
4 0.79052734375 0.47216796875 0.0302734375 0.0224609375
4 0.78466796875 0.45849609375 0.0263671875 0.0205078125
4 0.77001953125 0.43798828125 0.0302734375 0.0244140625
4 0.77490234375 0.44970703125 0.0302734375 0.0263671875
4 0.76416015625 0.42822265625 0.0263671875 0.0224609375
4 0.7548828125 0.41845703125 0.03125 0.0244140625
4 0.74658203125 0.40966796875 0.0322265625 0.0244140625
4 0.74072265625 0.396484375 0.0283203125 0.0234375
4 0.560546875 0.3505859375 0.0234375 0.029296875
4 0.57666015625 0.36376953125 0.0244140625 0.0283203125
4 0.583984375 0.373046875 0.021484375 0.025390625
4 0.6044921875 0.3798828125 0.029296875 0.03125
4 0.61279296875 0.3876953125 0.0263671875 0.029296875
4 0.7724609375 0.38330078125 0.02734375 0.0224609375
4 0.76904296875 0.3720703125 0.0244140625 0.01953125
4 0.76806640625 0.3603515625 0.0283203125 0.021484375
4 0.6904296875 0.23095703125 0.025390625 0.0224609375
4 0.43896484375 0.2783203125 0.0166015625 0.025390625
4 0.4482421875 0.2822265625 0.01953125 0.029296875
4 0.45703125 0.28759765625 0.017578125 0.0283203125
4 0.4677734375 0.2900390625 0.017578125 0.025390625
4 0.478515625 0.2958984375 0.017578125 0.02734375
4 0.515625 0.27880859375 0.025390625 0.0224609375
4 0.52197265625 0.25830078125 0.0244140625 0.0224609375
4 0.529296875 0.25146484375 0.03125 0.0244140625
4 0.53466796875 0.24267578125 0.0302734375 0.0224609375
4 0.63623046875 0.22705078125 0.0498046875 0.0283203125
4 0.64111328125 0.24072265625 0.0439453125 0.0263671875
4 0.68310546875 0.22216796875 0.0283203125 0.0263671875
4 0.69775390625 0.25 0.0263671875 0.021484375
4 0.74951171875 0.34326171875 0.0283203125 0.0244140625
4 0.68115234375 0.28564453125 0.0361328125 0.0283203125
4 0.6689453125 0.271484375 0.044921875 0.03515625
4 0.71923828125 0.28662109375 0.0244140625 0.0224609375
4 0.7275390625 0.29345703125 0.025390625 0.0205078125
4 0.73095703125 0.302734375 0.0224609375 0.01953125
4 0.7021484375 0.3232421875 0.0390625 0.03125
4 0.734375 0.3125 0.021484375 0.01953125
4 0.74267578125 0.33154296875 0.0224609375 0.0166015625
4 0.70751953125 0.3369140625 0.0263671875 0.01953125
4 0.71630859375 0.34716796875 0.0322265625 0.0263671875
4 0.720703125 0.365234375 0.029296875 0.0234375
4 0.7265625 0.3779296875 0.029296875 0.02734375
