5 0.44580078125 0.85888671875 0.1455078125 0.0185546875
5 0.36669921875 0.77880859375 0.0400390625 0.0185546875
9 0.0947265625 0.56982421875 0.017578125 0.0107421875
9 0.01611328125 0.58154296875 0.0146484375 0.0107421875
9 0.17333984375 0.5556640625 0.0205078125 0.015625
9 0.060546875 0.41064453125 0.013671875 0.0263671875
9 0.17724609375 0.23388671875 0.0146484375 0.0205078125
9 0.11328125 0.1416015625 0.0234375 0.02734375
9 0.09423828125 0.1455078125 0.0205078125 0.01953125
1 0.41943359375 0.580078125 0.0361328125 0.013671875
13 0.3837890625 0.5849609375 0.2578125 0.056640625
13 0.38427734375 0.62353515625 0.2685546875 0.0556640625
5 0.44287109375 0.1416015625 0.0771484375 0.01953125
5 0.478515625 0.2021484375 0.080078125 0.0390625
5 0.43310546875 0.35595703125 0.0576171875 0.0126953125
5 0.39453125 0.4189453125 0.080078125 0.01171875
5 0.36865234375 0.44677734375 0.0556640625 0.0205078125
5 0.38232421875 0.52294921875 0.0478515625 0.0205078125
5 0.37939453125 0.7158203125 0.0224609375 0.013671875
9 0.06005859375 0.46728515625 0.0107421875 0.0205078125
