4 0.81884765625 0.552734375 0.0185546875 0.03125
4 0.05029296875 0.1767578125 0.0126953125 0.025390625
4 0.0615234375 0.1728515625 0.009765625 0.01953125
4 0.07080078125 0.1708984375 0.0126953125 0.0234375
4 0.0810546875 0.1689453125 0.01171875 0.0234375
4 0.08935546875 0.16650390625 0.0107421875 0.0244140625
4 0.10205078125 0.16845703125 0.0087890625 0.0224609375
4 0.1123046875 0.171875 0.009765625 0.0234375
4 0.1220703125 0.16943359375 0.009765625 0.0244140625
4 0.13330078125 0.1669921875 0.0107421875 0.02734375
4 0.173828125 0.158203125 0.013671875 0.029296875
4 0.15234375 0.1591796875 0.015625 0.033203125
4 0.1826171875 0.15380859375 0.01171875 0.0263671875
4 0.2041015625 0.1572265625 0.013671875 0.03515625
4 0.2158203125 0.158203125 0.0078125 0.01953125
4 0.23486328125 0.1494140625 0.0126953125 0.025390625
4 0.255859375 0.14892578125 0.015625 0.0322265625
4 0.24560546875 0.150390625 0.0146484375 0.02734375
4 0.2958984375 0.13720703125 0.013671875 0.0244140625
4 0.3056640625 0.1318359375 0.013671875 0.0234375
4 0.31640625 0.1337890625 0.013671875 0.0234375
4 0.32666015625 0.13134765625 0.0166015625 0.0283203125
4 0.337890625 0.1318359375 0.015625 0.029296875
4 0.34716796875 0.12744140625 0.0166015625 0.0263671875
4 0.3583984375 0.126953125 0.017578125 0.029296875
4 0.80517578125 0.55078125 0.0224609375 0.041015625
4 0.02880859375 0.9208984375 0.0263671875 0.037109375
4 0.06884765625 0.92724609375 0.0166015625 0.0302734375
4 0.08349609375 0.93115234375 0.0263671875 0.0400390625
4 0.103515625 0.93603515625 0.0234375 0.0419921875
4 0.12060546875 0.935546875 0.0166015625 0.03515625
4 0.1357421875 0.94091796875 0.025390625 0.0458984375
4 0.16259765625 0.9482421875 0.0185546875 0.05078125
4 0.19140625 0.93896484375 0.01953125 0.0283203125
4 0.181640625 0.99072265625 0.025390625 0.0126953125
4 0.3798828125 0.125 0.01171875 0.025390625
4 0.38916015625 0.12060546875 0.0126953125 0.0244140625
4 0.39990234375 0.1220703125 0.0146484375 0.025390625
4 0.1650390625 0.47021484375 0.02734375 0.0322265625
4 0.05126953125 0.7607421875 0.0263671875 0.013671875
4 0.146484375 0.45751953125 0.037109375 0.0439453125
4 0.22509765625 0.53125 0.0341796875 0.013671875
4 0.103515625 0.5791015625 0.013671875 0.0234375
4 0.30810546875 0.4677734375 0.0185546875 0.017578125
4 0.3251953125 0.49853515625 0.025390625 0.0205078125
4 0.33251953125 0.51953125 0.0205078125 0.01953125
4 0.34130859375 0.52685546875 0.0166015625 0.0146484375
4 0.3525390625 0.54248046875 0.02734375 0.0205078125
4 0.357421875 0.5517578125 0.0234375 0.017578125
4 0.365234375 0.560546875 0.02734375 0.021484375
4 0.439453125 0.634765625 0.0234375 0.03515625
4 0.453125 0.634765625 0.01953125 0.029296875
4 0.4658203125 0.6318359375 0.025390625 0.0390625
4 0.47705078125 0.6259765625 0.0185546875 0.033203125
4 0.49072265625 0.62744140625 0.0185546875 0.0283203125
4 0.5009765625 0.619140625 0.013671875 0.025390625
4 0.52490234375 0.6142578125 0.0185546875 0.03125
4 0.53662109375 0.60888671875 0.0166015625 0.0302734375
4 0.54931640625 0.60546875 0.0224609375 0.037109375
4 0.56201171875 0.6044921875 0.0224609375 0.03515625
4 0.5712890625 0.59716796875 0.0234375 0.0341796875
4 0.63427734375 0.58447265625 0.0166015625 0.0341796875
4 0.623046875 0.5888671875 0.015625 0.029296875
4 0.5966796875 0.59521484375 0.021484375 0.0341796875
4 0.19189453125 0.65283203125 0.0146484375 0.0205078125
4 0.1923828125 0.634765625 0.0234375 0.013671875
4 0.12646484375 0.591796875 0.0244140625 0.01171875
4 0.12890625 0.5810546875 0.025390625 0.01171875
4 0.130859375 0.57177734375 0.029296875 0.0126953125
4 0.130859375 0.5625 0.025390625 0.01171875
4 0.4091796875 0.11767578125 0.015625 0.0244140625
4 0.73779296875 0.25390625 0.0263671875 0.0234375
4 0.751953125 0.27490234375 0.03125 0.0263671875
4 0.7587890625 0.28564453125 0.03125 0.0224609375
4 0.7646484375 0.296875 0.0234375 0.01953125
4 0.78515625 0.3154296875 0.033203125 0.0234375
4 0.68212890625 0.32177734375 0.0478515625 0.0400390625
4 0.68798828125 0.34130859375 0.0478515625 0.0400390625
4 0.6962890625 0.396484375 0.03515625 0.029296875
4 0.71533203125 0.4208984375 0.0380859375 0.03125
4 0.73193359375 0.44384765625 0.0322265625 0.0263671875
4 0.79443359375 0.35107421875 0.0341796875 0.0244140625
4 0.798828125 0.36328125 0.0234375 0.01953125
4 0.8115234375 0.3720703125 0.033203125 0.0234375
4 0.81201171875 0.3876953125 0.0341796875 0.0234375
4 0.82275390625 0.42431640625 0.0283203125 0.0166015625
4 0.82470703125 0.43798828125 0.0302734375 0.0185546875
4 0.8388671875 0.45947265625 0.02734375 0.0185546875
4 0.841796875 0.4736328125 0.03125 0.01953125
4 0.85009765625 0.48486328125 0.0283203125 0.0146484375
4 0.85546875 0.49609375 0.03125 0.017578125
4 0.8994140625 0.52392578125 0.025390625 0.0478515625
4 0.68310546875 0.57421875 0.0146484375 0.041015625
4 0.6962890625 0.57666015625 0.015625 0.0341796875
4 0.7080078125 0.57177734375 0.017578125 0.0361328125
4 0.74658203125 0.5693359375 0.0224609375 0.0390625
4 0.7587890625 0.56396484375 0.021484375 0.0361328125
4 0.7705078125 0.56103515625 0.021484375 0.0361328125
4 0.794921875 0.55908203125 0.01171875 0.0283203125
4 0.7470703125 0.26220703125 0.03125 0.0263671875
4 0.7333984375 0.24609375 0.03515625 0.0234375
4 0.72314453125 0.23388671875 0.0302734375 0.0263671875
4 0.14306640625 0.6376953125 0.0244140625 0.01171875
4 0.67041015625 0.123046875 0.0302734375 0.0234375
4 0.6787109375 0.15966796875 0.029296875 0.0205078125
4 0.685546875 0.17041015625 0.025390625 0.0224609375
4 0.7001953125 0.189453125 0.029296875 0.0234375
4 0.70703125 0.19921875 0.033203125 0.02734375
4 0.7197265625 0.22021484375 0.029296875 0.0244140625
4 0.29736328125 0.46630859375 0.0185546875 0.0166015625
4 0.28466796875 0.455078125 0.0185546875 0.017578125
4 0.279296875 0.4482421875 0.017578125 0.017578125
4 0.4404296875 0.2177734375 0.03125 0.0234375
4 0.4541015625 0.236328125 0.033203125 0.025390625
4 0.4736328125 0.2705078125 0.02734375 0.0234375
4 0.46044921875 0.24951171875 0.0341796875 0.0302734375
4 0.4921875 0.2890625 0.03515625 0.02734375
4 0.5185546875 0.31640625 0.03125 0.0234375
4 0.5234375 0.3291015625 0.03125 0.025390625
4 0.46630859375 0.31396484375 0.0263671875 0.0224609375
4 0.47265625 0.32470703125 0.03125 0.0244140625
4 0.47998046875 0.3310546875 0.0263671875 0.021484375
4 0.48681640625 0.35205078125 0.0283203125 0.0205078125
4 0.494140625 0.35986328125 0.0234375 0.0205078125
4 0.51416015625 0.390625 0.0244140625 0.021484375
4 0.52978515625 0.41357421875 0.0263671875 0.0205078125
4 0.53466796875 0.4228515625 0.0263671875 0.021484375
4 0.541015625 0.43212890625 0.033203125 0.0244140625
4 0.54638671875 0.443359375 0.0283203125 0.0234375
4 0.55029296875 0.455078125 0.0263671875 0.0234375
4 0.56005859375 0.46435546875 0.0283203125 0.0244140625
4 0.416015625 0.23681640625 0.021484375 0.0185546875
4 0.4208984375 0.24560546875 0.021484375 0.0185546875
4 0.4267578125 0.25439453125 0.021484375 0.0185546875
4 0.43212890625 0.26220703125 0.0224609375 0.0185546875
4 0.43896484375 0.271484375 0.0224609375 0.01953125
4 0.44580078125 0.28076171875 0.0185546875 0.0166015625
4 0.56201171875 0.4775390625 0.0341796875 0.029296875
4 0.53076171875 0.33984375 0.0322265625 0.02734375
4 0.5361328125 0.3505859375 0.029296875 0.0234375
4 0.44873046875 0.2265625 0.0302734375 0.0234375
4 0.64111328125 0.3486328125 0.0341796875 0.029296875
4 0.23828125 0.40673828125 0.025390625 0.0224609375
4 0.62939453125 0.33154296875 0.0419921875 0.0361328125
4 0.419921875 0.1142578125 0.013671875 0.025390625
4 0.4384765625 0.10986328125 0.017578125 0.0283203125
4 0.4501953125 0.10986328125 0.013671875 0.0263671875
4 0.46142578125 0.107421875 0.0166015625 0.02734375
4 0.52685546875 0.08984375 0.0732421875 0.037109375
4 0.5009765625 0.11865234375 0.03515625 0.0205078125
4 0.55615234375 0.11669921875 0.0419921875 0.0283203125
4 0.560546875 0.14208984375 0.0625 0.0419921875
4 0.50732421875 0.14111328125 0.0458984375 0.0283203125
4 0.51220703125 0.158203125 0.0283203125 0.0234375
4 0.5234375 0.17529296875 0.06640625 0.0458984375
4 0.43310546875 0.1982421875 0.0341796875 0.02734375
4 0.5751953125 0.15576171875 0.041015625 0.0283203125
4 0.5859375 0.1689453125 0.03125 0.025390625
4 0.59814453125 0.18359375 0.0400390625 0.033203125
4 0.6083984375 0.20458984375 0.0390625 0.0322265625
4 0.5439453125 0.18798828125 0.056640625 0.0419921875
4 0.5693359375 0.22314453125 0.05078125 0.0380859375
4 0.5771484375 0.24658203125 0.044921875 0.0400390625
4 0.61669921875 0.2255859375 0.0478515625 0.037109375
4 0.6298828125 0.244140625 0.05078125 0.0390625
4 0.5869140625 0.263671875 0.037109375 0.029296875
4 0.63818359375 0.26416015625 0.0341796875 0.0283203125
4 0.59814453125 0.2802734375 0.0380859375 0.03125
4 0.60546875 0.29833984375 0.0390625 0.0322265625
4 0.64404296875 0.28125 0.0439453125 0.033203125
4 0.6201171875 0.3134765625 0.041015625 0.037109375
4 0.55126953125 0.37109375 0.0283203125 0.021484375
4 0.552734375 0.3857421875 0.037109375 0.03125
4 0.03466796875 0.26953125 0.0166015625 0.03515625
4 0.04638671875 0.27099609375 0.0185546875 0.0302734375
4 0.3955078125 0.3916015625 0.025390625 0.021484375
4 0.4033203125 0.3994140625 0.025390625 0.0234375
4 0.4150390625 0.416015625 0.029296875 0.025390625
4 0.43212890625 0.44140625 0.0224609375 0.017578125
4 0.42333984375 0.4228515625 0.0283203125 0.025390625
4 0.439453125 0.44970703125 0.02734375 0.0205078125
4 0.4423828125 0.4580078125 0.02734375 0.01953125
4 0.47412109375 0.51123046875 0.0283203125 0.0224609375
4 0.4677734375 0.50146484375 0.029296875 0.0244140625
4 0.455078125 0.54638671875 0.03125 0.0244140625
4 0.43212890625 0.51416015625 0.0341796875 0.0244140625
4 0.42626953125 0.50390625 0.0322265625 0.0234375
4 0.4208984375 0.49072265625 0.03125 0.0244140625
4 0.41357421875 0.4814453125 0.0302734375 0.0234375
4 0.40673828125 0.47216796875 0.0302734375 0.0224609375
4 0.40087890625 0.45849609375 0.0263671875 0.0205078125
4 0.38623046875 0.43798828125 0.0302734375 0.0244140625
4 0.39111328125 0.44970703125 0.0302734375 0.0263671875
4 0.38037109375 0.42822265625 0.0263671875 0.0224609375
4 0.37109375 0.41845703125 0.03125 0.0244140625
4 0.36279296875 0.40966796875 0.0322265625 0.0244140625
4 0.35693359375 0.396484375 0.0283203125 0.0234375
4 0.1767578125 0.3505859375 0.0234375 0.029296875
4 0.19287109375 0.36376953125 0.0244140625 0.0283203125
4 0.2001953125 0.373046875 0.021484375 0.025390625
4 0.220703125 0.3798828125 0.029296875 0.03125
4 0.22900390625 0.3876953125 0.0263671875 0.029296875
4 0.388671875 0.38330078125 0.02734375 0.0224609375
4 0.38525390625 0.3720703125 0.0244140625 0.01953125
4 0.38427734375 0.3603515625 0.0283203125 0.021484375
4 0.306640625 0.23095703125 0.025390625 0.0224609375
4 0.05517578125 0.2783203125 0.0166015625 0.025390625
4 0.064453125 0.2822265625 0.01953125 0.029296875
4 0.0732421875 0.28759765625 0.017578125 0.0283203125
4 0.083984375 0.2900390625 0.017578125 0.025390625
4 0.0947265625 0.2958984375 0.017578125 0.02734375
4 0.1318359375 0.27880859375 0.025390625 0.0224609375
4 0.13818359375 0.25830078125 0.0244140625 0.0224609375
4 0.1455078125 0.25146484375 0.03125 0.0244140625
4 0.15087890625 0.24267578125 0.0302734375 0.0224609375
4 0.25244140625 0.22705078125 0.0498046875 0.0283203125
4 0.25732421875 0.24072265625 0.0439453125 0.0263671875
4 0.29931640625 0.22216796875 0.0283203125 0.0263671875
4 0.31396484375 0.25 0.0263671875 0.021484375
4 0.36572265625 0.34326171875 0.0283203125 0.0244140625
4 0.29736328125 0.28564453125 0.0361328125 0.0283203125
4 0.28515625 0.271484375 0.044921875 0.03515625
4 0.33544921875 0.28662109375 0.0244140625 0.0224609375
4 0.34375 0.29345703125 0.025390625 0.0205078125
4 0.34716796875 0.302734375 0.0224609375 0.01953125
4 0.318359375 0.3232421875 0.0390625 0.03125
4 0.3505859375 0.3125 0.021484375 0.01953125
4 0.35888671875 0.33154296875 0.0224609375 0.0166015625
4 0.32373046875 0.3369140625 0.0263671875 0.01953125
4 0.33251953125 0.34716796875 0.0322265625 0.0263671875
4 0.3369140625 0.365234375 0.029296875 0.0234375
4 0.3427734375 0.3779296875 0.029296875 0.02734375
