4 0.00537109375 0.44140625 0.0087890625 0.025390625
4 0.02294921875 0.443359375 0.0146484375 0.029296875
4 0.04248046875 0.44091796875 0.0224609375 0.0419921875
4 0.0576171875 0.44482421875 0.01171875 0.0322265625
4 0.06884765625 0.44921875 0.0185546875 0.03125
4 0.06689453125 0.4912109375 0.0126953125 0.03125
4 0.04833984375 0.49169921875 0.0205078125 0.0341796875
4 0.0322265625 0.48876953125 0.015625 0.0322265625
4 0.01220703125 0.4833984375 0.0166015625 0.03125
4 0.02880859375 0.302734375 0.0263671875 0.037109375
4 0.06884765625 0.30908203125 0.0166015625 0.0302734375
4 0.08349609375 0.31298828125 0.0263671875 0.0400390625
4 0.103515625 0.31787109375 0.0234375 0.0419921875
4 0.12060546875 0.3173828125 0.0166015625 0.03515625
4 0.1357421875 0.32275390625 0.025390625 0.0458984375
4 0.16259765625 0.330078125 0.0185546875 0.05078125
4 0.19140625 0.32080078125 0.01953125 0.0283203125
4 0.181640625 0.37255859375 0.025390625 0.0126953125
4 0.1806640625 0.390625 0.02734375 0.013671875
4 0.17626953125 0.400390625 0.0322265625 0.015625
4 0.17236328125 0.41015625 0.0283203125 0.013671875
4 0.173828125 0.42041015625 0.03125 0.0166015625
4 0.17431640625 0.43115234375 0.0283203125 0.0126953125
4 0.17333984375 0.44091796875 0.0244140625 0.0166015625
4 0.16943359375 0.45068359375 0.0322265625 0.0205078125
4 0.16650390625 0.4638671875 0.0283203125 0.01171875
4 0.169921875 0.484375 0.02734375 0.013671875
4 0.16748046875 0.494140625 0.0283203125 0.013671875
4 0.17041015625 0.5087890625 0.0263671875 0.015625
4 0.1611328125 0.53662109375 0.03125 0.0185546875
4 0.1630859375 0.51708984375 0.025390625 0.0126953125
4 0.13818359375 0.552734375 0.0244140625 0.02734375
4 0.1279296875 0.56396484375 0.0234375 0.0283203125
4 0.1181640625 0.57421875 0.01953125 0.0234375
4 0.10546875 0.57568359375 0.021484375 0.0263671875
4 0.09619140625 0.58447265625 0.0244140625 0.0244140625
4 0.0888671875 0.59716796875 0.017578125 0.0205078125
4 0.07861328125 0.6025390625 0.0185546875 0.021484375
4 0.07080078125 0.607421875 0.0244140625 0.025390625
4 0.056640625 0.60986328125 0.021484375 0.0361328125
4 0.03173828125 0.63037109375 0.0166015625 0.0400390625
4 0.015625 0.626953125 0.015625 0.041015625
4 0.00341796875 0.62841796875 0.0048828125 0.0341796875
4 0.05126953125 0.142578125 0.0263671875 0.013671875
4 0.439453125 0.017578125 0.0234375 0.033203125
4 0.453125 0.0166015625 0.01953125 0.029296875
4 0.4658203125 0.01708984375 0.025390625 0.0322265625
4 0.4775390625 0.0126953125 0.017578125 0.0234375
4 0.49072265625 0.01220703125 0.0185546875 0.0224609375
4 0.501953125 0.00732421875 0.01171875 0.0126953125
4 0.52685546875 0.00634765625 0.0146484375 0.0107421875
4 0.5390625 0.00341796875 0.01171875 0.0048828125
4 0.5537109375 0.00341796875 0.013671875 0.0048828125
4 0.19189453125 0.03466796875 0.0146484375 0.0205078125
4 0.1923828125 0.0166015625 0.0234375 0.013671875
4 0.14306640625 0.01953125 0.0244140625 0.01171875
