12 0.578125 0.72509765625 0.046875 0.0400390625
12 0.55419921875 0.68505859375 0.0439453125 0.0361328125
12 0.56640625 0.7041015625 0.044921875 0.037109375
8 0.5986328125 0.76904296875 0.02734375 0.0224609375
8 0.59033203125 0.7578125 0.0263671875 0.021484375
8 0.58349609375 0.7451171875 0.0263671875 0.021484375
10 0.4384765625 0.84619140625 0.064453125 0.0576171875
10 0.46044921875 0.74853515625 0.1044921875 0.0947265625
7 0.24853515625 0.59765625 0.1728515625 0.203125
6 0.24755859375 0.5966796875 0.2783203125 0.33203125
8 0.11962890625 0.455078125 0.0400390625 0.044921875
8 0.14599609375 0.43896484375 0.0400390625 0.0458984375
8 0.11376953125 0.38623046875 0.0400390625 0.0458984375
8 0.08642578125 0.40185546875 0.0400390625 0.0458984375
