4 0.23046875 0.53662109375 0.015625 0.0302734375
4 0.2509765625 0.53759765625 0.009765625 0.0283203125
4 0.04638671875 0.44189453125 0.0185546875 0.0322265625
4 0.0556640625 0.39697265625 0.013671875 0.0322265625
4 0.0927734375 0.4033203125 0.01171875 0.03515625
4 0.111328125 0.40283203125 0.013671875 0.0400390625
4 0.12939453125 0.40478515625 0.0146484375 0.0380859375
4 0.14599609375 0.4072265625 0.0126953125 0.033203125
4 0.17724609375 0.4091796875 0.0146484375 0.03515625
4 0.16162109375 0.41064453125 0.0146484375 0.0361328125
4 0.19384765625 0.41064453125 0.0166015625 0.0400390625
4 0.12890625 0.4560546875 0.021484375 0.03515625
4 0.09814453125 0.44921875 0.0126953125 0.03125
4 0.07763671875 0.4482421875 0.0185546875 0.037109375
4 0.06591796875 0.44482421875 0.0107421875 0.0322265625
4 0.10986328125 0.45556640625 0.0244140625 0.0439453125
4 0.14599609375 0.4560546875 0.0166015625 0.03515625
4 0.2294921875 0.419921875 0.013671875 0.03515625
4 0.15771484375 0.462890625 0.0166015625 0.037109375
4 0.248046875 0.42578125 0.015625 0.029296875
4 0.26806640625 0.4267578125 0.0126953125 0.029296875
4 0.28515625 0.42431640625 0.015625 0.0283203125
4 0.2978515625 0.4287109375 0.015625 0.029296875
4 0.33544921875 0.43310546875 0.0107421875 0.0283203125
4 0.3505859375 0.43408203125 0.013671875 0.0322265625
4 0.36962890625 0.43505859375 0.0185546875 0.0341796875
4 0.38818359375 0.44140625 0.0107421875 0.025390625
4 0.40673828125 0.443359375 0.0146484375 0.029296875
4 0.42626953125 0.44091796875 0.0224609375 0.0419921875
4 0.44140625 0.44482421875 0.01171875 0.0322265625
4 0.45263671875 0.44921875 0.0185546875 0.03125
4 0.45068359375 0.4912109375 0.0126953125 0.03125
4 0.43212890625 0.49169921875 0.0205078125 0.0341796875
4 0.416015625 0.48876953125 0.015625 0.0322265625
4 0.39599609375 0.4833984375 0.0166015625 0.03125
4 0.37890625 0.482421875 0.01953125 0.03125
4 0.3583984375 0.48046875 0.01953125 0.03125
4 0.34521484375 0.486328125 0.0205078125 0.041015625
4 0.3271484375 0.47607421875 0.017578125 0.0263671875
4 0.31396484375 0.47314453125 0.0166015625 0.0341796875
4 0.2626953125 0.474609375 0.015625 0.037109375
4 0.23876953125 0.466796875 0.0126953125 0.029296875
4 0.22119140625 0.46533203125 0.0205078125 0.0341796875
4 0.20166015625 0.46337890625 0.0224609375 0.0400390625
4 0.1884765625 0.458984375 0.009765625 0.03125
4 0.17431640625 0.4609375 0.0166015625 0.03515625
4 0.0927734375 0.27001953125 0.033203125 0.0498046875
4 0.17724609375 0.27685546875 0.0244140625 0.0400390625
4 0.1962890625 0.27880859375 0.0234375 0.0400390625
4 0.212890625 0.2841796875 0.025390625 0.048828125
4 0.251953125 0.28466796875 0.021484375 0.0419921875
4 0.2705078125 0.3076171875 0.017578125 0.0390625
4 0.3330078125 0.2978515625 0.017578125 0.029296875
4 0.3505859375 0.31494140625 0.013671875 0.0263671875
4 0.41259765625 0.302734375 0.0263671875 0.037109375
4 0.45263671875 0.30908203125 0.0166015625 0.0302734375
4 0.46728515625 0.31298828125 0.0263671875 0.0400390625
4 0.4873046875 0.31787109375 0.0234375 0.0419921875
4 0.50439453125 0.3173828125 0.0166015625 0.03515625
4 0.51953125 0.32275390625 0.025390625 0.0458984375
4 0.54638671875 0.330078125 0.0185546875 0.05078125
4 0.5751953125 0.32080078125 0.01953125 0.0283203125
4 0.5654296875 0.37255859375 0.025390625 0.0126953125
4 0.564453125 0.390625 0.02734375 0.013671875
4 0.56005859375 0.400390625 0.0322265625 0.015625
4 0.55615234375 0.41015625 0.0283203125 0.013671875
4 0.5576171875 0.42041015625 0.03125 0.0166015625
4 0.55810546875 0.43115234375 0.0283203125 0.0126953125
4 0.55712890625 0.44091796875 0.0244140625 0.0166015625
4 0.55322265625 0.45068359375 0.0322265625 0.0205078125
4 0.55029296875 0.4638671875 0.0283203125 0.01171875
4 0.5537109375 0.484375 0.02734375 0.013671875
4 0.55126953125 0.494140625 0.0283203125 0.013671875
4 0.55419921875 0.5087890625 0.0263671875 0.015625
4 0.15087890625 0.2177734375 0.0146484375 0.02734375
4 0.0576171875 0.26904296875 0.021484375 0.0517578125
4 0.544921875 0.53662109375 0.03125 0.0185546875
4 0.04052734375 0.263671875 0.0166015625 0.044921875
4 0.0078125 0.2568359375 0.013671875 0.037109375
4 0.546875 0.51708984375 0.025390625 0.0126953125
4 0.52197265625 0.552734375 0.0244140625 0.02734375
4 0.51171875 0.56396484375 0.0234375 0.0283203125
4 0.501953125 0.57421875 0.01953125 0.0234375
4 0.4892578125 0.57568359375 0.021484375 0.0263671875
4 0.47998046875 0.58447265625 0.0244140625 0.0244140625
4 0.47265625 0.59716796875 0.017578125 0.0205078125
4 0.46240234375 0.6025390625 0.0185546875 0.021484375
4 0.45458984375 0.607421875 0.0244140625 0.025390625
4 0.4404296875 0.60986328125 0.021484375 0.0361328125
4 0.41552734375 0.63037109375 0.0166015625 0.0400390625
4 0.3994140625 0.626953125 0.015625 0.041015625
4 0.3828125 0.62841796875 0.013671875 0.0341796875
4 0.36572265625 0.6240234375 0.0146484375 0.0390625
4 0.33544921875 0.6240234375 0.0146484375 0.033203125
4 0.318359375 0.6171875 0.01953125 0.04296875
4 0.28759765625 0.61376953125 0.0185546875 0.0400390625
4 0.271484375 0.6142578125 0.015625 0.03515625
4 0.2548828125 0.61181640625 0.021484375 0.0400390625
4 0.2431640625 0.609375 0.015625 0.029296875
4 0.2197265625 0.60546875 0.013671875 0.0390625
4 0.20654296875 0.6064453125 0.0126953125 0.033203125
4 0.19140625 0.6044921875 0.01953125 0.0390625
4 0.1455078125 0.5947265625 0.0234375 0.046875
4 0.1279296875 0.59423828125 0.017578125 0.0439453125
4 0.09619140625 0.58837890625 0.0205078125 0.0478515625
4 0.0791015625 0.58349609375 0.021484375 0.0439453125
4 0.0634765625 0.58447265625 0.0234375 0.0517578125
4 0.046875 0.583984375 0.021484375 0.041015625
4 0.3564453125 0.0048828125 0.01171875 0.0078125
4 0.34326171875 0.0234375 0.0107421875 0.025390625
4 0.43505859375 0.142578125 0.0263671875 0.013671875
4 0.8232421875 0.017578125 0.0234375 0.033203125
4 0.8369140625 0.0166015625 0.01953125 0.029296875
4 0.849609375 0.01708984375 0.025390625 0.0322265625
4 0.861328125 0.0126953125 0.017578125 0.0234375
4 0.87451171875 0.01220703125 0.0185546875 0.0224609375
4 0.8857421875 0.00732421875 0.01171875 0.0126953125
4 0.91064453125 0.00634765625 0.0146484375 0.0107421875
4 0.9228515625 0.00341796875 0.01171875 0.0048828125
4 0.9375 0.00341796875 0.013671875 0.0048828125
4 0.57568359375 0.03466796875 0.0146484375 0.0205078125
4 0.576171875 0.0166015625 0.0234375 0.013671875
4 0.52685546875 0.01953125 0.0244140625 0.01171875
