0 0.2529296875 0.52685546875 0.021484375 0.0107421875
0 0.1826171875 0.72998046875 0.015625 0.0205078125
2 0.93017578125 0.33447265625 0.1396484375 0.1552734375
2 0.4990234375 0.51318359375 0.169921875 0.1552734375
3 0.04345703125 0.703125 0.0341796875 0.033203125
3 0.06689453125 0.7451171875 0.0302734375 0.03125
14 0.18359375 0.130859375 0.060546875 0.0703125
0 0.19189453125 0.734375 0.0166015625 0.0234375
1 0.22021484375 0.79541015625 0.0185546875 0.0224609375
0 0.201171875 0.73876953125 0.013671875 0.0205078125
0 0.21240234375 0.7421875 0.0146484375 0.017578125
0 0.2197265625 0.74658203125 0.017578125 0.0224609375
0 0.12646484375 0.70458984375 0.0185546875 0.0244140625
0 0.15625 0.76904296875 0.015625 0.0205078125
0 0.166015625 0.77197265625 0.013671875 0.0224609375
0 0.1943359375 0.78466796875 0.017578125 0.0224609375
2 0.9404296875 0.71240234375 0.119140625 0.1513671875
