2 0.21923828125 0.205078125 0.0166015625 0.025390625
2 0.01611328125 0.1533203125 0.0302734375 0.046875
2 0.03955078125 0.06884765625 0.0244140625 0.0283203125
2 0.0791015625 0.06298828125 0.02734375 0.0263671875
2 0.1025390625 0.08935546875 0.05078125 0.0458984375
2 0.064453125 0.07373046875 0.056640625 0.0576171875
2 0.134765625 0.0986328125 0.05078125 0.05078125
2 0.0849609375 0.16015625 0.060546875 0.0625
2 0.0537109375 0.1318359375 0.056640625 0.0625
2 0.10693359375 0.130859375 0.0712890625 0.060546875
2 0.015625 0.19677734375 0.029296875 0.0478515625
2 0.0654296875 0.9765625 0.02734375 0.03125
2 0.0751953125 0.87548828125 0.029296875 0.0302734375
2 0.16162109375 0.6318359375 0.0263671875 0.02734375
2 0.1669921875 0.55078125 0.0234375 0.02734375
2 0.15673828125 0.654296875 0.0205078125 0.02734375
2 0.14892578125 0.71484375 0.0244140625 0.01953125
2 0.26416015625 0.650390625 0.0205078125 0.0234375
2 0.25732421875 0.6376953125 0.0166015625 0.01953125
2 0.2705078125 0.703125 0.025390625 0.029296875
2 0.13525390625 0.87939453125 0.0341796875 0.0302734375
2 0.24853515625 0.99267578125 0.0224609375 0.0146484375
2 0.22998046875 0.990234375 0.0224609375 0.017578125
2 0.0830078125 0.39599609375 0.029296875 0.0302734375
