3 0.5380859375 0.22021484375 0.056640625 0.0615234375
3 0.4189453125 0.15673828125 0.0546875 0.0576171875
3 0.6435546875 0.06298828125 0.03125 0.0322265625
3 0.625 0.02392578125 0.0390625 0.0400390625
3 0.669921875 0.0107421875 0.0390625 0.01953125
3 0.6103515625 0.17919921875 0.076171875 0.0712890625
3 0.57177734375 0.10009765625 0.0732421875 0.0673828125
3 0.48681640625 0.1220703125 0.0556640625 0.056640625
3 0.20263671875 0.07080078125 0.0361328125 0.0361328125
3 0.0859375 0.13427734375 0.05859375 0.0576171875
3 0.02197265625 0.16748046875 0.0419921875 0.0556640625
3 0.71142578125 0.1455078125 0.0244140625 0.0234375
3 0.32275390625 0.02001953125 0.0556640625 0.0380859375
3 0.15283203125 0.0966796875 0.0615234375 0.05859375
3 0.03369140625 0.0244140625 0.0654296875 0.046875
3 0.1826171875 0.39892578125 0.0390625 0.0380859375
3 0.34521484375 0.1953125 0.0595703125 0.056640625
3 0.46923828125 0.255859375 0.0576171875 0.0546875
3 0.3974609375 0.29150390625 0.060546875 0.0576171875
3 0.6826171875 0.15966796875 0.025390625 0.0224609375
3 0.66943359375 0.13623046875 0.0244140625 0.0205078125
3 0.69970703125 0.12158203125 0.0244140625 0.0205078125
3 0.7158203125 0.08251953125 0.033203125 0.0341796875
3 0.2490234375 0.400390625 0.033203125 0.02734375
3 0.2314453125 0.3701171875 0.025390625 0.021484375
3 0.22119140625 0.34619140625 0.0185546875 0.0224609375
5 0.96630859375 0.55126953125 0.0673828125 0.0244140625
3 0.001953125 0.38720703125 0.001953125 0.0185546875
3 0.044921875 0.6142578125 0.02734375 0.029296875
3 0.74853515625 0.15087890625 0.0341796875 0.0341796875
3 0.51318359375 0.40771484375 0.0419921875 0.0400390625
3 0.55810546875 0.3837890625 0.0400390625 0.04296875
3 0.2880859375 0.24169921875 0.025390625 0.0224609375
3 0.2724609375 0.21044921875 0.0234375 0.0263671875
3 0.33056640625 0.32373046875 0.0595703125 0.0595703125
3 0.13037109375 0.42626953125 0.0341796875 0.0380859375
3 0.10888671875 0.38232421875 0.0361328125 0.0361328125
3 0.16259765625 0.3583984375 0.0400390625 0.03515625
3 0.140625 0.31494140625 0.0390625 0.0380859375
3 0.08984375 0.3408203125 0.0390625 0.037109375
3 0.0693359375 0.302734375 0.033203125 0.03515625
