3 0.39208984375 0.505859375 0.1259765625 0.12109375
3 0.99462890625 0.87548828125 0.0107421875 0.0361328125
3 0.890625 0.93896484375 0.05859375 0.0576171875
3 0.81982421875 0.97216796875 0.0556640625 0.0556640625
3 0.64208984375 0.99951171875 0.0888671875 0.0009765625
3 0.6142578125 0.39990234375 0.109375 0.1083984375
3 0.51904296875 0.21630859375 0.1083984375 0.1025390625
3 0.7275390625 0.11181640625 0.10546875 0.1025390625
3 0.81982421875 0.2958984375 0.1064453125 0.107421875
3 0.95751953125 0.9013671875 0.0615234375 0.05859375
3 0.708984375 0.59375 0.12109375 0.123046875
3 0.978515625 0.6904296875 0.04296875 0.1171875
3 0.8095703125 0.791015625 0.123046875 0.123046875
3 0.9130859375 0.48583984375 0.126953125 0.1279296875
3 0.296875 0.31494140625 0.123046875 0.1240234375
