4 0.251953125 0.0859375 0.12890625 0.03515625
4 0.02001953125 0.6591796875 0.0380859375 0.025390625
4 0.068359375 0.9296875 0.01953125 0.04296875
4 0.2451171875 0.88720703125 0.033203125 0.0380859375
4 0.169921875 0.97607421875 0.029296875 0.0361328125
4 0.15478515625 0.98486328125 0.0185546875 0.0224609375
5 0.21533203125 0.93115234375 0.1240234375 0.1376953125
5 0.41455078125 0.779296875 0.0224609375 0.025390625
4 0.75341796875 0.06787109375 0.0986328125 0.0283203125
3 0.39111328125 0.97265625 0.0107421875 0.01171875
3 0.3818359375 0.97900390625 0.009765625 0.0126953125
3 0.3720703125 0.98681640625 0.009765625 0.0126953125
3 0.37060546875 0.9990234375 0.0126953125 0.001953125
3 0.37890625 0.99560546875 0.01171875 0.0087890625
3 0.38818359375 0.9892578125 0.0107421875 0.01171875
3 0.35400390625 0.99658203125 0.0185546875 0.0068359375
3 0.31982421875 0.9921875 0.0244140625 0.015625
3 0.34423828125 0.98193359375 0.0283203125 0.0244140625
3 0.36669921875 0.9658203125 0.0244140625 0.0234375
