4 0.67041015625 0.5126953125 0.0361328125 0.025390625
4 0.47802734375 0.173828125 0.0400390625 0.015625
4 0.25244140625 0.1064453125 0.0380859375 0.015625
4 0.2548828125 0.11376953125 0.03515625 0.0146484375
4 0.2548828125 0.12158203125 0.037109375 0.0166015625
4 0.41162109375 0.09765625 0.0439453125 0.017578125
4 0.5615234375 0.037109375 0.0390625 0.017578125
4 0.6005859375 0.091796875 0.041015625 0.017578125
4 0.47705078125 0.1669921875 0.0419921875 0.015625
4 0.478515625 0.18115234375 0.0390625 0.0146484375
4 0.67431640625 0.51904296875 0.0380859375 0.0263671875
4 0.2158203125 0.30810546875 0.0390625 0.0263671875
4 0.216796875 0.3154296875 0.0390625 0.02734375
4 0.2216796875 0.32275390625 0.037109375 0.0263671875
4 0.12548828125 0.43701171875 0.0400390625 0.0263671875
4 0.57568359375 0.44140625 0.0380859375 0.01171875
4 0.6630859375 0.498046875 0.037109375 0.025390625
4 0.66552734375 0.5068359375 0.0380859375 0.025390625
4 0.2509765625 0.099609375 0.0390625 0.015625
