10 0.865234375 0.458984375 0.107421875 0.1015625
8 0.91748046875 0.6259765625 0.0263671875 0.03515625
8 0.8818359375 0.6279296875 0.0234375 0.03515625
8 0.8466796875 0.62744140625 0.0234375 0.0400390625
12 0.89453125 0.697265625 0.025390625 0.04296875
12 0.857421875 0.6982421875 0.0234375 0.044921875
12 0.91748046875 0.5576171875 0.0283203125 0.052734375
12 0.8798828125 0.55859375 0.02734375 0.05859375
12 0.8447265625 0.55810546875 0.029296875 0.0595703125
6 0.6826171875 0.5732421875 0.150390625 0.30859375
