8 0.03271484375 0.49755859375 0.0205078125 0.0302734375
8 0.0126953125 0.498046875 0.017578125 0.03125
8 0.001953125 0.376953125 0.001953125 0.0390625
8 0.01171875 0.376953125 0.017578125 0.041015625
8 0.03271484375 0.376953125 0.0205078125 0.0390625
8 0.01220703125 0.416015625 0.0185546875 0.0390625
8 0.033203125 0.41796875 0.021484375 0.0390625
8 0.001953125 0.4560546875 0.001953125 0.0390625
8 0.01171875 0.45556640625 0.017578125 0.0380859375
8 0.0322265625 0.45654296875 0.01953125 0.0380859375
8 0.001953125 0.49853515625 0.001953125 0.0322265625
