4 0.9267578125 0.888671875 0.060546875 0.068359375
4 0.080078125 0.89013671875 0.021484375 0.0224609375
4 0.6142578125 0.869140625 0.095703125 0.072265625
4 0.55810546875 0.83251953125 0.0166015625 0.0654296875
4 0.4814453125 0.94384765625 0.078125 0.0888671875
4 0.4794921875 0.96240234375 0.060546875 0.0654296875
4 0.53076171875 0.88330078125 0.0205078125 0.0224609375
4 0.15283203125 0.962890625 0.0302734375 0.02734375
4 0.09912109375 0.8671875 0.0205078125 0.0234375
3 0.06005859375 0.79541015625 0.0185546875 0.0185546875
3 0.009765625 0.8251953125 0.015625 0.015625
3 0.03076171875 0.83984375 0.0146484375 0.015625
3 0.0166015625 0.85498046875 0.015625 0.0146484375
3 0.0068359375 0.873046875 0.01171875 0.013671875
