2 0.0419921875 0.8095703125 0.08203125 0.08984375
2 0.05126953125 0.369140625 0.0849609375 0.078125
2 0.59228515625 0.03857421875 0.1162109375 0.0751953125
2 0.66259765625 0.21337890625 0.0908203125 0.0966796875
2 0.75 0.494140625 0.08984375 0.091796875
2 0.62646484375 0.58935546875 0.1357421875 0.1279296875
2 0.3720703125 0.3388671875 0.126953125 0.134765625
2 0.107421875 0.57666015625 0.08984375 0.0810546875
2 0.400390625 0.98486328125 0.0703125 0.0302734375
2 0.474609375 0.97314453125 0.08203125 0.0537109375
2 0.54248046875 0.84375 0.0654296875 0.0703125
2 0.45849609375 0.583984375 0.0888671875 0.078125
2 0.3349609375 0.21337890625 0.1328125 0.1298828125
2 0.26806640625 0.02294921875 0.1123046875 0.0439453125
