2 0.51123046875 0.01806640625 0.0556640625 0.0341796875
2 0.4208984375 0.0263671875 0.068359375 0.05078125
2 0.32080078125 0.01904296875 0.0673828125 0.0361328125
2 0.3330078125 0.71875 0.126953125 0.126953125
2 0.25732421875 0.61474609375 0.0830078125 0.0810546875
2 0.16943359375 0.5537109375 0.0634765625 0.0703125
2 0.0849609375 0.58447265625 0.080078125 0.0810546875
2 0.02294921875 0.07568359375 0.0439453125 0.0712890625
2 0.0087890625 0.01513671875 0.015625 0.0283203125
2 0.97216796875 0.7978515625 0.0556640625 0.06640625
2 0.78662109375 0.80126953125 0.1572265625 0.1630859375
2 0.61474609375 0.55419921875 0.0849609375 0.0830078125
2 0.57421875 0.43359375 0.0703125 0.0703125
2 0.732421875 0.25927734375 0.07421875 0.0791015625
2 0.80078125 0.2236328125 0.072265625 0.076171875
2 0.91845703125 0.0947265625 0.0849609375 0.091796875
