2 0.78173828125 0.05712890625 0.1201171875 0.1123046875
2 0.6572265625 0.103515625 0.076171875 0.0703125
2 0.4521484375 0.0556640625 0.07421875 0.08203125
2 0.38330078125 0.03857421875 0.0791015625 0.0751953125
2 0.49755859375 0.306640625 0.0849609375 0.0859375
2 0.53857421875 0.59765625 0.0791015625 0.0859375
2 0.46240234375 0.5693359375 0.0732421875 0.078125
2 0.3623046875 0.55810546875 0.08203125 0.0810546875
2 0.2109375 0.88330078125 0.08203125 0.0791015625
2 0.2919921875 0.919921875 0.083984375 0.091796875
