2 0.59912109375 0.4892578125 0.0869140625 0.080078125
2 0.56005859375 0.6787109375 0.0869140625 0.087890625
2 0.58984375 0.82421875 0.12109375 0.11328125
2 0.65673828125 0.98486328125 0.0791015625 0.0302734375
2 0.326171875 0.9765625 0.115234375 0.046875
2 0.25732421875 0.779296875 0.1337890625 0.140625
2 0.22607421875 0.646484375 0.1513671875 0.146484375
2 0.1767578125 0.50830078125 0.15625 0.1435546875
2 0.13427734375 0.37890625 0.1298828125 0.12890625
2 0.04833984375 0.07958984375 0.0947265625 0.1318359375
