7 0.08251953125 0.57373046875 0.1630859375 0.3349609375
8 0.8447265625 0.27783203125 0.09765625 0.1044921875
8 0.8984375 0.54638671875 0.1015625 0.1044921875
8 0.75830078125 0.42138671875 0.1005859375 0.1044921875
8 0.7021484375 0.373046875 0.099609375 0.10546875
8 0.7724609375 0.68115234375 0.099609375 0.1025390625
8 0.71484375 0.63330078125 0.09765625 0.1044921875
8 0.64599609375 0.57470703125 0.1005859375 0.1044921875
8 0.59130859375 0.52685546875 0.0986328125 0.1064453125
8 0.5361328125 0.4775390625 0.103515625 0.1015625
7 0.3193359375 0.2255859375 0.4765625 0.44921875
