0 0.984375 0.90087890625 0.03125 0.0341796875
0 0.470703125 0.94921875 0.03515625 0.029296875
1 0.30517578125 0.8310546875 0.0419921875 0.03515625
0 0.32421875 0.8447265625 0.0390625 0.029296875
0 0.34814453125 0.85595703125 0.0361328125 0.0302734375
0 0.3642578125 0.8701171875 0.03125 0.025390625
0 0.40234375 0.89501953125 0.0390625 0.0341796875
0 0.455078125 0.93408203125 0.03515625 0.0283203125
0 0.43408203125 0.92333984375 0.0380859375 0.0322265625
0 0.41357421875 0.91015625 0.0439453125 0.03515625
7 0.62255859375 0.431640625 0.7548828125 0.861328125
