7 0.76904296875 0.69970703125 0.4228515625 0.3232421875
8 0.29150390625 0.98828125 0.0498046875 0.0234375
8 0.16845703125 0.646484375 0.0556640625 0.103515625
8 0.09228515625 0.82275390625 0.0537109375 0.1005859375
8 0.185546875 0.81201171875 0.056640625 0.1005859375
8 0.25537109375 0.8056640625 0.0576171875 0.103515625
8 0.88525390625 0.43212890625 0.0576171875 0.1005859375
8 0.8115234375 0.4423828125 0.05859375 0.1015625
8 0.78857421875 0.28515625 0.0576171875 0.1015625
8 0.7666015625 0.13916015625 0.060546875 0.1025390625
7 0.31884765625 0.22509765625 0.3232421875 0.4482421875
9 0.45361328125 0.9873046875 0.0361328125 0.025390625
