3 0.1689453125 0.30078125 0.021484375 0.01953125
3 0.1904296875 0.306640625 0.021484375 0.02734375
3 0.21240234375 0.31396484375 0.0224609375 0.0244140625
3 0.1845703125 0.326171875 0.0234375 0.0234375
3 0.20703125 0.33056640625 0.025390625 0.0244140625
8 0.9794921875 0.39111328125 0.041015625 0.1103515625
8 0.939453125 0.5546875 0.076171875 0.109375
8 0.97998046875 0.5751953125 0.0400390625 0.107421875
1 0.8076171875 0.69287109375 0.03515625 0.0400390625
1 0.75048828125 0.61669921875 0.0849609375 0.0380859375
7 0.30419921875 0.1396484375 0.3681640625 0.27734375
