11 0.515625 0.8671875 0.2109375 0.2109375
1 0.64111328125 0.34521484375 0.0224609375 0.0361328125
0 0.62548828125 0.03857421875 0.0283203125 0.0185546875
0 0.6376953125 0.095703125 0.037109375 0.0234375
0 0.64453125 0.1318359375 0.033203125 0.0234375
0 0.6318359375 0.30078125 0.017578125 0.033203125
0 0.6533203125 0.48046875 0.0234375 0.03515625
0 0.5390625 0.41650390625 0.0390625 0.0263671875
0 0.5322265625 0.39013671875 0.0390625 0.0283203125
0 0.5244140625 0.36083984375 0.029296875 0.0205078125
0 0.4306640625 0.38037109375 0.03515625 0.0224609375
0 0.42431640625 0.359375 0.0302734375 0.017578125
0 0.4189453125 0.3193359375 0.037109375 0.02734375
0 0.416015625 0.302734375 0.033203125 0.01953125
0 0.498046875 0.26904296875 0.037109375 0.0244140625
0 0.39306640625 0.1923828125 0.0419921875 0.02734375
0 0.39404296875 0.2109375 0.0400390625 0.0234375
0 0.48583984375 0.18896484375 0.0322265625 0.0205078125
0 0.404296875 0.24609375 0.0390625 0.021484375
0 0.48291015625 0.17236328125 0.0302734375 0.0224609375
0 0.4951171875 0.2275390625 0.033203125 0.01953125
0 0.49951171875 0.24609375 0.0361328125 0.0234375
0 0.408203125 0.2666015625 0.03515625 0.01953125
0 0.4189453125 0.3388671875 0.029296875 0.01953125
0 0.47412109375 0.58447265625 0.0380859375 0.0244140625
0 0.56982421875 0.0166015625 0.0205078125 0.03125
0 0.4541015625 0.86767578125 0.02734375 0.0380859375
0 0.86083984375 0.46630859375 0.0302734375 0.0400390625
0 0.6357421875 0.07421875 0.03515625 0.025390625
0 0.61865234375 0.02197265625 0.0400390625 0.0244140625
0 0.61474609375 0.00732421875 0.0380859375 0.0126953125
0 0.46484375 0.00537109375 0.033203125 0.0087890625
