1 0.908203125 0.57470703125 0.041015625 0.0458984375
1 0.900390625 0.78564453125 0.04296875 0.0283203125
1 0.9853515625 0.89306640625 0.029296875 0.0224609375
0 0.2822265625 0.31591796875 0.041015625 0.0341796875
0 0.1796875 0.31982421875 0.033203125 0.0419921875
0 0.20703125 0.3642578125 0.037109375 0.04296875
0 0.22021484375 0.38720703125 0.0341796875 0.0458984375
0 0.234375 0.40673828125 0.037109375 0.0458984375
0 0.201171875 0.1748046875 0.037109375 0.03125
0 0.2353515625 0.154296875 0.044921875 0.03515625
0 0.283203125 0.06396484375 0.03515625 0.0283203125
0 0.2568359375 0.01513671875 0.037109375 0.0283203125
0 0.1435546875 0.080078125 0.037109375 0.033203125
0 0.5380859375 0.0244140625 0.033203125 0.0390625
0 0.5556640625 0.0380859375 0.033203125 0.041015625
0 0.134765625 0.06591796875 0.037109375 0.0341796875
0 0.1484375 0.01513671875 0.037109375 0.0283203125
0 0.16162109375 0.02685546875 0.0380859375 0.0341796875
0 0.17041015625 0.04248046875 0.0419921875 0.0341796875
0 0.1865234375 0.07568359375 0.0390625 0.0341796875
0 0.125 0.046875 0.041015625 0.03515625
0 0.1142578125 0.03271484375 0.041015625 0.0302734375
0 0.10302734375 0.01708984375 0.0400390625 0.0341796875
0 0.24365234375 0.1728515625 0.0400390625 0.03515625
0 0.27294921875 0.2998046875 0.0419921875 0.03515625
0 0.26220703125 0.28173828125 0.0439453125 0.0361328125
0 0.15625 0.27099609375 0.0390625 0.0615234375
0 0.876953125 0.80029296875 0.037109375 0.0283203125
0 0.85205078125 0.81591796875 0.0341796875 0.0263671875
0 0.83544921875 0.83447265625 0.0380859375 0.0263671875
0 0.85302734375 0.91162109375 0.0224609375 0.0361328125
0 0.869140625 0.927734375 0.02734375 0.0390625
0 0.8798828125 0.9541015625 0.02734375 0.044921875
0 0.89794921875 0.97509765625 0.0244140625 0.0380859375
0 0.91259765625 0.9921875 0.0185546875 0.015625
0 0.94970703125 0.88232421875 0.0361328125 0.0283203125
0 0.9833984375 0.86865234375 0.033203125 0.0224609375
0 0.96630859375 0.90869140625 0.0380859375 0.0283203125
0 0.994140625 0.91455078125 0.01171875 0.0205078125
0 0.98388671875 0.9326171875 0.0322265625 0.021484375
0 0.986328125 0.95361328125 0.02734375 0.0244140625
0 0.9931640625 0.97509765625 0.013671875 0.0185546875
1 0.26611328125 0.02783203125 0.0419921875 0.0341796875
