0 0.0283203125 0.25244140625 0.025390625 0.0341796875
1 0.1220703125 0.2216796875 0.033203125 0.046875
1 0.33837890625 0.8525390625 0.0439453125 0.05859375
1 0.2216796875 0.52685546875 0.06640625 0.0498046875
1 0.48974609375 0.44873046875 0.0869140625 0.0439453125
1 0.533203125 0.42626953125 0.0859375 0.0517578125
1 0.44677734375 0.46728515625 0.0888671875 0.0419921875
1 0.55419921875 0.40087890625 0.0927734375 0.0498046875
1 0.5927734375 0.37939453125 0.091796875 0.0498046875
1 0.6728515625 0.84228515625 0.05078125 0.0341796875
1 0.70947265625 0.99609375 0.0166015625 0.0078125
1 0.73291015625 0.99169921875 0.0224609375 0.0166015625
1 0.5341796875 0.0966796875 0.04296875 0.029296875
1 0.98681640625 0.9169921875 0.0263671875 0.041015625
1 0.474609375 0.689453125 0.033203125 0.041015625
1 0.1484375 0.21044921875 0.03125 0.0478515625
0 0.013671875 0.2646484375 0.02734375 0.037109375
0 0.04541015625 0.2470703125 0.0263671875 0.037109375
0 0.21484375 0.8193359375 0.029296875 0.037109375
0 0.27197265625 0.79052734375 0.0283203125 0.0400390625
0 0.21630859375 0.70947265625 0.0263671875 0.0322265625
0 0.1806640625 0.72705078125 0.025390625 0.0341796875
0 0.1611328125 0.73095703125 0.025390625 0.0341796875
0 0.3388671875 0.6669921875 0.0390625 0.029296875
0 0.43603515625 0.60107421875 0.0341796875 0.0400390625
0 0.3515625 0.69482421875 0.0390625 0.0302734375
0 0.39208984375 0.697265625 0.0361328125 0.02734375
0 0.10498046875 0.8603515625 0.0263671875 0.0390625
0 0.2333984375 0.81298828125 0.029296875 0.0380859375
0 0.46435546875 0.66748046875 0.0283203125 0.0400390625
0 0.50146484375 0.75732421875 0.0322265625 0.0380859375
0 0.41064453125 0.74658203125 0.0400390625 0.0302734375
0 0.36669921875 0.7421875 0.0400390625 0.025390625
0 0.380859375 0.76806640625 0.033203125 0.0244140625
0 0.32421875 0.837890625 0.029296875 0.037109375
0 0.68798828125 0.85888671875 0.0341796875 0.0283203125
0 0.6396484375 0.49609375 0.02734375 0.03515625
0 0.658203125 0.490234375 0.02734375 0.03125
0 0.62109375 0.50439453125 0.0234375 0.0322265625
0 0.85302734375 0.9638671875 0.0302734375 0.044921875
0 0.892578125 0.95068359375 0.029296875 0.0419921875
0 0.90771484375 0.94189453125 0.0263671875 0.0361328125
0 0.92578125 0.9375 0.02734375 0.041015625
0 0.94580078125 0.9296875 0.0263671875 0.0390625
0 0.9619140625 0.92333984375 0.0234375 0.0341796875
0 0.87109375 0.958984375 0.02734375 0.0390625
0 0.06494140625 0.2412109375 0.0283203125 0.0390625
0 0.97119140625 0.2333984375 0.0283203125 0.0390625
0 0.1494140625 0.33642578125 0.0390625 0.0302734375
0 0.0986328125 0.22314453125 0.02734375 0.0361328125
0 0.16650390625 0.197265625 0.0244140625 0.037109375
0 0.1533203125 0.3623046875 0.033203125 0.025390625
