0 0.0048828125 0.251953125 0.0078125 0.021484375
1 0.0849609375 0.3662109375 0.048828125 0.0390625
1 0.4541015625 0.1142578125 0.1171875 0.064453125
1 0.603515625 0.005859375 0.021484375 0.009765625
1 0.671875 0.48388671875 0.048828125 0.0322265625
1 0.81396484375 0.89697265625 0.0439453125 0.0400390625
11 0.94873046875 0.9208984375 0.1025390625 0.1328125
1 0.28271484375 0.46923828125 0.0361328125 0.0263671875
0 0.1201171875 0.4287109375 0.0390625 0.033203125
0 0.255859375 0.17626953125 0.03515625 0.0205078125
0 0.28955078125 0.16796875 0.0380859375 0.025390625
0 0.37158203125 0.07080078125 0.0322265625 0.0322265625
0 0.36376953125 0.05029296875 0.0322265625 0.0341796875
0 0.34716796875 0.015625 0.0283203125 0.029296875
0 0.2880859375 0.00732421875 0.0234375 0.0126953125
0 0.12548828125 0.2216796875 0.0341796875 0.0234375
0 0.14599609375 0.3447265625 0.0322265625 0.03515625
0 0.19580078125 0.41357421875 0.0322265625 0.0361328125
0 0.67578125 0.5078125 0.0390625 0.02734375
0 0.603515625 0.98193359375 0.03515625 0.0361328125
0 0.56591796875 0.9345703125 0.0341796875 0.03515625
0 0.5419921875 0.90185546875 0.033203125 0.0322265625
0 0.48583984375 0.82666015625 0.0322265625 0.0341796875
0 0.494140625 0.75634765625 0.037109375 0.0302734375
0 0.455078125 0.75244140625 0.03125 0.0380859375
0 0.46337890625 0.79833984375 0.0322265625 0.0361328125
0 0.43896484375 0.767578125 0.0361328125 0.041015625
0 0.39892578125 0.71875 0.0341796875 0.033203125
0 0.37060546875 0.68359375 0.0341796875 0.037109375
0 0.30224609375 0.59716796875 0.0302734375 0.0341796875
0 0.279296875 0.56396484375 0.029296875 0.0361328125
0 0.2919921875 0.490234375 0.037109375 0.02734375
0 0.2158203125 0.51513671875 0.03125 0.0263671875
