0 0.0234375 0.634765625 0.01953125 0.04296875
1 0.234375 0.3271484375 0.052734375 0.0859375
0 0.0126953125 0.12109375 0.0234375 0.04296875
0 0.1689453125 0.22998046875 0.029296875 0.0439453125
0 0.79443359375 0.36962890625 0.0263671875 0.0400390625
0 0.81591796875 0.359375 0.0341796875 0.046875
0 0.83544921875 0.3505859375 0.0283203125 0.041015625
0 0.87890625 0.33349609375 0.03125 0.0419921875
0 0.84375 0.27978515625 0.03125 0.0419921875
0 0.7607421875 0.3798828125 0.03125 0.044921875
0 0.38037109375 0.52294921875 0.0283203125 0.0498046875
0 0.6767578125 0.41015625 0.029296875 0.04296875
0 0.65234375 0.4169921875 0.03125 0.04296875
0 0.62841796875 0.43212890625 0.0263671875 0.0380859375
0 0.595703125 0.443359375 0.033203125 0.04296875
0 0.5703125 0.4541015625 0.029296875 0.04296875
0 0.54931640625 0.4560546875 0.0283203125 0.041015625
0 0.5078125 0.4755859375 0.03125 0.048828125
0 0.490234375 0.48291015625 0.029296875 0.0419921875
0 0.4677734375 0.4931640625 0.025390625 0.0390625
0 0.43017578125 0.50537109375 0.0283203125 0.0419921875
0 0.40185546875 0.51513671875 0.0302734375 0.0458984375
