0 0.66943359375 0.5810546875 0.0185546875 0.03515625
1 0.7060546875 0.7275390625 0.029296875 0.037109375
1 0.380859375 0.60986328125 0.021484375 0.0478515625
1 0.40087890625 0.6064453125 0.0185546875 0.041015625
1 0.4208984375 0.6025390625 0.021484375 0.04296875
0 0.64892578125 0.58251953125 0.0205078125 0.0361328125
0 0.990234375 0.619140625 0.01953125 0.0234375
0 0.4404296875 0.6826171875 0.02734375 0.041015625
0 0.47021484375 0.7265625 0.0224609375 0.037109375
0 0.36279296875 0.60986328125 0.0166015625 0.0341796875
0 0.470703125 0.60107421875 0.01953125 0.0341796875
0 0.4931640625 0.5986328125 0.015625 0.03125
0 0.51171875 0.595703125 0.017578125 0.037109375
0 0.53173828125 0.59619140625 0.0185546875 0.0419921875
0 0.56494140625 0.58935546875 0.0185546875 0.0380859375
0 0.5849609375 0.5888671875 0.021484375 0.0390625
0 0.60595703125 0.583984375 0.0224609375 0.0390625
