0 0.00830078125 0.2822265625 0.0146484375 0.01953125
0 0.0439453125 0.279296875 0.0390625 0.0234375
0 0.08984375 0.275390625 0.04296875 0.021484375
1 0.7568359375 0.97216796875 0.044921875 0.0361328125
9 0.88720703125 0.533203125 0.0458984375 0.06640625
0 0.20263671875 0.27294921875 0.0380859375 0.0166015625
0 0.251953125 0.27294921875 0.033203125 0.0166015625
0 0.29443359375 0.27099609375 0.0341796875 0.0185546875
0 0.33203125 0.27294921875 0.033203125 0.0185546875
0 0.63623046875 0.28564453125 0.0361328125 0.0185546875
0 0.72705078125 0.77685546875 0.0341796875 0.0263671875
0 0.24462890625 0.494140625 0.0263671875 0.0390625
0 0.40966796875 0.93212890625 0.0283203125 0.0419921875
0 0.474609375 0.95654296875 0.0390625 0.0244140625
0 0.43408203125 0.994140625 0.0185546875 0.01171875
0 0.77685546875 0.26123046875 0.0146484375 0.0361328125
0 0.75341796875 0.16650390625 0.0205078125 0.0400390625
0 0.8603515625 0.064453125 0.04296875 0.01953125
