1 0.919921875 0.07275390625 0.044921875 0.0302734375
1 0.8076171875 0.14453125 0.02734375 0.03515625
0 0.3466796875 0.365234375 0.021484375 0.0390625
0 0.02392578125 0.07080078125 0.0400390625 0.0263671875
0 0.29248046875 0.1845703125 0.0283203125 0.0390625
0 0.33642578125 0.97119140625 0.0205078125 0.0400390625
0 0.83251953125 0.90185546875 0.0380859375 0.0185546875
0 0.7900390625 0.8974609375 0.041015625 0.021484375
0 0.74755859375 0.8955078125 0.0400390625 0.017578125
0 0.443359375 0.869140625 0.04296875 0.01953125
0 0.94287109375 0.9404296875 0.0185546875 0.029296875
0 0.9658203125 0.94091796875 0.013671875 0.0244140625
0 0.63037109375 0.20703125 0.0224609375 0.029296875
0 0.65380859375 0.146484375 0.0380859375 0.029296875
