1 0.70751953125 0.453125 0.0537109375 0.03125
12 0.8828125 0.07373046875 0.234375 0.1455078125
1 0.84765625 0.42626953125 0.04296875 0.0380859375
0 0.46142578125 0.3427734375 0.0224609375 0.03515625
0 0.52197265625 0.35302734375 0.0380859375 0.0224609375
0 0.515625 0.3369140625 0.029296875 0.021484375
0 0.69287109375 0.38525390625 0.0283203125 0.0361328125
0 0.74365234375 0.39404296875 0.0302734375 0.0283203125
0 0.91650390625 0.33447265625 0.0283203125 0.0341796875
0 0.98388671875 0.3544921875 0.0322265625 0.0234375
0 0.62548828125 0.84326171875 0.0283203125 0.0185546875
0 0.6376953125 0.900390625 0.037109375 0.0234375
0 0.64453125 0.9365234375 0.033203125 0.0234375
0 0.392578125 0.99169921875 0.041015625 0.0166015625
0 0.48583984375 0.99169921875 0.0322265625 0.0166015625
0 0.48291015625 0.97705078125 0.0302734375 0.0224609375
0 0.56982421875 0.8212890625 0.0205078125 0.03125
0 0.99169921875 0.16552734375 0.0166015625 0.0341796875
0 0.6357421875 0.87890625 0.03515625 0.025390625
0 0.61865234375 0.82666015625 0.0400390625 0.0244140625
0 0.61474609375 0.80712890625 0.0380859375 0.0224609375
0 0.55810546875 0.55126953125 0.0361328125 0.0244140625
0 0.5634765625 0.56982421875 0.03515625 0.0224609375
0 0.5673828125 0.58740234375 0.033203125 0.0224609375
0 0.57080078125 0.60595703125 0.0341796875 0.0224609375
0 0.57958984375 0.62109375 0.0380859375 0.02734375
0 0.58447265625 0.6494140625 0.0380859375 0.025390625
0 0.5283203125 0.64306640625 0.021484375 0.0380859375
0 0.54248046875 0.697265625 0.0205078125 0.03515625
0 0.60302734375 0.72119140625 0.0400390625 0.0244140625
0 0.4501953125 0.74755859375 0.0390625 0.0244140625
0 0.458984375 0.7822265625 0.03515625 0.021484375
0 0.46337890625 0.80078125 0.0361328125 0.02734375
0 0.615234375 0.7890625 0.033203125 0.021484375
1 0.45166015625 0.306640625 0.0244140625 0.0390625
