3 0.890625 0.66650390625 0.02734375 0.0283203125
2 0.86328125 0.044921875 0.08984375 0.08984375
2 0.57421875 0.0224609375 0.09765625 0.04296875
2 0.513671875 0.23681640625 0.103515625 0.0888671875
2 0.76611328125 0.3759765625 0.0888671875 0.087890625
2 0.71044921875 0.478515625 0.1123046875 0.103515625
2 0.30322265625 0.82763671875 0.0654296875 0.0654296875
2 0.24267578125 0.8466796875 0.0771484375 0.080078125
2 0.02197265625 0.6640625 0.0419921875 0.08203125
2 0.0927734375 0.626953125 0.09765625 0.1015625
13 0.8212890625 0.796875 0.357421875 0.29296875
