0 0.39794921875 0.45458984375 0.0439453125 0.0341796875
0 0.47705078125 0.4111328125 0.0400390625 0.03125
1 0.33984375 0.16748046875 0.044921875 0.0361328125
1 0.3740234375 0.4453125 0.048828125 0.041015625
1 0.4091796875 0.71484375 0.041015625 0.021484375
1 0.65869140625 0.30078125 0.0498046875 0.03515625
1 0.443359375 0.4296875 0.033203125 0.02734375
1 0.8125 0.10498046875 0.041015625 0.0517578125
1 0.875 0.94140625 0.041015625 0.04296875
1 0.88916015625 0.7783203125 0.0458984375 0.03515625
0 0.0576171875 0.15185546875 0.0390625 0.0244140625
0 0.02099609375 0.203125 0.0263671875 0.0390625
0 0.0478515625 0.27587890625 0.02734375 0.0400390625
0 0.06689453125 0.32275390625 0.0302734375 0.0458984375
0 0.0849609375 0.3759765625 0.02734375 0.0390625
0 0.10107421875 0.41162109375 0.0263671875 0.0361328125
0 0.11669921875 0.4560546875 0.0283203125 0.0390625
0 0.17236328125 0.54638671875 0.0419921875 0.0361328125
0 0.91552734375 0.98779296875 0.0283203125 0.0244140625
0 0.93505859375 0.75634765625 0.0400390625 0.0302734375
0 0.76171875 0.544921875 0.029296875 0.041015625
0 0.77490234375 0.517578125 0.0302734375 0.041015625
0 0.9697265625 0.11328125 0.037109375 0.029296875
0 0.96142578125 0.03125 0.0322265625 0.04296875
0 0.9443359375 0.0419921875 0.029296875 0.0390625
0 0.904296875 0.05517578125 0.02734375 0.0380859375
0 0.87109375 0.07373046875 0.033203125 0.0419921875
0 0.724609375 0.91552734375 0.041015625 0.0322265625
0 0.693359375 0.93994140625 0.03125 0.0283203125
0 0.65966796875 0.96240234375 0.0380859375 0.0341796875
0 0.6279296875 0.9833984375 0.03125 0.029296875
