0 0.25146484375 0.36962890625 0.0263671875 0.0400390625
0 0.27294921875 0.359375 0.0341796875 0.046875
0 0.29248046875 0.3505859375 0.0283203125 0.041015625
0 0.3359375 0.33349609375 0.03125 0.0419921875
0 0.30078125 0.27978515625 0.03125 0.0419921875
0 0.2177734375 0.3798828125 0.03125 0.044921875
0 0.1337890625 0.41015625 0.029296875 0.04296875
0 0.109375 0.4169921875 0.03125 0.04296875
0 0.08544921875 0.43212890625 0.0263671875 0.0380859375
0 0.052734375 0.443359375 0.033203125 0.04296875
0 0.02734375 0.4541015625 0.029296875 0.04296875
0 0.0107421875 0.45654296875 0.01953125 0.0400390625
