0 0.6533203125 0.658203125 0.029296875 0.0390625
0 0.671875 0.6533203125 0.03125 0.041015625
0 0.640625 0.7666015625 0.03515625 0.044921875
0 0.6591796875 0.75732421875 0.033203125 0.0419921875
0 0.6953125 0.73291015625 0.037109375 0.0380859375
0 0.72021484375 0.72265625 0.0302734375 0.03125
1 0.33984375 0.97216796875 0.044921875 0.0361328125
1 0.8125 0.90966796875 0.041015625 0.0517578125
9 0.47021484375 0.533203125 0.0458984375 0.06640625
1 0.97119140625 0.61767578125 0.0400390625 0.0283203125
1 0.8212890625 0.66943359375 0.037109375 0.0400390625
0 0.21923828125 0.28564453125 0.0361328125 0.0185546875
0 0.31005859375 0.77685546875 0.0341796875 0.0263671875
0 0.0576171875 0.95654296875 0.0390625 0.0244140625
0 0.01708984375 0.994140625 0.0185546875 0.01171875
0 0.9697265625 0.91796875 0.037109375 0.029296875
0 0.96142578125 0.8359375 0.0322265625 0.04296875
0 0.9443359375 0.8466796875 0.029296875 0.0390625
0 0.904296875 0.85986328125 0.02734375 0.0380859375
0 0.87109375 0.87841796875 0.033203125 0.0419921875
0 0.68994140625 0.646484375 0.0283203125 0.0390625
0 0.76611328125 0.69873046875 0.0263671875 0.0283203125
0 0.86962890625 0.6337890625 0.0400390625 0.021484375
0 0.7802734375 0.60009765625 0.029296875 0.0380859375
0 0.759765625 0.6083984375 0.029296875 0.037109375
0 0.74072265625 0.61572265625 0.0322265625 0.0400390625
0 0.72314453125 0.62548828125 0.0322265625 0.0361328125
0 0.70556640625 0.63330078125 0.0302734375 0.0380859375
0 0.78564453125 0.69091796875 0.0283203125 0.0341796875
0 0.80224609375 0.68212890625 0.0283203125 0.0341796875
0 0.35986328125 0.26123046875 0.0146484375 0.0361328125
0 0.33642578125 0.16650390625 0.0205078125 0.0400390625
0 0.83251953125 0.09716796875 0.0380859375 0.0185546875
0 0.7900390625 0.0927734375 0.041015625 0.021484375
0 0.74755859375 0.0908203125 0.0400390625 0.017578125
0 0.443359375 0.064453125 0.04296875 0.01953125
0 0.94287109375 0.1357421875 0.0185546875 0.029296875
0 0.9658203125 0.13623046875 0.013671875 0.0244140625
