0 0.8330078125 0.25244140625 0.025390625 0.0341796875
0 0.4658203125 0.1572265625 0.037109375 0.029296875
0 0.6474609375 0.3369140625 0.02734375 0.0390625
0 0.66455078125 0.326171875 0.0263671875 0.03515625
0 0.7021484375 0.31787109375 0.02734375 0.0361328125
0 0.71630859375 0.3037109375 0.0244140625 0.033203125
0 0.734375 0.3037109375 0.029296875 0.041015625
0 0.75 0.28955078125 0.025390625 0.0361328125
0 0.783203125 0.27587890625 0.029296875 0.0400390625
0 0.802734375 0.2734375 0.025390625 0.037109375
0 0.546875 0.017578125 0.03125 0.033203125
0 0.56982421875 0.0087890625 0.0224609375 0.015625
0 0.59375 0.00732421875 0.0234375 0.0126953125
1 0.9267578125 0.2216796875 0.033203125 0.046875
1 0.18994140625 0.09033203125 0.0478515625 0.0263671875
1 0.12255859375 0.21923828125 0.0263671875 0.0400390625
1 0.26171875 0.20751953125 0.041015625 0.0263671875
1 0.4677734375 0.43359375 0.03125 0.046875
1 0.4541015625 0.40625 0.0234375 0.0390625
1 0.3642578125 0.3671875 0.044921875 0.02734375
1 0.4326171875 0.07373046875 0.05078125 0.0361328125
1 0.49853515625 0.21044921875 0.0537109375 0.0478515625
1 0.5625 0.3095703125 0.044921875 0.044921875
1 0.572265625 0.33154296875 0.0390625 0.0322265625
1 0.48193359375 0.6357421875 0.0439453125 0.0234375
1 0.53125 0.6494140625 0.046875 0.02734375
1 0.953125 0.21044921875 0.03125 0.0478515625
0 0.818359375 0.2646484375 0.02734375 0.037109375
0 0.85009765625 0.2470703125 0.0263671875 0.037109375
0 0.9853515625 0.72705078125 0.025390625 0.0341796875
0 0.9658203125 0.73095703125 0.025390625 0.0341796875
0 0.90966796875 0.8603515625 0.0263671875 0.0390625
0 0.86962890625 0.2412109375 0.0283203125 0.0390625
0 0.302734375 0.27392578125 0.0390625 0.0244140625
0 0.31201171875 0.29443359375 0.0361328125 0.0224609375
0 0.2900390625 0.3095703125 0.0390625 0.025390625
0 0.32958984375 0.318359375 0.0400390625 0.02734375
0 0.29443359375 0.3291015625 0.0380859375 0.021484375
0 0.16943359375 0.30517578125 0.0263671875 0.0361328125
0 0.18701171875 0.32958984375 0.0224609375 0.0380859375
0 0.2001953125 0.3505859375 0.02734375 0.037109375
0 0.21337890625 0.38037109375 0.0205078125 0.0380859375
0 0.22900390625 0.39794921875 0.0244140625 0.0380859375
0 0.4404296875 0.3828125 0.0234375 0.037109375
0 0.36083984375 0.42724609375 0.0400390625 0.0283203125
0 0.3818359375 0.41259765625 0.033203125 0.0224609375
0 0.40185546875 0.43408203125 0.0380859375 0.0263671875
0 0.41357421875 0.4609375 0.0380859375 0.0234375
0 0.4814453125 0.4599609375 0.021484375 0.03515625
0 0.49755859375 0.47607421875 0.0205078125 0.0361328125
0 0.5107421875 0.4951171875 0.0234375 0.03515625
0 0.3818359375 0.47265625 0.0390625 0.025390625
0 0.4306640625 0.482421875 0.0390625 0.021484375
0 0.39697265625 0.49609375 0.0341796875 0.021484375
0 0.4423828125 0.505859375 0.03515625 0.025390625
0 0.40625 0.5185546875 0.0390625 0.02734375
0 0.45263671875 0.53173828125 0.0380859375 0.0263671875
0 0.4228515625 0.54296875 0.033203125 0.025390625
0 0.46533203125 0.5556640625 0.0361328125 0.0234375
0 0.4453125 0.568359375 0.033203125 0.0234375
0 0.5 0.60009765625 0.037109375 0.0263671875
0 0.501953125 0.662109375 0.03515625 0.0234375
0 0.27001953125 0.2861328125 0.0400390625 0.02734375
0 0.2568359375 0.2646484375 0.037109375 0.02734375
0 0.29248046875 0.25146484375 0.0380859375 0.0224609375
0 0.9541015625 0.33642578125 0.0390625 0.0302734375
0 0.9033203125 0.22314453125 0.02734375 0.0361328125
0 0.97119140625 0.197265625 0.0244140625 0.037109375
0 0.9580078125 0.3623046875 0.033203125 0.025390625
0 0.673828125 0.4619140625 0.03515625 0.037109375
0 0.7265625 0.53369140625 0.029296875 0.0400390625
0 0.04736328125 0.0126953125 0.0341796875 0.0234375
0 0.03076171875 0.02978515625 0.0380859375 0.0263671875
0 0.04833984375 0.10693359375 0.0224609375 0.0361328125
0 0.064453125 0.123046875 0.02734375 0.0390625
0 0.0751953125 0.1494140625 0.02734375 0.044921875
0 0.09326171875 0.17041015625 0.0244140625 0.0380859375
0 0.10498046875 0.2001953125 0.0244140625 0.041015625
0 0.14501953125 0.07763671875 0.0361328125 0.0283203125
0 0.1787109375 0.06396484375 0.033203125 0.0224609375
0 0.16162109375 0.10400390625 0.0380859375 0.0283203125
0 0.20263671875 0.11279296875 0.0380859375 0.0263671875
0 0.17919921875 0.1279296875 0.0322265625 0.021484375
0 0.22265625 0.13916015625 0.03515625 0.0244140625
0 0.18701171875 0.14990234375 0.0380859375 0.0263671875
0 0.2333984375 0.1611328125 0.041015625 0.025390625
0 0.20068359375 0.17431640625 0.0380859375 0.0263671875
0 0.2451171875 0.18603515625 0.037109375 0.0244140625
0 0.2119140625 0.1982421875 0.03125 0.021484375
0 0.22802734375 0.22021484375 0.0419921875 0.0263671875
0 0.27587890625 0.22900390625 0.0400390625 0.0244140625
0 0.24853515625 0.24267578125 0.0380859375 0.0263671875
0 0.49365234375 0.98974609375 0.0361328125 0.0205078125
0 0.00830078125 0.85400390625 0.0146484375 0.0341796875
0 0.02001953125 0.896484375 0.0322265625 0.04296875
