0 0.009765625 0.3662109375 0.017578125 0.01953125
0 0.0888671875 0.35693359375 0.0390625 0.0185546875
0 0.04345703125 0.36083984375 0.0419921875 0.0244140625
0 0.2265625 0.34130859375 0.037109375 0.0224609375
0 0.3095703125 0.33154296875 0.04296875 0.0205078125
0 0.39697265625 0.32373046875 0.0400390625 0.0205078125
0 0.4560546875 0.26025390625 0.03125 0.0419921875
0 0.60302734375 0.29443359375 0.0458984375 0.0244140625
0 0.63916015625 0.28759765625 0.0361328125 0.0244140625
0 0.67578125 0.2802734375 0.037109375 0.0234375
0 0.7919921875 0.25537109375 0.04296875 0.0283203125
0 0.455078125 0.44580078125 0.021484375 0.0361328125
0 0.22021484375 0.70751953125 0.0341796875 0.0283203125
0 0.2314453125 0.6748046875 0.04296875 0.029296875
0 0.23876953125 0.65673828125 0.0419921875 0.0322265625
1 0.8896484375 0.3662109375 0.048828125 0.0390625
1 0.17626953125 0.34423828125 0.0576171875 0.0302734375
1 0.51806640625 0.2607421875 0.0380859375 0.044921875
0 0.9248046875 0.4287109375 0.0390625 0.033203125
0 0.93017578125 0.2216796875 0.0341796875 0.0234375
0 0.95068359375 0.3447265625 0.0322265625 0.03515625
0 0.9921875 0.40966796875 0.015625 0.0283203125
