0 0.06884765625 0.13818359375 0.0166015625 0.0400390625
0 0.63427734375 0.0849609375 0.0302734375 0.041015625
0 0.37890625 0.3916015625 0.048828125 0.03125
0 0.26220703125 0.50390625 0.0205078125 0.04296875
0 0.53466796875 0.55810546875 0.0419921875 0.0380859375
0 0.53173828125 0.34716796875 0.0537109375 0.0341796875
0 0.61181640625 0.326171875 0.0439453125 0.029296875
0 0.6689453125 0.310546875 0.044921875 0.029296875
0 0.05078125 0.71142578125 0.021484375 0.0400390625
0 0.271484375 0.76416015625 0.01953125 0.0361328125
0 0.16845703125 0.86474609375 0.0205078125 0.0458984375
0 0.27783203125 0.99560546875 0.0205078125 0.0087890625
0 0.49755859375 0.9638671875 0.0361328125 0.03515625
0 0.9384765625 0.18798828125 0.033203125 0.0283203125
0 0.96630859375 0.41552734375 0.0302734375 0.0478515625
0 0.5107421875 0.978515625 0.037109375 0.0390625
0 0.53857421875 0.99072265625 0.0302734375 0.0185546875
1 0.35009765625 0.0546875 0.0654296875 0.107421875
