0 0.75439453125 0.99169921875 0.0263671875 0.0166015625
0 0.64794921875 0.8349609375 0.0224609375 0.044921875
0 0.62353515625 0.8154296875 0.0224609375 0.03515625
0 0.60205078125 0.7958984375 0.0224609375 0.0390625
0 0.556640625 0.77001953125 0.021484375 0.0400390625
0 0.5263671875 0.7470703125 0.01953125 0.0390625
0 0.1884765625 0.32958984375 0.0390625 0.0224609375
0 0.1923828125 0.310546875 0.03515625 0.0234375
0 0.216796875 0.24853515625 0.0390625 0.0322265625
0 0.228515625 0.22607421875 0.044921875 0.0341796875
0 0.24560546875 0.18505859375 0.0458984375 0.0400390625
0 0.26123046875 0.16650390625 0.0322265625 0.0302734375
1 0.38037109375 0.00732421875 0.0517578125 0.0126953125
1 0.2314453125 0.05859375 0.068359375 0.02734375
0 0.88916015625 0.98388671875 0.0341796875 0.0322265625
0 0.84521484375 0.38134765625 0.0439453125 0.0224609375
0 0.82275390625 0.36376953125 0.0478515625 0.0244140625
0 0.80224609375 0.34326171875 0.0458984375 0.0224609375
0 0.7353515625 0.28662109375 0.041015625 0.0263671875
0 0.75927734375 0.30419921875 0.0439453125 0.0224609375
0 0.7822265625 0.32470703125 0.041015625 0.0244140625
0 0.9091796875 0.44091796875 0.041015625 0.0205078125
0 0.83935546875 0.263671875 0.0185546875 0.04296875
1 0.8896484375 0.4189453125 0.048828125 0.025390625
1 0.90673828125 0.3271484375 0.0185546875 0.044921875
1 0.80419921875 0.47265625 0.0458984375 0.04296875
1 0.81640625 0.24853515625 0.01953125 0.0419921875
1 0.5791015625 0.78369140625 0.025390625 0.0458984375
1 0.30859375 0.6865234375 0.03125 0.046875
1 0.2802734375 0.67333984375 0.033203125 0.0478515625
1 0.2060546875 0.27099609375 0.04296875 0.0263671875
