0 0.63720703125 0.7265625 0.0263671875 0.013671875
1 0.6298828125 0.0576171875 0.068359375 0.021484375
1 0.22265625 0.34521484375 0.0625 0.0791015625
0 0.65673828125 0.44873046875 0.0302734375 0.0146484375
1 0.26513671875 0.4169921875 0.0498046875 0.0625
1 0.30419921875 0.4755859375 0.0654296875 0.078125
1 0.353515625 0.55224609375 0.05859375 0.0732421875
1 0.4384765625 0.6845703125 0.052734375 0.064453125
1 0.646484375 0.5693359375 0.068359375 0.0234375
1 0.64501953125 0.599609375 0.0732421875 0.025390625
1 0.64111328125 0.62841796875 0.0830078125 0.0244140625
1 0.6259765625 0.65771484375 0.05859375 0.0224609375
1 0.61328125 0.1484375 0.109375 0.0234375
1 0.61376953125 0.2109375 0.1123046875 0.02734375
1 0.6328125 0.23828125 0.076171875 0.029296875
1 0.64306640625 0.2646484375 0.0556640625 0.0234375
0 0.4775390625 0.5048828125 0.033203125 0.015625
0 0.3916015625 0.02685546875 0.029296875 0.0146484375
0 0.39501953125 0.005859375 0.0341796875 0.009765625
1 0.1552734375 0.09619140625 0.017578125 0.0458984375
1 0.65869140625 0.53173828125 0.0419921875 0.0185546875
1 0.6533203125 0.48828125 0.044921875 0.017578125
1 0.6513671875 0.5107421875 0.05078125 0.021484375
1 0.625 0.6806640625 0.064453125 0.025390625
