1 0.0986328125 0.30419921875 0.021484375 0.0595703125
1 0.01318359375 0.2275390625 0.0185546875 0.044921875
0 0.05517578125 0.26123046875 0.0205078125 0.0419921875
0 0.09326171875 0.40869140625 0.0400390625 0.0185546875
0 0.78125 0.28857421875 0.05078125 0.0244140625
0 0.7919921875 0.43505859375 0.0390625 0.0400390625
0 0.822265625 0.3291015625 0.041015625 0.021484375
0 0.83984375 0.3486328125 0.041015625 0.025390625
0 0.9462890625 0.322265625 0.021484375 0.033203125
0 0.755859375 0.27099609375 0.041015625 0.0244140625
0 0.1640625 0.361328125 0.029296875 0.046875
0 0.71630859375 0.232421875 0.0439453125 0.021484375
0 0.7373046875 0.25341796875 0.044921875 0.0244140625
0 0.8837890625 0.2724609375 0.01953125 0.033203125
0 0.8603515625 0.259765625 0.0234375 0.0390625
0 0.77783203125 0.17626953125 0.0185546875 0.0380859375
0 0.75439453125 0.16015625 0.0185546875 0.041015625
0 0.72607421875 0.13232421875 0.0458984375 0.0283203125
