0 0.1708984375 0.482421875 0.041015625 0.03125
0 0.21484375 0.4619140625 0.046875 0.03515625
0 0.41357421875 0.21923828125 0.0244140625 0.0419921875
0 0.43408203125 0.205078125 0.0224609375 0.046875
0 0.45654296875 0.1943359375 0.0224609375 0.04296875
0 0.50830078125 0.20849609375 0.0283203125 0.0478515625
0 0.5 0.162109375 0.025390625 0.046875
0 0.47119140625 0.2353515625 0.0244140625 0.05078125
0 0.455078125 0.24755859375 0.021484375 0.0498046875
0 0.5419921875 0.3046875 0.03515625 0.033203125
0 0.4814453125 0.34716796875 0.0390625 0.0380859375
0 0.60302734375 0.41455078125 0.0400390625 0.0341796875
0 0.56591796875 0.43896484375 0.0361328125 0.0341796875
0 0.76611328125 0.31103515625 0.0380859375 0.0302734375
0 0.68212890625 0.36474609375 0.0439453125 0.0361328125
0 0.6435546875 0.3896484375 0.04296875 0.03515625
0 0.61328125 0.244140625 0.0390625 0.0390625
0 0.64599609375 0.2158203125 0.0400390625 0.0390625
0 0.8408203125 0.39599609375 0.037109375 0.0439453125
0 0.87451171875 0.3720703125 0.0380859375 0.046875
0 0.7578125 0.46240234375 0.0390625 0.0478515625
0 0.6669921875 0.8486328125 0.021484375 0.04296875
1 0.361328125 0.1103515625 0.041015625 0.041015625
1 0.4912109375 0.076171875 0.046875 0.0546875
