1 0.0986328125 0.14794921875 0.021484375 0.0595703125
1 0.01318359375 0.0712890625 0.0185546875 0.044921875
0 0.05517578125 0.10498046875 0.0205078125 0.0419921875
0 0.09326171875 0.25244140625 0.0400390625 0.0185546875
0 0.78125 0.13232421875 0.05078125 0.0244140625
0 0.7919921875 0.27880859375 0.0390625 0.0400390625
0 0.822265625 0.1728515625 0.041015625 0.021484375
0 0.83984375 0.1923828125 0.041015625 0.025390625
0 0.9462890625 0.166015625 0.021484375 0.033203125
0 0.755859375 0.11474609375 0.041015625 0.0244140625
0 0.1640625 0.205078125 0.029296875 0.046875
0 0.71630859375 0.076171875 0.0439453125 0.021484375
0 0.7373046875 0.09716796875 0.044921875 0.0244140625
0 0.8837890625 0.1162109375 0.01953125 0.033203125
0 0.8603515625 0.103515625 0.0234375 0.0390625
0 0.77783203125 0.02001953125 0.0185546875 0.0380859375
0 0.75439453125 0.0126953125 0.0185546875 0.0234375
