0 0.44921875 0.7021484375 0.037109375 0.021484375
1 0.6982421875 0.3388671875 0.056640625 0.107421875
1 0.7958984375 0.66748046875 0.10546875 0.0400390625
1 0.79296875 0.6396484375 0.103515625 0.04296875
1 0.7890625 0.61328125 0.103515625 0.04296875
1 0.78466796875 0.58544921875 0.1025390625 0.0419921875
1 0.77880859375 0.55908203125 0.1005859375 0.0400390625
1 0.77490234375 0.533203125 0.1005859375 0.041015625
1 0.7705078125 0.5048828125 0.1015625 0.0390625
1 0.767578125 0.47900390625 0.1015625 0.0400390625
1 0.7626953125 0.4521484375 0.103515625 0.041015625
1 0.7587890625 0.42578125 0.103515625 0.041015625
1 0.7529296875 0.39697265625 0.103515625 0.0400390625
1 0.76171875 0.32666015625 0.05859375 0.1044921875
1 0.73095703125 0.33056640625 0.0576171875 0.1025390625
1 0.6669921875 0.34375 0.056640625 0.10546875
1 0.8056640625 0.7216796875 0.103515625 0.041015625
1 0.63623046875 0.34912109375 0.0576171875 0.1064453125
1 0.60400390625 0.35546875 0.0556640625 0.107421875
1 0.57373046875 0.35986328125 0.0576171875 0.1064453125
1 0.54248046875 0.365234375 0.0556640625 0.10546875
1 0.509765625 0.3720703125 0.0546875 0.10546875
1 0.478515625 0.37744140625 0.0546875 0.1064453125
1 0.44775390625 0.38232421875 0.0537109375 0.1064453125
1 0.4169921875 0.388671875 0.056640625 0.107421875
1 0.38525390625 0.39453125 0.0556640625 0.109375
1 0.3544921875 0.400390625 0.0546875 0.107421875
1 0.3232421875 0.4052734375 0.056640625 0.107421875
1 0.29052734375 0.41064453125 0.0537109375 0.1064453125
1 0.25927734375 0.4169921875 0.0537109375 0.107421875
1 0.80126953125 0.6943359375 0.1044921875 0.04296875
1 0.8115234375 0.748046875 0.103515625 0.04296875
0 0.44921875 0.67529296875 0.04296875 0.0244140625
1 0.474609375 0.7509765625 0.099609375 0.0390625
0 0.43408203125 0.64892578125 0.0439453125 0.0244140625
0 0.41845703125 0.6259765625 0.0361328125 0.01953125
0 0.45166015625 0.5634765625 0.0400390625 0.0234375
0 0.4482421875 0.5380859375 0.03515625 0.021484375
0 0.18994140625 0.76171875 0.0341796875 0.021484375
0 0.298828125 0.65673828125 0.021484375 0.0380859375
0 0.2890625 0.609375 0.01953125 0.03515625
0 0.27880859375 0.56787109375 0.0224609375 0.0380859375
1 0.02783203125 0.46728515625 0.0537109375 0.0322265625
1 0.3837890625 0.8037109375 0.0390625 0.109375
1 0.3544921875 0.80810546875 0.0390625 0.1103515625
1 0.470703125 0.72412109375 0.099609375 0.0400390625
1 0.47900390625 0.779296875 0.0986328125 0.041015625
1 0.81640625 0.7744140625 0.103515625 0.041015625
1 0.484375 0.80517578125 0.099609375 0.0400390625
1 0.4892578125 0.83251953125 0.099609375 0.0400390625
1 0.595703125 0.814453125 0.1015625 0.041015625
1 0.5908203125 0.78515625 0.103515625 0.041015625
1 0.58642578125 0.75830078125 0.1025390625 0.0419921875
1 0.5771484375 0.70703125 0.103515625 0.04296875
1 0.57177734375 0.677734375 0.1025390625 0.0390625
1 0.56689453125 0.6513671875 0.1064453125 0.041015625
1 0.5625 0.6240234375 0.103515625 0.041015625
1 0.5595703125 0.59814453125 0.10546875 0.0419921875
1 0.55322265625 0.5703125 0.1044921875 0.041015625
1 0.54931640625 0.544921875 0.1025390625 0.0390625
1 0.54443359375 0.517578125 0.1025390625 0.041015625
1 0.22705078125 0.421875 0.0537109375 0.109375
