0 0.72216796875 0.8232421875 0.0419921875 0.029296875
0 0.9755859375 0.482421875 0.041015625 0.03125
1 0.65185546875 0.541015625 0.0615234375 0.048828125
0 0.4638671875 0.224609375 0.029296875 0.046875
0 0.55224609375 0.349609375 0.0283203125 0.044921875
0 0.56982421875 0.390625 0.0283203125 0.0390625
0 0.5908203125 0.43408203125 0.0390625 0.0458984375
0 0.134765625 0.9892578125 0.03125 0.021484375
0 0.4296875 0.13818359375 0.029296875 0.0380859375
0 0.443359375 0.1748046875 0.02734375 0.041015625
0 0.40966796875 0.0888671875 0.0283203125 0.04296875
0 0.35595703125 0.07861328125 0.0302734375 0.0458984375
