0 0.091796875 0.8876953125 0.041015625 0.041015625
0 0.0859375 0.83056640625 0.037109375 0.0380859375
0 0.04052734375 0.22509765625 0.0439453125 0.0224609375
0 0.021484375 0.20703125 0.041015625 0.0234375
0 0.0107421875 0.18505859375 0.01953125 0.0185546875
0 0.1044921875 0.28466796875 0.041015625 0.0205078125
0 0.20751953125 0.2666015625 0.0224609375 0.04296875
0 0.03466796875 0.107421875 0.0185546875 0.04296875
1 0.0849609375 0.2626953125 0.048828125 0.025390625
1 0.10205078125 0.1708984375 0.0185546875 0.044921875
1 0.05712890625 0.85693359375 0.0439453125 0.0419921875
1 0.01171875 0.32177734375 0.021484375 0.0322265625
1 0.01171875 0.09228515625 0.01953125 0.0419921875
1 0.9033203125 0.14794921875 0.021484375 0.0595703125
1 0.81787109375 0.0712890625 0.0185546875 0.044921875
1 0.794921875 0.04345703125 0.01953125 0.0439453125
0 0.6875 0.0693359375 0.04296875 0.025390625
0 0.751953125 0.01025390625 0.017578125 0.0185546875
0 0.75146484375 0.13134765625 0.0439453125 0.0244140625
0 0.85986328125 0.10498046875 0.0205078125 0.0419921875
0 0.89794921875 0.25244140625 0.0400390625 0.0185546875
0 0.96875 0.205078125 0.029296875 0.046875
