1 0.34765625 0.80859375 0.052734375 0.0390625
1 0.88232421875 0.01611328125 0.0341796875 0.0302734375
0 0.10205078125 0.47998046875 0.0244140625 0.0341796875
0 0.0693359375 0.40185546875 0.02734375 0.0361328125
0 0.052734375 0.36474609375 0.02734375 0.0400390625
0 0.0341796875 0.322265625 0.02734375 0.044921875
0 0.01025390625 0.251953125 0.0185546875 0.041015625
0 0.4521484375 0.42578125 0.029296875 0.04296875
0 0.5673828125 0.5341796875 0.037109375 0.02734375
0 0.52880859375 0.51708984375 0.0361328125 0.0341796875
0 0.43115234375 0.38134765625 0.0283203125 0.0419921875
0 0.390625 0.2841796875 0.02734375 0.0390625
0 0.35205078125 0.19091796875 0.0283203125 0.0439453125
