1 0.54248046875 0.81884765625 0.0244140625 0.0517578125
1 0.54443359375 0.87353515625 0.0263671875 0.0498046875
1 0.71533203125 0.9765625 0.0263671875 0.046875
1 0.74853515625 0.974609375 0.0283203125 0.05078125
1 0.78271484375 0.9775390625 0.0302734375 0.044921875
1 0.8193359375 0.97021484375 0.02734375 0.0595703125
1 0.88330078125 0.96826171875 0.0283203125 0.0634765625
1 0.9140625 0.96826171875 0.03125 0.0634765625
1 0.541015625 0.73486328125 0.021484375 0.0498046875
1 0.53759765625 0.66796875 0.0224609375 0.048828125
1 0.53466796875 0.61572265625 0.0224609375 0.0517578125
1 0.32177734375 0.740234375 0.0322265625 0.021484375
1 0.35546875 0.12255859375 0.134765625 0.0283203125
1 0.3564453125 0.15380859375 0.134765625 0.0283203125
1 0.35693359375 0.185546875 0.1357421875 0.029296875
1 0.32568359375 0.21923828125 0.0712890625 0.0263671875
1 0.3271484375 0.25 0.072265625 0.02734375
1 0.328125 0.283203125 0.072265625 0.025390625
1 0.3212890625 0.33251953125 0.05859375 0.0205078125
1 0.32958984375 0.36474609375 0.0732421875 0.0263671875
1 0.3642578125 0.48876953125 0.1328125 0.0283203125
1 0.4013671875 0.6025390625 0.052734375 0.021484375
1 0.4052734375 0.671875 0.052734375 0.0234375
1 0.40869140625 0.73876953125 0.0478515625 0.0205078125
1 0.4111328125 0.8056640625 0.046875 0.0234375
1 0.3486328125 0.87939453125 0.056640625 0.0244140625
1 0.3173828125 0.60498046875 0.033203125 0.0205078125
1 0.31787109375 0.64013671875 0.0322265625 0.0205078125
1 0.31982421875 0.671875 0.0322265625 0.021484375
1 0.9482421875 0.9677734375 0.029296875 0.064453125
1 0.734375 0.1474609375 0.02734375 0.126953125
1 0.3544921875 0.09033203125 0.134765625 0.0283203125
