1 0.2119140625 0.84228515625 0.08203125 0.0263671875
1 0.0205078125 0.845703125 0.0390625 0.0234375
1 0.1064453125 0.84326171875 0.080078125 0.0244140625
1 0.0810546875 0.7900390625 0.1015625 0.03125
1 0.6396484375 0.91943359375 0.064453125 0.0244140625
1 0.05029296875 0.64208984375 0.0283203125 0.0615234375
1 0.0146484375 0.58984375 0.02734375 0.080078125
1 0.0791015625 0.5869140625 0.029296875 0.08203125
1 0.10986328125 0.58544921875 0.0322265625 0.0791015625
1 0.14404296875 0.58447265625 0.0302734375 0.0791015625
1 0.21240234375 0.611328125 0.0361328125 0.138671875
1 0.2451171875 0.5810546875 0.033203125 0.08203125
1 0.4970703125 0.83251953125 0.15234375 0.0302734375
1 0.98388671875 0.12109375 0.0322265625 0.021484375
1 0.984375 0.14794921875 0.03125 0.0205078125
1 0.98486328125 0.1787109375 0.0302734375 0.025390625
1 0.9853515625 0.21484375 0.029296875 0.0234375
1 0.986328125 0.2470703125 0.02734375 0.025390625
1 0.986328125 0.28076171875 0.02734375 0.0263671875
1 0.98828125 0.359375 0.0234375 0.025390625
1 0.98876953125 0.43017578125 0.0224609375 0.0263671875
1 0.98974609375 0.4619140625 0.0205078125 0.025390625
1 0.9833984375 0.087890625 0.033203125 0.029296875
1 0.44091796875 0.78125 0.0908203125 0.029296875
1 0.28076171875 0.6103515625 0.0341796875 0.140625
1 0.5537109375 0.77734375 0.08984375 0.02734375
1 0.34375 0.5791015625 0.029296875 0.083984375
1 0.4091796875 0.58349609375 0.02734375 0.0849609375
1 0.43798828125 0.5771484375 0.0263671875 0.083984375
1 0.46484375 0.57666015625 0.025390625 0.0810546875
1 0.4931640625 0.57861328125 0.02734375 0.0830078125
1 0.63671875 0.59814453125 0.029296875 0.1396484375
1 0.6796875 0.56298828125 0.029296875 0.0712890625
1 0.68408203125 0.64111328125 0.0302734375 0.0771484375
1 0.72314453125 0.59521484375 0.0302734375 0.1376953125
1 0.76220703125 0.61572265625 0.0302734375 0.0849609375
1 0.787109375 0.56103515625 0.0234375 0.0732421875
1 0.81884765625 0.5654296875 0.0283203125 0.078125
1 0.8583984375 0.5634765625 0.029296875 0.080078125
1 0.9169921875 0.5625 0.0234375 0.060546875
1 0.880859375 0.7666015625 0.064453125 0.021484375
1 0.806640625 0.7705078125 0.076171875 0.02734375
1 0.71337890625 0.77197265625 0.0537109375 0.0244140625
