0 0.23193359375 0.46484375 0.0341796875 0.041015625
0 0.2626953125 0.52734375 0.029296875 0.03515625
0 0.23046875 0.50830078125 0.03125 0.0380859375
0 0.21240234375 0.5009765625 0.0322265625 0.041015625
0 0.1962890625 0.48974609375 0.03125 0.0400390625
0 0.265625 0.486328125 0.033203125 0.037109375
0 0.2490234375 0.47705078125 0.029296875 0.0380859375
0 0.201171875 0.4482421875 0.033203125 0.0390625
0 0.17724609375 0.47802734375 0.0322265625 0.0380859375
0 0.16357421875 0.4677734375 0.0283203125 0.033203125
0 0.14599609375 0.45703125 0.0302734375 0.03515625
0 0.1318359375 0.44580078125 0.03125 0.0361328125
0 0.15283203125 0.4130859375 0.0341796875 0.041015625
0 0.12060546875 0.3935546875 0.0341796875 0.0390625
0 0.2939453125 0.54931640625 0.037109375 0.0400390625
0 0.3427734375 0.5810546875 0.03125 0.037109375
0 0.14892578125 0.56884765625 0.0322265625 0.0380859375
0 0.16455078125 0.58154296875 0.0263671875 0.0322265625
0 0.18408203125 0.58837890625 0.0341796875 0.0361328125
0 0.201171875 0.60107421875 0.033203125 0.0380859375
0 0.2314453125 0.6220703125 0.029296875 0.0390625
0 0.26318359375 0.64453125 0.0302734375 0.0390625
0 0.279296875 0.6552734375 0.033203125 0.0390625
0 0.29638671875 0.6669921875 0.0322265625 0.0390625
0 0.3173828125 0.67041015625 0.029296875 0.0341796875
0 0.33056640625 0.685546875 0.0322265625 0.041015625
0 0.4765625 0.5185546875 0.02734375 0.03125
0 0.53662109375 0.56787109375 0.0400390625 0.0302734375
0 0.51611328125 0.6025390625 0.0419921875 0.03515625
0 0.486328125 0.64990234375 0.03515625 0.0302734375
0 0.46533203125 0.68310546875 0.0361328125 0.0302734375
0 0.1015625 0.3876953125 0.02734375 0.03515625
0 0.11328125 0.435546875 0.03125 0.037109375
0 0.09716796875 0.42919921875 0.0283203125 0.0341796875
0 0.5966796875 0.287109375 0.033203125 0.0390625
0 0.27880859375 0.0390625 0.0322265625 0.041015625
0 0.1767578125 0.01904296875 0.03125 0.0361328125
0 0.04296875 0.0830078125 0.033203125 0.0390625
0 0.1904296875 0.1767578125 0.033203125 0.041015625
0 0.03857421875 0.23486328125 0.0322265625 0.0380859375
0 0.08740234375 0.37353515625 0.0322265625 0.0400390625
0 0.0546875 0.24462890625 0.03515625 0.0419921875
0 0.10302734375 0.2763671875 0.0322265625 0.0390625
0 0.1337890625 0.29931640625 0.029296875 0.0380859375
0 0.1669921875 0.318359375 0.03125 0.037109375
0 0.2197265625 0.30419921875 0.03125 0.0380859375
0 0.3193359375 0.37109375 0.029296875 0.033203125
0 0.03857421875 0.3408203125 0.0341796875 0.0390625
0 0.0556640625 0.3515625 0.03125 0.0390625
0 0.06787109375 0.365234375 0.0283203125 0.037109375
0 0.03271484375 0.38671875 0.0322265625 0.037109375
0 0.0498046875 0.39697265625 0.029296875 0.0341796875
0 0.0634765625 0.41064453125 0.029296875 0.0322265625
0 0.08056640625 0.41943359375 0.0283203125 0.0361328125
0 0.39599609375 0.72509765625 0.0302734375 0.0361328125
