0 0.87939453125 0.1796875 0.0361328125 0.041015625
0 0.37646484375 0.44970703125 0.0341796875 0.0380859375
1 0.474609375 0.56884765625 0.05078125 0.0576171875
1 0.5126953125 0.52001953125 0.04296875 0.0478515625
1 0.48486328125 0.509765625 0.0439453125 0.048828125
1 0.44775390625 0.56103515625 0.0419921875 0.0517578125
1 0.42529296875 0.55615234375 0.0458984375 0.0517578125
1 0.46044921875 0.5068359375 0.0419921875 0.046875
1 0.443359375 0.48583984375 0.04296875 0.0478515625
1 0.43994140625 0.451171875 0.0439453125 0.046875
1 0.408203125 0.49365234375 0.04296875 0.0478515625
0 0.41064453125 0.52880859375 0.0380859375 0.0419921875
0 0.40234375 0.45703125 0.03515625 0.041015625
1 0.37109375 0.50146484375 0.05078125 0.0556640625
1 0.3818359375 0.4052734375 0.0390625 0.044921875
1 0.53076171875 0.5361328125 0.0478515625 0.05859375
1 0.34912109375 0.44775390625 0.0498046875 0.0576171875
1 0.33642578125 0.54443359375 0.0439453125 0.0458984375
0 0.30859375 0.533203125 0.041015625 0.04296875
1 0.3466796875 0.490234375 0.046875 0.0546875
1 0.24951171875 0.333984375 0.0517578125 0.056640625
1 0.21435546875 0.3837890625 0.0498046875 0.056640625
1 0.23974609375 0.3935546875 0.0458984375 0.052734375
1 0.177734375 0.4326171875 0.05078125 0.05859375
1 0.16455078125 0.39306640625 0.0654296875 0.0751953125
1 0.1552734375 0.35205078125 0.05078125 0.0556640625
1 0.12255859375 0.3984375 0.0478515625 0.052734375
1 0.19677734375 0.294921875 0.0517578125 0.05859375
1 0.49853515625 0.58544921875 0.0458984375 0.0537109375
1 0.55078125 0.55224609375 0.048828125 0.0595703125
0 0.26904296875 0.35009765625 0.0380859375 0.0439453125
1 0.55712890625 0.7119140625 0.0517578125 0.05859375
1 0.79443359375 0.8330078125 0.0673828125 0.078125
1 0.75439453125 0.83837890625 0.0693359375 0.0771484375
1 0.76123046875 0.7490234375 0.0654296875 0.078125
1 0.7119140625 0.81787109375 0.060546875 0.0673828125
1 0.80859375 0.77197265625 0.05859375 0.0673828125
1 0.748046875 0.7197265625 0.060546875 0.0703125
1 0.681640625 0.76220703125 0.064453125 0.0771484375
1 0.65087890625 0.755859375 0.0615234375 0.0703125
1 0.62646484375 0.7392578125 0.0615234375 0.0703125
1 0.70263671875 0.68359375 0.0634765625 0.076171875
1 0.68017578125 0.66455078125 0.0693359375 0.0869140625
1 0.5859375 0.71728515625 0.06640625 0.0791015625
1 0.54052734375 0.69482421875 0.0498046875 0.0576171875
1 0.57568359375 0.5615234375 0.0517578125 0.056640625
1 0.52490234375 0.6806640625 0.0498046875 0.05859375
1 0.50390625 0.6650390625 0.05078125 0.060546875
1 0.576171875 0.64794921875 0.048828125 0.0517578125
1 0.56103515625 0.6279296875 0.0498046875 0.05859375
1 0.5400390625 0.615234375 0.048828125 0.056640625
1 0.52001953125 0.60009765625 0.0498046875 0.0556640625
1 0.48388671875 0.650390625 0.0498046875 0.056640625
1 0.46435546875 0.63232421875 0.0498046875 0.0576171875
1 0.4423828125 0.62353515625 0.044921875 0.0537109375
1 0.41796875 0.60986328125 0.048828125 0.0556640625
1 0.61376953125 0.59716796875 0.0439453125 0.0498046875
1 0.6279296875 0.6201171875 0.04296875 0.048828125
0 0.20947265625 0.33447265625 0.0380859375 0.0439453125
0 0.12890625 0.248046875 0.037109375 0.033203125
0 0.89599609375 0.1923828125 0.0361328125 0.037109375
1 0.98291015625 0.3251953125 0.0341796875 0.0390625
1 0.9755859375 0.345703125 0.048828125 0.044921875
1 0.271484375 0.61376953125 0.0859375 0.0654296875
0 0.29443359375 0.40625 0.0400390625 0.044921875
0 0.3330078125 0.43505859375 0.0390625 0.0458984375
0 0.26611328125 0.4443359375 0.0380859375 0.044921875
0 0.28564453125 0.45654296875 0.0419921875 0.0458984375
0 0.30322265625 0.46875 0.0380859375 0.04296875
0 0.25634765625 0.49560546875 0.0380859375 0.0458984375
0 0.275390625 0.5078125 0.041015625 0.044921875
0 0.68994140625 0.0849609375 0.0419921875 0.048828125
0 0.85888671875 0.16357421875 0.0380859375 0.0419921875
0 0.1044921875 0.2822265625 0.037109375 0.03125
1 0.32666015625 0.27099609375 0.0615234375 0.0498046875
0 0.61474609375 0.00537109375 0.0205078125 0.0087890625
0 0.75390625 0.00830078125 0.025390625 0.0146484375
0 0.77197265625 0.0166015625 0.0341796875 0.03125
0 0.791015625 0.025390625 0.033203125 0.037109375
0 0.81201171875 0.037109375 0.0341796875 0.037109375
0 0.828125 0.04931640625 0.03515625 0.0400390625
0 0.84619140625 0.05908203125 0.0361328125 0.0400390625
0 0.8623046875 0.0712890625 0.037109375 0.04296875
0 0.87939453125 0.0810546875 0.0341796875 0.041015625
0 0.896484375 0.09521484375 0.033203125 0.0361328125
0 0.92578125 0.1181640625 0.03125 0.03515625
0 0.98828125 0.16748046875 0.0234375 0.0400390625
1 0.84765625 0.8115234375 0.064453125 0.078125
