0 0.78564453125 0.9208984375 0.0263671875 0.037109375
0 0.52197265625 0.7314453125 0.0380859375 0.03515625
0 0.63037109375 0.70751953125 0.0400390625 0.0361328125
0 0.6005859375 0.67919921875 0.037109375 0.0361328125
0 0.57177734375 0.650390625 0.0380859375 0.037109375
0 0.56298828125 0.63232421875 0.0341796875 0.0341796875
0 0.54833984375 0.62060546875 0.0322265625 0.0322265625
0 0.52099609375 0.59375 0.0439453125 0.041015625
0 0.50927734375 0.5732421875 0.0380859375 0.033203125
0 0.46240234375 0.625 0.0302734375 0.033203125
0 0.51416015625 0.71435546875 0.0341796875 0.0341796875
0 0.5673828125 0.77294921875 0.037109375 0.0361328125
0 0.48681640625 0.68994140625 0.0361328125 0.0361328125
0 0.47021484375 0.6787109375 0.0322265625 0.033203125
0 0.45654296875 0.66357421875 0.0341796875 0.0361328125
0 0.4423828125 0.65234375 0.033203125 0.033203125
0 0.431640625 0.63720703125 0.03515625 0.0341796875
0 0.41748046875 0.62451171875 0.0302734375 0.0283203125
0 0.40185546875 0.609375 0.0322265625 0.033203125
0 0.39013671875 0.59423828125 0.0322265625 0.0341796875
0 0.65771484375 0.734375 0.0322265625 0.03125
0 0.57958984375 0.78955078125 0.0302734375 0.0302734375
0 0.34912109375 0.5537109375 0.0341796875 0.03125
0 0.8330078125 0.77685546875 0.03515625 0.0341796875
0 0.95068359375 0.69873046875 0.0400390625 0.0166015625
0 0.94970703125 0.71826171875 0.0361328125 0.0166015625
0 0.94580078125 0.77685546875 0.0400390625 0.0166015625
0 0.91064453125 0.86376953125 0.0302734375 0.0380859375
0 0.89013671875 0.86669921875 0.0263671875 0.0361328125
0 0.87451171875 0.8779296875 0.0263671875 0.033203125
0 0.85791015625 0.88916015625 0.0322265625 0.0439453125
0 0.85107421875 0.76806640625 0.0361328125 0.0341796875
0 0.8134765625 0.78759765625 0.03515625 0.0341796875
0 0.6064453125 0.8173828125 0.03125 0.029296875
0 0.79833984375 0.80029296875 0.0322265625 0.0322265625
0 0.7724609375 0.80419921875 0.037109375 0.0341796875
0 0.72509765625 0.80859375 0.0439453125 0.041015625
0 0.7021484375 0.9140625 0.04296875 0.041015625
0 0.6884765625 0.896484375 0.03515625 0.03515625
0 0.642578125 0.85986328125 0.033203125 0.0341796875
0 0.63232421875 0.8447265625 0.0341796875 0.033203125
0 0.61865234375 0.83203125 0.0400390625 0.0390625
0 0.37646484375 0.583984375 0.0322265625 0.033203125
0 0.32275390625 0.5244140625 0.0361328125 0.033203125
0 0.806640625 0.916015625 0.02734375 0.0390625
0 0.3017578125 0.4912109375 0.029296875 0.029296875
0 0.205078125 0.39892578125 0.037109375 0.0361328125
0 0.19189453125 0.38330078125 0.0322265625 0.0322265625
0 0.17724609375 0.3720703125 0.0400390625 0.0390625
0 0.1884765625 0.2509765625 0.03515625 0.0390625
0 0.17431640625 0.232421875 0.0361328125 0.044921875
0 0.15625 0.21533203125 0.041015625 0.0419921875
0 0.1220703125 0.31591796875 0.03515625 0.0341796875
0 0.11181640625 0.29931640625 0.0380859375 0.0400390625
0 0.2900390625 0.47607421875 0.03125 0.0302734375
0 0.21826171875 0.2783203125 0.0380859375 0.03515625
0 0.275390625 0.46435546875 0.029296875 0.0283203125
0 0.2568359375 0.4560546875 0.03125 0.03125
0 0.27294921875 0.0322265625 0.0419921875 0.03515625
0 0.24072265625 0.05126953125 0.0380859375 0.0341796875
0 0.2080078125 0.06982421875 0.03515625 0.0302734375
0 0.15771484375 0.02490234375 0.0341796875 0.0341796875
0 0.1025390625 0.12841796875 0.03125 0.0263671875
0 0.734375 0.0791015625 0.03515625 0.0390625
0 0.22900390625 0.42919921875 0.0322265625 0.0322265625
0 0.24365234375 0.30859375 0.0341796875 0.03515625
0 0.615234375 0.478515625 0.029296875 0.017578125
0 0.4052734375 0.486328125 0.0390625 0.037109375
0 0.61083984375 0.45751953125 0.0380859375 0.0185546875
0 0.6025390625 0.31982421875 0.037109375 0.0185546875
0 0.61328125 0.341796875 0.03125 0.015625
0 0.5087890625 0.462890625 0.037109375 0.037109375
0 0.48388671875 0.44873046875 0.0361328125 0.0361328125
0 0.4970703125 0.4365234375 0.033203125 0.033203125
0 0.4560546875 0.447265625 0.033203125 0.03515625
0 0.43701171875 0.45947265625 0.0361328125 0.0361328125
0 0.3935546875 0.45849609375 0.033203125 0.0283203125
0 0.22998046875 0.296875 0.0380859375 0.037109375
0 0.37646484375 0.4462890625 0.0361328125 0.03515625
0 0.36572265625 0.4306640625 0.0400390625 0.03515625
0 0.3525390625 0.41748046875 0.04296875 0.0400390625
0 0.3251953125 0.3896484375 0.0390625 0.037109375
0 0.33447265625 0.404296875 0.0341796875 0.03125
0 0.28662109375 0.3447265625 0.0341796875 0.03515625
0 0.271484375 0.33154296875 0.03515625 0.0361328125
0 0.2578125 0.31982421875 0.033203125 0.0341796875
0 0.89306640625 0.0556640625 0.0380859375 0.041015625
