0 0.44970703125 0.46484375 0.0341796875 0.041015625
0 0.48046875 0.52734375 0.029296875 0.03515625
0 0.4482421875 0.50830078125 0.03125 0.0380859375
0 0.43017578125 0.5009765625 0.0322265625 0.041015625
0 0.4140625 0.48974609375 0.03125 0.0400390625
0 0.4833984375 0.486328125 0.033203125 0.037109375
0 0.466796875 0.47705078125 0.029296875 0.0380859375
0 0.4189453125 0.4482421875 0.033203125 0.0390625
0 0.39501953125 0.47802734375 0.0322265625 0.0380859375
0 0.38134765625 0.4677734375 0.0283203125 0.033203125
0 0.36376953125 0.45703125 0.0302734375 0.03515625
0 0.349609375 0.44580078125 0.03125 0.0361328125
0 0.37060546875 0.4130859375 0.0341796875 0.041015625
0 0.33837890625 0.3935546875 0.0341796875 0.0390625
0 0.51171875 0.54931640625 0.037109375 0.0400390625
0 0.560546875 0.5810546875 0.03125 0.037109375
0 0.36669921875 0.56884765625 0.0322265625 0.0380859375
0 0.38232421875 0.58154296875 0.0263671875 0.0322265625
0 0.40185546875 0.58837890625 0.0341796875 0.0361328125
0 0.4189453125 0.60107421875 0.033203125 0.0380859375
0 0.44921875 0.6220703125 0.029296875 0.0390625
0 0.48095703125 0.64453125 0.0302734375 0.0390625
0 0.4970703125 0.6552734375 0.033203125 0.0390625
0 0.51416015625 0.6669921875 0.0322265625 0.0390625
0 0.53515625 0.67041015625 0.029296875 0.0341796875
0 0.54833984375 0.685546875 0.0322265625 0.041015625
0 0.6943359375 0.5185546875 0.02734375 0.03125
0 0.75439453125 0.56787109375 0.0400390625 0.0302734375
0 0.73388671875 0.6025390625 0.0419921875 0.03515625
0 0.7041015625 0.64990234375 0.03515625 0.0302734375
0 0.68310546875 0.68310546875 0.0361328125 0.0302734375
0 0.3193359375 0.3876953125 0.02734375 0.03515625
0 0.3310546875 0.435546875 0.03125 0.037109375
0 0.31494140625 0.42919921875 0.0283203125 0.0341796875
0 0.2080078125 0.20361328125 0.03125 0.0361328125
0 0.08642578125 0.140625 0.0361328125 0.03125
0 0.0703125 0.15283203125 0.037109375 0.0302734375
0 0.162109375 0.43896484375 0.03125 0.0439453125
0 0.1337890625 0.42333984375 0.03125 0.0361328125
0 0.814453125 0.287109375 0.033203125 0.0390625
0 0.49658203125 0.0390625 0.0322265625 0.041015625
0 0.39453125 0.01904296875 0.03125 0.0361328125
0 0.2607421875 0.0830078125 0.033203125 0.0390625
0 0.408203125 0.1767578125 0.033203125 0.041015625
0 0.25634765625 0.23486328125 0.0322265625 0.0380859375
0 0.30517578125 0.37353515625 0.0322265625 0.0400390625
0 0.2724609375 0.24462890625 0.03515625 0.0419921875
0 0.32080078125 0.2763671875 0.0322265625 0.0390625
0 0.3515625 0.29931640625 0.029296875 0.0380859375
0 0.384765625 0.318359375 0.03125 0.037109375
0 0.4375 0.30419921875 0.03125 0.0380859375
0 0.537109375 0.37109375 0.029296875 0.033203125
0 0.21728515625 0.3583984375 0.0361328125 0.041015625
0 0.25634765625 0.3408203125 0.0341796875 0.0390625
0 0.2734375 0.3515625 0.03125 0.0390625
0 0.28564453125 0.365234375 0.0283203125 0.037109375
0 0.25048828125 0.38671875 0.0322265625 0.037109375
0 0.267578125 0.39697265625 0.029296875 0.0341796875
0 0.28125 0.41064453125 0.029296875 0.0322265625
0 0.29833984375 0.41943359375 0.0283203125 0.0361328125
0 0.61376953125 0.72509765625 0.0302734375 0.0361328125
