0 0.84619140625 0.02880859375 0.0361328125 0.0185546875
0 0.93798828125 0.3671875 0.0341796875 0.037109375
0 0.98486328125 0.33056640625 0.0302734375 0.0361328125
0 0.9013671875 0.3291015625 0.02734375 0.033203125
0 0.93603515625 0.3017578125 0.0322265625 0.037109375
0 0.97119140625 0.2744140625 0.0302734375 0.03515625
0 0.98583984375 0.26318359375 0.0283203125 0.0380859375
0 0.9404296875 0.12841796875 0.037109375 0.0341796875
0 0.92529296875 0.11279296875 0.0380859375 0.0341796875
0 0.91162109375 0.0927734375 0.0341796875 0.03125
0 0.8330078125 0.0087890625 0.03515625 0.015625
0 0.8984375 0.07958984375 0.03515625 0.0341796875
0 0.6748046875 0.5 0.033203125 0.037109375
0 0.474609375 0.20263671875 0.03125 0.0341796875
0 0.490234375 0.18896484375 0.03125 0.0361328125
0 0.50732421875 0.1748046875 0.0322265625 0.037109375
0 0.7568359375 0.27587890625 0.03515625 0.0380859375
0 0.609375 0.39599609375 0.033203125 0.0400390625
0 0.7431640625 0.5166015625 0.029296875 0.03515625
0 0.7265625 0.529296875 0.033203125 0.0390625
0 0.71044921875 0.5439453125 0.0302734375 0.033203125
0 0.68896484375 0.55517578125 0.0380859375 0.0439453125
0 0.75439453125 0.67626953125 0.0341796875 0.0380859375
0 0.69287109375 0.7216796875 0.0380859375 0.04296875
0 0.6552734375 0.88232421875 0.029296875 0.0361328125
0 0.91943359375 0.3798828125 0.0341796875 0.0390625
0 0.9013671875 0.39599609375 0.03515625 0.0361328125
0 0.86181640625 0.41748046875 0.0361328125 0.0400390625
0 0.9189453125 0.31591796875 0.033203125 0.0361328125
0 0.99462890625 0.02099609375 0.0107421875 0.0146484375
0 0.41064453125 0.11376953125 0.0361328125 0.0419921875
0 0.34912109375 0.30615234375 0.0361328125 0.0341796875
0 0.33544921875 0.29150390625 0.0341796875 0.0302734375
0 0.3193359375 0.27587890625 0.04296875 0.0400390625
0 0.5986328125 0.00634765625 0.021484375 0.0107421875
0 0.5751953125 0.013671875 0.033203125 0.025390625
0 0.5390625 0.01513671875 0.03125 0.0283203125
0 0.50634765625 0.0380859375 0.0322265625 0.03515625
0 0.45947265625 0.07958984375 0.0322265625 0.0341796875
0 0.44287109375 0.091796875 0.0322265625 0.037109375
0 0.42578125 0.10107421875 0.033203125 0.0380859375
0 0.3798828125 0.34326171875 0.02734375 0.0263671875
0 0.39208984375 0.35791015625 0.0322265625 0.0302734375
0 0.400390625 0.3779296875 0.037109375 0.033203125
0 0.41552734375 0.3916015625 0.0419921875 0.037109375
0 0.62890625 0.99169921875 0.03125 0.0166015625
0 0.6083984375 0.9833984375 0.041015625 0.033203125
0 0.595703125 0.96435546875 0.0390625 0.0322265625
0 0.55908203125 0.90673828125 0.0380859375 0.0341796875
0 0.4755859375 0.9814453125 0.037109375 0.03515625
0 0.46044921875 0.966796875 0.0380859375 0.03515625
0 0.4482421875 0.9423828125 0.037109375 0.03515625
0 0.42578125 0.99169921875 0.029296875 0.0166015625
0 0.41162109375 0.9765625 0.0322265625 0.02734375
0 0.39794921875 0.95947265625 0.0341796875 0.0322265625
0 0.3818359375 0.93701171875 0.044921875 0.0380859375
0 0.4580078125 0.44189453125 0.03125 0.0283203125
0 0.4375 0.42529296875 0.041015625 0.0361328125
0 0.42822265625 0.40673828125 0.0341796875 0.0302734375
1 0.76318359375 0.43798828125 0.0400390625 0.0458984375
0 0.71533203125 0.0146484375 0.0322265625 0.02734375
0 0.7353515625 0.02880859375 0.041015625 0.0380859375
0 0.98046875 0.4833984375 0.0390625 0.044921875
0 0.9453125 0.5126953125 0.037109375 0.04296875
0 0.8876953125 0.34423828125 0.0390625 0.0439453125
0 0.85107421875 0.3701171875 0.0380859375 0.041015625
0 0.82421875 0.2314453125 0.037109375 0.04296875
0 0.59033203125 0.4091796875 0.0380859375 0.044921875
1 0.79443359375 0.47705078125 0.0400390625 0.0478515625
1 0.74658203125 0.455078125 0.0439453125 0.052734375
0 0.724609375 0.4609375 0.041015625 0.044921875
1 0.470703125 0.46728515625 0.068359375 0.0595703125
