1 0.33642578125 0.4072265625 0.0341796875 0.09375
1 0.57666015625 0.75 0.0341796875 0.091796875
1 0.63330078125 0.74072265625 0.0341796875 0.0908203125
1 0.6611328125 0.7373046875 0.033203125 0.09375
1 0.6884765625 0.732421875 0.033203125 0.091796875
1 0.669921875 0.80517578125 0.09375 0.0322265625
1 0.51904296875 0.56103515625 0.0322265625 0.0908203125
1 0.5439453125 0.5556640625 0.03515625 0.091796875
1 0.2568359375 0.41650390625 0.037109375 0.0947265625
1 0.2841796875 0.41455078125 0.03125 0.0947265625
1 0.310546875 0.40966796875 0.033203125 0.0927734375
1 0.36328125 0.40283203125 0.03515625 0.0966796875
1 0.3896484375 0.3974609375 0.033203125 0.095703125
1 0.41552734375 0.39453125 0.0322265625 0.09375
1 0.4404296875 0.39208984375 0.03515625 0.0947265625
1 0.466796875 0.3837890625 0.03125 0.095703125
1 0.49267578125 0.38037109375 0.0341796875 0.0947265625
1 0.51953125 0.37646484375 0.033203125 0.0947265625
1 0.54345703125 0.37158203125 0.0341796875 0.0947265625
1 0.568359375 0.3671875 0.03515625 0.09375
1 0.59375 0.3623046875 0.03515625 0.09375
1 0.369140625 0.29638671875 0.033203125 0.0927734375
1 0.54833984375 0.75244140625 0.0341796875 0.0908203125
1 0.7041015625 0.98583984375 0.02734375 0.0283203125
1 0.677734375 0.982421875 0.029296875 0.03515625
1 0.65185546875 0.978515625 0.0322265625 0.04296875
1 0.02099609375 0.8037109375 0.0400390625 0.037109375
1 0.03955078125 0.82373046875 0.0771484375 0.0537109375
1 0.125 0.84521484375 0.046875 0.0927734375
1 0.150390625 0.8544921875 0.046875 0.09375
1 0.1787109375 0.861328125 0.046875 0.09375
1 0.20361328125 0.86962890625 0.0458984375 0.0927734375
1 0.2294921875 0.87841796875 0.046875 0.0927734375
1 0.255859375 0.8857421875 0.046875 0.09375
1 0.283203125 0.8935546875 0.046875 0.091796875
1 0.31005859375 0.9013671875 0.0478515625 0.091796875
1 0.33447265625 0.91015625 0.0478515625 0.091796875
1 0.36083984375 0.91650390625 0.0439453125 0.0908203125
1 0.38720703125 0.9267578125 0.0458984375 0.09375
1 0.41259765625 0.93359375 0.0439453125 0.091796875
1 0.4375 0.9423828125 0.04296875 0.091796875
1 0.462890625 0.94970703125 0.044921875 0.0908203125
1 0.5146484375 0.958984375 0.046875 0.08203125
1 0.5712890625 0.9677734375 0.0390625 0.064453125
1 0.59765625 0.97216796875 0.037109375 0.0556640625
1 0.62548828125 0.974609375 0.0341796875 0.05078125
1 0.39501953125 0.2919921875 0.0361328125 0.09375
1 0.52880859375 0.26611328125 0.0380859375 0.0947265625
1 0.2041015625 0.1005859375 0.04296875 0.13671875
1 0.23193359375 0.09326171875 0.0439453125 0.1357421875
1 0.259765625 0.09130859375 0.04296875 0.1357421875
1 0.28515625 0.0869140625 0.0390625 0.138671875
1 0.3134765625 0.08251953125 0.041015625 0.1357421875
1 0.33984375 0.07666015625 0.044921875 0.1396484375
1 0.36474609375 0.0732421875 0.0400390625 0.138671875
1 0.39404296875 0.068359375 0.0439453125 0.13671875
1 0.44873046875 0.06494140625 0.0439453125 0.1279296875
1 0.4775390625 0.06298828125 0.044921875 0.1240234375
1 0.27001953125 0.00537109375 0.0224609375 0.0087890625
1 0.24462890625 0.00732421875 0.0244140625 0.0126953125
1 0.21630859375 0.00927734375 0.0244140625 0.0166015625
1 0.1884765625 0.0107421875 0.0234375 0.01953125
