0 0.4443359375 0.02294921875 0.04296875 0.0224609375
0 0.6494140625 0.65283203125 0.0234375 0.0361328125
1 0.2041015625 0.9052734375 0.04296875 0.13671875
1 0.18310546875 0.375 0.0966796875 0.03515625
1 0.1904296875 0.40234375 0.09765625 0.037109375
1 0.1904296875 0.4296875 0.095703125 0.03515625
1 0.19580078125 0.4541015625 0.0986328125 0.0390625
1 0.19921875 0.47900390625 0.09765625 0.0361328125
1 0.2041015625 0.5048828125 0.09765625 0.03515625
1 0.20654296875 0.52783203125 0.0966796875 0.0341796875
1 0.416015625 0.44482421875 0.09765625 0.0419921875
1 0.42236328125 0.46875 0.0966796875 0.0390625
1 0.42578125 0.49365234375 0.099609375 0.0361328125
1 0.23974609375 0.5615234375 0.1455078125 0.04296875
1 0.46533203125 0.52392578125 0.1416015625 0.0458984375
0 0.767578125 0.6376953125 0.021484375 0.033203125
0 0.73828125 0.65625 0.025390625 0.041015625
0 0.7177734375 0.65234375 0.017578125 0.029296875
0 0.697265625 0.64599609375 0.01953125 0.0322265625
0 0.67822265625 0.654296875 0.0205078125 0.03515625
1 0.361328125 0.23583984375 0.03515625 0.0927734375
1 0.1796875 0.349609375 0.099609375 0.0390625
1 0.23193359375 0.89794921875 0.0439453125 0.1357421875
1 0.1728515625 0.322265625 0.095703125 0.037109375
1 0.259765625 0.89599609375 0.04296875 0.1357421875
1 0.28515625 0.8916015625 0.0390625 0.138671875
1 0.3134765625 0.88720703125 0.041015625 0.1357421875
1 0.33984375 0.88134765625 0.044921875 0.1396484375
1 0.36474609375 0.8779296875 0.0400390625 0.138671875
1 0.39404296875 0.873046875 0.0439453125 0.13671875
1 0.4482421875 0.8642578125 0.044921875 0.138671875
1 0.4765625 0.8603515625 0.046875 0.138671875
1 0.47705078125 0.7109375 0.0478515625 0.138671875
1 0.36962890625 0.7236328125 0.0458984375 0.138671875
1 0.3408203125 0.728515625 0.04296875 0.138671875
1 0.3134765625 0.7353515625 0.044921875 0.138671875
1 0.2880859375 0.73876953125 0.04296875 0.1396484375
1 0.259765625 0.744140625 0.04296875 0.140625
1 0.23388671875 0.7490234375 0.0458984375 0.138671875
1 0.20654296875 0.75244140625 0.0439453125 0.1396484375
1 0.17919921875 0.755859375 0.0419921875 0.138671875
1 0.16162109375 0.22509765625 0.0966796875 0.0341796875
1 0.16259765625 0.248046875 0.0966796875 0.03515625
1 0.16650390625 0.2705078125 0.0966796875 0.03515625
1 0.169921875 0.294921875 0.09765625 0.037109375
