0 0.46435546875 0.4462890625 0.0361328125 0.029296875
0 0.04541015625 0.1455078125 0.0439453125 0.02734375
1 0.2265625 0.52587890625 0.056640625 0.0908203125
1 0.20361328125 0.51513671875 0.0498046875 0.0927734375
1 0.1787109375 0.505859375 0.048828125 0.08203125
1 0.12158203125 0.48681640625 0.0458984375 0.0830078125
1 0.09423828125 0.470703125 0.0498046875 0.0859375
1 0.0166015625 0.416015625 0.03125 0.0703125
0 0.0185546875 0.267578125 0.03515625 0.03125
0 0.03173828125 0.19580078125 0.0380859375 0.0263671875
0 0.0556640625 0.123046875 0.041015625 0.0234375
1 0.3388671875 0.56689453125 0.04296875 0.0888671875
0 0.36279296875 0.20654296875 0.0341796875 0.0263671875
0 0.55224609375 0.3466796875 0.0341796875 0.04296875
0 0.169921875 0.2099609375 0.044921875 0.03125
0 0.1796875 0.18896484375 0.041015625 0.0283203125
0 0.19384765625 0.0654296875 0.0224609375 0.0390625
0 0.21630859375 0.07861328125 0.0283203125 0.0380859375
0 0.25537109375 0.1005859375 0.0263671875 0.0390625
0 0.28076171875 0.10595703125 0.0263671875 0.0361328125
0 0.30126953125 0.11669921875 0.0283203125 0.0380859375
1 0.2880859375 0.5458984375 0.05078125 0.095703125
1 0.36865234375 0.5712890625 0.0478515625 0.08984375
1 0.7763671875 0.59814453125 0.07421875 0.0361328125
1 0.67919921875 0.45654296875 0.0927734375 0.0498046875
1 0.7744140625 0.50537109375 0.083984375 0.0458984375
1 0.80517578125 0.447265625 0.0849609375 0.046875
1 0.84423828125 0.35595703125 0.0830078125 0.0419921875
1 0.82568359375 0.4140625 0.0849609375 0.046875
1 0.73974609375 0.326171875 0.0830078125 0.046875
1 0.7265625 0.35546875 0.08203125 0.048828125
1 0.72216796875 0.38134765625 0.0849609375 0.0498046875
0 0.689453125 0.39697265625 0.060546875 0.0380859375
1 0.6884765625 0.4287109375 0.0859375 0.048828125
1 0.67431640625 0.50390625 0.0849609375 0.044921875
1 0.39453125 0.58349609375 0.05078125 0.0947265625
1 0.66943359375 0.53173828125 0.0849609375 0.0419921875
1 0.67626953125 0.5634765625 0.0927734375 0.048828125
1 0.6806640625 0.6005859375 0.08203125 0.04296875
0 0.64892578125 0.61572265625 0.0478515625 0.0302734375
1 0.564453125 0.63427734375 0.046875 0.0927734375
1 0.53466796875 0.6220703125 0.0419921875 0.083984375
1 0.4580078125 0.5947265625 0.052734375 0.087890625
0 0.53173828125 0.39990234375 0.0302734375 0.0458984375
1 0.421875 0.591796875 0.048828125 0.08984375
0 0.37451171875 0.14501953125 0.0283203125 0.0380859375
