0 0.0703125 0.57763671875 0.01953125 0.0380859375
0 0.03662109375 0.46142578125 0.0205078125 0.0478515625
0 0.04052734375 0.40771484375 0.0205078125 0.0498046875
0 0.12158203125 0.5830078125 0.0185546875 0.0390625
0 0.09423828125 0.5810546875 0.0185546875 0.037109375
0 0.14453125 0.58349609375 0.01953125 0.0361328125
0 0.7998046875 0.51953125 0.021484375 0.046875
0 0.369140625 0.4736328125 0.021484375 0.041015625
0 0.77685546875 0.515625 0.0185546875 0.03515625
0 0.84912109375 0.4013671875 0.0224609375 0.044921875
0 0.77392578125 0.39404296875 0.0185546875 0.0361328125
0 0.7197265625 0.392578125 0.01953125 0.04296875
0 0.66943359375 0.39208984375 0.0205078125 0.0458984375
0 0.64208984375 0.388671875 0.0166015625 0.0390625
0 0.5751953125 0.501953125 0.01953125 0.037109375
0 0.5234375 0.50634765625 0.01953125 0.0341796875
0 0.31689453125 0.2294921875 0.0517578125 0.01953125
0 0.3701171875 0.185546875 0.04296875 0.03125
0 0.2724609375 0.59228515625 0.01953125 0.0380859375
0 0.32177734375 0.59228515625 0.0205078125 0.0439453125
0 0.35205078125 0.58935546875 0.0205078125 0.0458984375
0 0.29296875 0.47509765625 0.021484375 0.0400390625
0 0.3427734375 0.4716796875 0.021484375 0.044921875
0 0.16943359375 0.5849609375 0.0224609375 0.041015625
0 0.31689453125 0.4765625 0.0185546875 0.041015625
0 0.3701171875 0.4267578125 0.01953125 0.037109375
0 0.34814453125 0.42529296875 0.0185546875 0.0380859375
0 0.31982421875 0.42578125 0.0166015625 0.037109375
0 0.29541015625 0.42724609375 0.0166015625 0.0361328125
0 0.2685546875 0.42333984375 0.01953125 0.0400390625
0 0.24560546875 0.419921875 0.0185546875 0.037109375
0 0.23828125 0.4697265625 0.01953125 0.041015625
0 0.212890625 0.46728515625 0.017578125 0.0380859375
0 0.19091796875 0.47216796875 0.0185546875 0.0380859375
0 0.1416015625 0.4619140625 0.017578125 0.0390625
0 0.166015625 0.423828125 0.021484375 0.044921875
0 0.14208984375 0.4130859375 0.0205078125 0.04296875
0 0.06591796875 0.45703125 0.0205078125 0.0390625
