3 0.310546875 0.97705078125 0.205078125 0.0458984375
3 0.59765625 0.93701171875 0.1640625 0.1259765625
3 0.54541015625 0.80859375 0.1689453125 0.146484375
3 0.5029296875 0.666015625 0.162109375 0.14453125
3 0.45654296875 0.53125 0.1611328125 0.13671875
3 0.3994140625 0.38427734375 0.1640625 0.1513671875
3 0.294921875 0.08544921875 0.16796875 0.1396484375
3 0.24609375 0.00830078125 0.16796875 0.0146484375
4 0.8046875 0.28125 0.34375 0.560546875
0 0.546875 0.00732421875 0.01953125 0.0126953125
0 0.5517578125 0.0390625 0.01953125 0.02734375
