4 0.35888671875 0.92919921875 0.3974609375 0.1416015625
4 0.82080078125 0.48046875 0.2119140625 0.10546875
4 0.80419921875 0.44189453125 0.2236328125 0.1103515625
4 0.701171875 0.58642578125 0.59765625 0.2861328125
4 0.82177734375 0.64697265625 0.3564453125 0.2216796875
0 0.87451171875 0.22509765625 0.0341796875 0.0498046875
0 0.04638671875 0.24365234375 0.0595703125 0.0400390625
0 0.54541015625 0.25830078125 0.0537109375 0.0400390625
0 0.0068359375 0.84765625 0.01171875 0.02734375
4 0.51416015625 0.7265625 0.2939453125 0.1484375
