0 0.9580078125 0.4609375 0.03515625 0.021484375
0 0.95947265625 0.47412109375 0.0263671875 0.0166015625
0 0.96728515625 0.4833984375 0.0263671875 0.017578125
0 0.97412109375 0.505859375 0.0283203125 0.021484375
0 0.978515625 0.5185546875 0.029296875 0.017578125
0 0.9814453125 0.52783203125 0.02734375 0.0185546875
0 0.9853515625 0.53759765625 0.029296875 0.0224609375
0 0.98828125 0.55029296875 0.0234375 0.0185546875
0 0.9892578125 0.560546875 0.021484375 0.01953125
0 0.994140625 0.58251953125 0.01171875 0.0185546875
0 0.99609375 0.59521484375 0.0078125 0.0107421875
