3 0.8818359375 0.35693359375 0.08984375 0.0927734375
3 0.76416015625 0.3544921875 0.0888671875 0.09765625
3 0.64794921875 0.3515625 0.0908203125 0.099609375
3 0.52880859375 0.3515625 0.0927734375 0.099609375
3 0.87890625 0.2353515625 0.087890625 0.099609375
3 0.76416015625 0.234375 0.0869140625 0.09375
3 0.6455078125 0.23193359375 0.099609375 0.0986328125
3 0.52880859375 0.232421875 0.1005859375 0.095703125
3 0.6015625 0.6328125 0.109375 0.10546875
3 0.734375 0.63232421875 0.115234375 0.1103515625
3 0.87353515625 0.630859375 0.1103515625 0.109375
3 0.60498046875 0.76611328125 0.1103515625 0.1123046875
3 0.8740234375 0.76904296875 0.109375 0.1123046875
3 0.74072265625 0.7646484375 0.1142578125 0.107421875
