11 0.02392578125 0.5712890625 0.0458984375 0.0625
0 0.7158203125 0.08984375 0.021484375 0.013671875
1 0.2939453125 0.43798828125 0.05078125 0.0263671875
1 0.20703125 0.4296875 0.044921875 0.025390625
1 0.7548828125 0.12841796875 0.02734375 0.0439453125
0 0.75146484375 0.087890625 0.0166015625 0.021484375
1 0.74951171875 0.14697265625 0.0185546875 0.0341796875
1 0.6708984375 0.3134765625 0.0390625 0.017578125
1 0.63134765625 0.60107421875 0.0205078125 0.0419921875
1 0.72705078125 0.78369140625 0.0205078125 0.0341796875
0 0.7099609375 0.294921875 0.013671875 0.01953125
1 0.7373046875 0.14892578125 0.025390625 0.0380859375
0 0.892578125 0.23974609375 0.021484375 0.0185546875
1 0.77978515625 0.41455078125 0.0458984375 0.0224609375
0 0.783203125 0.201171875 0.025390625 0.015625
1 0.7939453125 0.22314453125 0.01953125 0.0322265625
0 0.7216796875 0.29150390625 0.015625 0.0205078125
0 0.7578125 0.1865234375 0.01953125 0.021484375
0 0.76220703125 0.1787109375 0.0185546875 0.021484375
