1 0.65185546875 0.2021484375 0.0244140625 0.015625
0 0.7158203125 0.8359375 0.021484375 0.013671875
3 0.38330078125 0.732421875 0.0341796875 0.025390625
1 0.60009765625 0.67578125 0.0498046875 0.02734375
1 0.68212890625 0.2197265625 0.0419921875 0.021484375
1 0.7548828125 0.87451171875 0.02734375 0.0439453125
1 0.99072265625 0.01416015625 0.0185546875 0.0146484375
0 0.75146484375 0.833984375 0.0166015625 0.021484375
1 0.74951171875 0.89306640625 0.0185546875 0.0341796875
1 0.60205078125 0.2783203125 0.0361328125 0.017578125
1 0.59912109375 0.27001953125 0.0400390625 0.0205078125
1 0.5947265625 0.26123046875 0.041015625 0.0224609375
1 0.72314453125 0.23681640625 0.0380859375 0.0224609375
1 0.66357421875 0.2490234375 0.0458984375 0.025390625
1 0.7373046875 0.89501953125 0.025390625 0.0380859375
0 0.892578125 0.98583984375 0.021484375 0.0185546875
0 0.783203125 0.947265625 0.025390625 0.015625
1 0.7939453125 0.96923828125 0.01953125 0.0322265625
0 0.7578125 0.9326171875 0.01953125 0.021484375
0 0.76220703125 0.9248046875 0.0185546875 0.021484375
