3 0.96240234375 0.69287109375 0.0751953125 0.1923828125
3 0.8955078125 0.2509765625 0.208984375 0.20703125
3 0.4326171875 0.1845703125 0.21484375 0.177734375
1 0.0732421875 0.3330078125 0.095703125 0.16796875
3 0.677734375 0.9580078125 0.310546875 0.083984375
3 0.927734375 0.939453125 0.14453125 0.12109375
3 0.8212890625 0.767578125 0.2109375 0.154296875
3 0.63427734375 0.76025390625 0.1494140625 0.1044921875
3 0.6943359375 0.38818359375 0.203125 0.1650390625
3 0.49853515625 0.38330078125 0.2294921875 0.1884765625
3 0.59326171875 0.0986328125 0.2236328125 0.1796875
3 0.81787109375 0.0703125 0.2216796875 0.138671875
3 0.9375 0.0166015625 0.125 0.03125
