0 0.43701171875 0.9248046875 0.0224609375 0.033203125
0 0.42138671875 0.9296875 0.0224609375 0.02734375
4 0.39306640625 0.5 0.1376953125 0.283203125
4 0.4189453125 0.45166015625 0.193359375 0.4189453125
4 0.4833984375 0.4931640625 0.185546875 0.400390625
4 0.541015625 0.48388671875 0.240234375 0.5048828125
4 0.60107421875 0.474609375 0.1943359375 0.41796875
4 0.6298828125 0.43017578125 0.13671875 0.3076171875
4 0.8916015625 0.3310546875 0.216796875 0.392578125
5 0.9365234375 0.583984375 0.10546875 0.216796875
5 0.6015625 0.7431640625 0.068359375 0.146484375
4 0.17431640625 0.716796875 0.0908203125 0.169921875
4 0.19970703125 0.6552734375 0.1298828125 0.265625
