4 0.0146484375 0.05517578125 0.02734375 0.1083984375
4 0.05908203125 0.08251953125 0.1162109375 0.1630859375
3 0.38671875 0.46923828125 0.103515625 0.0791015625
3 0.50439453125 0.49267578125 0.0947265625 0.0869140625
3 0.3603515625 0.58984375 0.10546875 0.080078125
3 0.4775390625 0.61328125 0.099609375 0.08203125
3 0.3515625 0.724609375 0.099609375 0.076171875
3 0.46044921875 0.74609375 0.0966796875 0.080078125
3 0.33056640625 0.8330078125 0.0947265625 0.072265625
3 0.435546875 0.8525390625 0.1015625 0.07421875
3 0.75341796875 0.556640625 0.1689453125 0.15625
3 0.7060546875 0.763671875 0.169921875 0.146484375
3 0.90869140625 0.80908203125 0.1689453125 0.1416015625
3 0.9306640625 0.6005859375 0.13671875 0.150390625
3 0.6982421875 0.06005859375 0.15234375 0.1181640625
