3 0.85595703125 0.7783203125 0.1552734375 0.140625
3 0.76318359375 0.8974609375 0.1337890625 0.140625
3 0.62255859375 0.87451171875 0.1630859375 0.1552734375
3 0.4453125 0.91552734375 0.162109375 0.1474609375
3 0.3232421875 0.97265625 0.185546875 0.0546875
3 0.11572265625 0.97607421875 0.2294921875 0.0478515625
3 0.59326171875 0.12548828125 0.3544921875 0.2490234375
3 0.78271484375 0.5927734375 0.1611328125 0.126953125
3 0.0625 0.85888671875 0.123046875 0.1708984375
3 0.17919921875 0.75341796875 0.2177734375 0.1669921875
3 0.3505859375 0.7568359375 0.169921875 0.1171875
3 0.51708984375 0.68505859375 0.1884765625 0.1240234375
3 0.6318359375 0.583984375 0.18359375 0.1171875
3 0.23681640625 0.21484375 0.3251953125 0.28515625
3 0.0263671875 0.33837890625 0.05078125 0.2802734375
