1 0.7900390625 0.86572265625 0.04296875 0.0810546875
1 0.76513671875 0.853515625 0.0419921875 0.06640625
0 0.20654296875 0.40771484375 0.0224609375 0.0341796875
0 0.21142578125 0.3564453125 0.0224609375 0.03515625
0 0.18408203125 0.33740234375 0.0185546875 0.0283203125
0 0.14013671875 0.12353515625 0.0244140625 0.0380859375
0 0.1015625 0.06494140625 0.021484375 0.0380859375
3 0.91943359375 0.044921875 0.1611328125 0.087890625
3 0.97802734375 0.2470703125 0.0439453125 0.330078125
1 0.14111328125 0.2001953125 0.0419921875 0.087890625
1 0.3955078125 0.953125 0.03515625 0.056640625
1 0.3330078125 0.7763671875 0.044921875 0.08203125
1 0.43408203125 0.822265625 0.0400390625 0.07421875
1 0.27880859375 0.62060546875 0.0380859375 0.0673828125
1 0.34130859375 0.55078125 0.0478515625 0.08984375
0 0.3583984375 0.7861328125 0.0234375 0.0390625
0 0.75927734375 0.9482421875 0.0244140625 0.037109375
