0 0.8349609375 0.2919921875 0.0625 0.04296875
0 0.728515625 0.328125 0.0625 0.04296875
0 0.6728515625 0.34423828125 0.052734375 0.0380859375
0 0.623046875 0.36376953125 0.05859375 0.0400390625
0 0.89990234375 0.34521484375 0.0556640625 0.0361328125
0 0.84912109375 0.36376953125 0.0576171875 0.0400390625
0 0.79541015625 0.3818359375 0.0517578125 0.037109375
0 0.744140625 0.39892578125 0.052734375 0.0400390625
0 0.0615234375 0.55859375 0.056640625 0.0390625
0 0.1123046875 0.53857421875 0.048828125 0.0322265625
0 0.16064453125 0.5224609375 0.0498046875 0.037109375
0 0.212890625 0.5048828125 0.0546875 0.041015625
0 0.693359375 0.416015625 0.052734375 0.0390625
0 0.64453125 0.43603515625 0.048828125 0.0341796875
0 0.60302734375 0.44970703125 0.0478515625 0.0361328125
0 0.5556640625 0.4638671875 0.056640625 0.041015625
0 0.47509765625 0.41552734375 0.0537109375 0.0400390625
0 0.263671875 0.48876953125 0.05078125 0.0380859375
0 0.38427734375 0.5234375 0.0498046875 0.03515625
0 0.337890625 0.54443359375 0.048828125 0.0361328125
0 0.2080078125 0.58837890625 0.0546875 0.0380859375
0 0.25927734375 0.56884765625 0.0634765625 0.0400390625
3 0.74267578125 0.94287109375 0.3759765625 0.1142578125
1 0.21435546875 0.74267578125 0.0517578125 0.0830078125
3 0.96875 0.87353515625 0.0625 0.2529296875
