0 0.16552734375 0.56982421875 0.0205078125 0.0302734375
0 0.68994140625 0.1171875 0.0322265625 0.025390625
0 0.7138671875 0.0908203125 0.033203125 0.0234375
0 0.71044921875 0.07763671875 0.0302734375 0.0205078125
0 0.7060546875 0.06689453125 0.03125 0.0205078125
0 0.7001953125 0.056640625 0.029296875 0.021484375
0 0.69189453125 0.0322265625 0.0322265625 0.01953125
0 0.68994140625 0.021484375 0.0322265625 0.01953125
0 0.68701171875 0.0107421875 0.0341796875 0.01953125
0 0.759765625 0.03515625 0.02734375 0.01953125
0 0.75732421875 0.02197265625 0.0322265625 0.0224609375
0 0.75244140625 0.01416015625 0.0322265625 0.0224609375
0 0.75 0.00732421875 0.03125 0.0126953125
0 0.71875 0.1064453125 0.029296875 0.025390625
0 0.69287109375 0.18896484375 0.0302734375 0.0205078125
0 0.2138671875 0.556640625 0.0234375 0.03125
0 0.2998046875 0.95458984375 0.025390625 0.0341796875
0 0.26953125 0.92919921875 0.025390625 0.0263671875
0 0.0322265625 0.16845703125 0.0234375 0.0302734375
3 0.9853515625 0.41455078125 0.029296875 0.0615234375
3 0.97607421875 0.3427734375 0.0478515625 0.0625
3 0.962890625 0.275390625 0.07421875 0.0625
3 0.865234375 0.083984375 0.107421875 0.08203125
3 0.96044921875 0.046875 0.0791015625 0.083984375
3 0.8310546875 0.017578125 0.109375 0.033203125
1 0.01171875 0.78857421875 0.021484375 0.0869140625
1 0.10595703125 0.443359375 0.0478515625 0.08203125
1 0.111328125 0.40087890625 0.046875 0.0791015625
1 0.0224609375 0.203125 0.04296875 0.080078125
0 0.0703125 0.34765625 0.0234375 0.033203125
0 0.06396484375 0.26220703125 0.0205078125 0.0283203125
0 0.09765625 0.1796875 0.015625 0.029296875
