0 0.615234375 0.41650390625 0.060546875 0.0439453125
0 0.63525390625 0.46435546875 0.0537109375 0.0380859375
0 0.6494140625 0.51171875 0.05078125 0.03125
0 0.67529296875 0.58642578125 0.0576171875 0.0419921875
0 0.765625 0.56396484375 0.0546875 0.0380859375
0 0.78515625 0.62744140625 0.0625 0.0400390625
0 0.81396484375 0.7197265625 0.0654296875 0.041015625
0 0.69287109375 0.6357421875 0.0517578125 0.037109375
0 0.7021484375 0.67822265625 0.05078125 0.0322265625
0 0.70947265625 0.703125 0.0576171875 0.0390625
0 0.72216796875 0.720703125 0.0517578125 0.037109375
0 0.73388671875 0.7412109375 0.0517578125 0.041015625
0 0.7431640625 0.76611328125 0.056640625 0.0400390625
0 0.58251953125 0.8681640625 0.0869140625 0.12109375
0 0.62646484375 0.4404296875 0.0576171875 0.0390625
0 0.60986328125 0.388671875 0.0537109375 0.0390625
0 0.58642578125 0.3408203125 0.0517578125 0.0390625
0 0.68603515625 0.32568359375 0.0556640625 0.0361328125
0 0.68017578125 0.30517578125 0.0576171875 0.0400390625
0 0.67138671875 0.28515625 0.0556640625 0.03515625
0 0.6552734375 0.2470703125 0.056640625 0.041015625
0 0.63134765625 0.18701171875 0.0537109375 0.0400390625
0 0.62109375 0.15966796875 0.05859375 0.0380859375
0 0.61181640625 0.1376953125 0.0576171875 0.037109375
0 0.5224609375 0.150390625 0.056640625 0.03515625
0 0.53076171875 0.17138671875 0.0517578125 0.0341796875
0 0.5546875 0.2529296875 0.05078125 0.03515625
0 0.54541015625 0.21044921875 0.0556640625 0.0341796875
0 0.54638671875 0.2353515625 0.0556640625 0.041015625
0 0.56201171875 0.2763671875 0.0498046875 0.037109375
0 0.5712890625 0.298828125 0.056640625 0.037109375
0 0.57666015625 0.3193359375 0.0556640625 0.0390625
