3 0.84765625 0.70556640625 0.3046875 0.2431640625
0 0.357421875 0.8388671875 0.056640625 0.041015625
0 0.1767578125 0.6572265625 0.056640625 0.044921875
0 0.30517578125 0.68310546875 0.0537109375 0.0361328125
0 0.3125 0.70458984375 0.048828125 0.0361328125
0 0.0205078125 0.716796875 0.041015625 0.05859375
0 0.36572265625 0.86181640625 0.0595703125 0.0400390625
0 0.36767578125 0.88671875 0.0537109375 0.0390625
0 0.37890625 0.91064453125 0.048828125 0.0400390625
0 0.52197265625 0.9189453125 0.0458984375 0.05859375
3 0.677734375 0.22412109375 0.310546875 0.2255859375
3 0.927734375 0.158203125 0.14453125 0.16796875
3 0.8212890625 0.0205078125 0.2109375 0.0390625
3 0.63427734375 0.00439453125 0.1494140625 0.0068359375
