3 0.87890625 0.9951171875 0.087890625 0.009765625
3 0.76416015625 0.99609375 0.0869140625 0.0078125
3 0.6455078125 0.99365234375 0.099609375 0.0126953125
3 0.52880859375 0.99462890625 0.1005859375 0.0107421875
3 0.27880859375 0.3681640625 0.0791015625 0.068359375
3 0.27978515625 0.29541015625 0.0810546875 0.0654296875
3 0.9052734375 0.2294921875 0.0625 0.072265625
3 0.82568359375 0.23046875 0.0615234375 0.0703125
3 0.75146484375 0.2314453125 0.0634765625 0.072265625
3 0.67724609375 0.232421875 0.0615234375 0.07421875
3 0.59423828125 0.232421875 0.0673828125 0.076171875
3 0.50439453125 0.234375 0.0751953125 0.0859375
3 0.908203125 0.14013671875 0.064453125 0.0712890625
3 0.82861328125 0.140625 0.0615234375 0.07421875
3 0.7490234375 0.1396484375 0.06640625 0.072265625
3 0.6728515625 0.142578125 0.0625 0.078125
3 0.59228515625 0.142578125 0.0712890625 0.08203125
3 0.505859375 0.14111328125 0.07421875 0.0888671875
