1 0.55029296875 0.4736328125 0.0263671875 0.048828125
1 0.53857421875 0.47802734375 0.0263671875 0.0517578125
1 0.52734375 0.4814453125 0.02734375 0.048828125
1 0.51708984375 0.4833984375 0.0263671875 0.048828125
1 0.50732421875 0.4892578125 0.0283203125 0.052734375
1 0.49609375 0.4931640625 0.029296875 0.05078125
1 0.46728515625 0.5 0.0283203125 0.048828125
1 0.482421875 0.4951171875 0.029296875 0.046875
1 0.4560546875 0.50390625 0.02734375 0.048828125
1 0.30029296875 0.7822265625 0.0166015625 0.02734375
1 0.28857421875 0.7861328125 0.0205078125 0.02734375
1 0.2275390625 0.6787109375 0.029296875 0.046875
4 0.14306640625 0.166015625 0.0439453125 0.021484375
1 0.1982421875 0.583984375 0.025390625 0.037109375
1 0.2197265625 0.57666015625 0.01953125 0.0322265625
1 0.2314453125 0.57373046875 0.025390625 0.0439453125
1 0.44580078125 0.50537109375 0.0263671875 0.0498046875
1 0.3388671875 0.7333984375 0.025390625 0.033203125
1 0.3583984375 0.5224609375 0.025390625 0.0390625
1 0.43408203125 0.5087890625 0.0283203125 0.048828125
1 0.32275390625 0.658203125 0.0224609375 0.03125
1 0.31298828125 0.6083984375 0.0185546875 0.02734375
1 0.29736328125 0.63818359375 0.0166015625 0.0224609375
1 0.31787109375 0.67626953125 0.0185546875 0.0244140625
1 0.330078125 0.703125 0.021484375 0.029296875
1 0.36669921875 0.767578125 0.0263671875 0.04296875
1 0.25048828125 0.56591796875 0.0283203125 0.0458984375
1 0.34716796875 0.73046875 0.0244140625 0.037109375
1 0.35302734375 0.77685546875 0.0244140625 0.0341796875
1 0.2958984375 0.5439453125 0.021484375 0.033203125
1 0.28662109375 0.55078125 0.0283203125 0.0390625
1 0.28173828125 0.56103515625 0.0205078125 0.0283203125
1 0.26513671875 0.5615234375 0.0302734375 0.05078125
1 0.240234375 0.5673828125 0.021484375 0.041015625
