4 0.7099609375 0.12646484375 0.373046875 0.1708984375
4 0.0439453125 0.5732421875 0.0859375 0.076171875
4 0.0322265625 0.62890625 0.0625 0.0703125
4 0.02587890625 0.68408203125 0.0498046875 0.0654296875
4 0.72705078125 0.18017578125 0.3740234375 0.1787109375
0 0.60986328125 0.00244140625 0.0146484375 0.0029296875
0 0.59765625 0.00341796875 0.015625 0.0048828125
0 0.58447265625 0.00634765625 0.0185546875 0.0107421875
0 0.541015625 0.01416015625 0.0234375 0.0263671875
0 0.55322265625 0.00927734375 0.0166015625 0.0166015625
