3 0.83251953125 0.92724609375 0.3349609375 0.1455078125
0 0.05517578125 0.43701171875 0.0439453125 0.0341796875
0 0.04736328125 0.41748046875 0.0439453125 0.0322265625
0 0.0361328125 0.39599609375 0.048828125 0.0322265625
0 0.02685546875 0.373046875 0.0517578125 0.037109375
0 0.02587890625 0.50244140625 0.0498046875 0.0419921875
3 0.8935546875 0.68115234375 0.212890625 0.1826171875
3 0.681640625 0.74853515625 0.234375 0.1806640625
3 0.7236328125 0.54248046875 0.181640625 0.1376953125
3 0.53076171875 0.5439453125 0.1826171875 0.134765625
