3 0.90625 0.8759765625 0.095703125 0.091796875
3 0.78857421875 0.87255859375 0.0986328125 0.0966796875
3 0.4921875 0.8701171875 0.08984375 0.0859375
3 0.904296875 0.76025390625 0.09375 0.0927734375
3 0.78369140625 0.755859375 0.0888671875 0.08984375
3 0.900390625 0.64599609375 0.08984375 0.0927734375
3 0.7861328125 0.6455078125 0.09375 0.087890625
3 0.90087890625 0.5380859375 0.0947265625 0.08984375
3 0.7841796875 0.5380859375 0.091796875 0.0859375
3 0.8955078125 0.4228515625 0.09765625 0.09375
3 0.78076171875 0.4228515625 0.0908203125 0.087890625
3 0.607421875 0.87255859375 0.08984375 0.0908203125
3 0.60302734375 0.76025390625 0.0908203125 0.0888671875
3 0.60498046875 0.00927734375 0.1103515625 0.0166015625
3 0.4912109375 0.75927734375 0.095703125 0.0849609375
3 0.60595703125 0.64990234375 0.0947265625 0.0888671875
3 0.4853515625 0.64697265625 0.08984375 0.0908203125
3 0.60107421875 0.53515625 0.0927734375 0.095703125
3 0.4853515625 0.5361328125 0.095703125 0.09375
3 0.60205078125 0.4287109375 0.0908203125 0.091796875
3 0.48583984375 0.42822265625 0.0947265625 0.0927734375
3 0.8740234375 0.0107421875 0.109375 0.01953125
3 0.74072265625 0.00732421875 0.1142578125 0.0126953125
