3 0.70068359375 0.9658203125 0.1552734375 0.068359375
3 0.830078125 0.4873046875 0.177734375 0.1328125
3 0.337890625 0.6611328125 0.259765625 0.19921875
3 0.1044921875 0.70556640625 0.20703125 0.2431640625
3 0.9423828125 0.9072265625 0.115234375 0.1015625
3 0.55810546875 0.58642578125 0.1689453125 0.0986328125
3 0.69287109375 0.53515625 0.1630859375 0.103515625
3 0.93896484375 0.4462890625 0.1220703125 0.103515625
3 0.58544921875 0.44677734375 0.1669921875 0.0986328125
3 0.7158203125 0.3994140625 0.1640625 0.1015625
3 0.8486328125 0.353515625 0.1640625 0.103515625
3 0.947265625 0.31103515625 0.10546875 0.1025390625
3 0.44873046875 0.49365234375 0.1748046875 0.0966796875
3 0.0146484375 0.22412109375 0.02734375 0.2255859375
3 0.17041015625 0.158203125 0.2392578125 0.16796875
3 0.37890625 0.080078125 0.203125 0.158203125
3 0.62255859375 0.04541015625 0.2294921875 0.0888671875
3 0.83935546875 0.00390625 0.2158203125 0.005859375
3 0.833984375 0.95263671875 0.162109375 0.0947265625
3 0.0615234375 0.0205078125 0.12109375 0.0390625
