3 0.0576171875 0.4873046875 0.11328125 0.1328125
3 0.16015625 0.9072265625 0.16015625 0.1015625
3 0.4208984375 0.80517578125 0.15625 0.0986328125
3 0.15185546875 0.4462890625 0.1572265625 0.103515625
3 0.2861328125 0.41357421875 0.126953125 0.0849609375
3 0.3955078125 0.37353515625 0.12890625 0.0830078125
3 0.50927734375 0.33349609375 0.1259765625 0.0849609375
3 0.0634765625 0.353515625 0.125 0.103515625
3 0.1728515625 0.31103515625 0.166015625 0.1025390625
3 0.3046875 0.26025390625 0.146484375 0.0986328125
3 0.4453125 0.220703125 0.16796875 0.109375
3 0.6181640625 0.2958984375 0.126953125 0.076171875
3 0.07177734375 0.00390625 0.1416015625 0.005859375
3 0.2880859375 0.849609375 0.15625 0.103515625
3 0.0556640625 0.95263671875 0.109375 0.0947265625
