4 0.14013671875 0.43994140625 0.0791015625 0.1435546875
4 0.46728515625 0.49560546875 0.2626953125 0.1181640625
4 0.27734375 0.64697265625 0.18359375 0.0927734375
4 0.609375 0.8857421875 0.1875 0.095703125
4 0.259765625 0.92724609375 0.07421875 0.0419921875
4 0.35888671875 0.96044921875 0.2099609375 0.0791015625
4 0.1171875 0.4521484375 0.06640625 0.138671875
4 0.50537109375 0.572265625 0.2080078125 0.09765625
3 0.087890625 0.9951171875 0.0703125 0.009765625
3 0.02294921875 0.990234375 0.0439453125 0.01953125
5 0.46240234375 0.89599609375 0.5439453125 0.2080078125
5 0.31640625 0.59423828125 0.48828125 0.1904296875
4 0.24951171875 0.7744140625 0.1083984375 0.16015625
4 0.248046875 0.56884765625 0.201171875 0.1064453125
