3 0.2197265625 0.69287109375 0.19921875 0.1923828125
3 0.85595703125 0.0224609375 0.1552734375 0.04296875
3 0.76318359375 0.0927734375 0.1337890625 0.140625
3 0.62255859375 0.07421875 0.1630859375 0.146484375
3 0.4453125 0.11083984375 0.162109375 0.1474609375
3 0.3232421875 0.23681640625 0.185546875 0.1923828125
3 0.11572265625 0.2509765625 0.2294921875 0.20703125
3 0.0146484375 0.9580078125 0.02734375 0.083984375
3 0.17041015625 0.939453125 0.2392578125 0.12109375
3 0.37890625 0.8798828125 0.203125 0.16796875
3 0.62255859375 0.810546875 0.2294921875 0.16796875
3 0.83935546875 0.7353515625 0.2158203125 0.15234375
3 0.96484375 0.66796875 0.0703125 0.1484375
3 0.7734375 0.47705078125 0.166015625 0.1162109375
3 0.92626953125 0.4736328125 0.1474609375 0.111328125
3 0.98681640625 0.380859375 0.0263671875 0.1171875
3 0.611328125 0.56298828125 0.21875 0.1513671875
3 0.41259765625 0.6337890625 0.2197265625 0.15234375
3 0.0615234375 0.767578125 0.12109375 0.154296875
3 0.0625 0.0703125 0.123046875 0.138671875
3 0.17919921875 0.0166015625 0.2177734375 0.03125
3 0.3505859375 0.005859375 0.169921875 0.009765625
