3 0.93896484375 0.23974609375 0.0849609375 0.0595703125
3 0.8720703125 0.58056640625 0.11328125 0.0849609375
3 0.7568359375 0.59619140625 0.091796875 0.0595703125
3 0.65478515625 0.61669921875 0.0869140625 0.0576171875
3 0.95947265625 0.35888671875 0.0810546875 0.0595703125
3 0.85888671875 0.37890625 0.1123046875 0.08203125
3 0.740234375 0.4052734375 0.11328125 0.08203125
3 0.62060546875 0.42919921875 0.1162109375 0.0830078125
3 0.8330078125 0.2607421875 0.115234375 0.078125
3 0.80712890625 0.71875 0.0869140625 0.060546875
3 0.712890625 0.28662109375 0.115234375 0.0849609375
3 0.595703125 0.31005859375 0.1171875 0.0810546875
3 0.92822265625 0.03955078125 0.1416015625 0.0771484375
3 0.7568359375 0.056640625 0.15234375 0.111328125
3 0.58935546875 0.08642578125 0.1494140625 0.1162109375
3 0.68798828125 0.732421875 0.1142578125 0.087890625
3 0.90771484375 0.70068359375 0.0888671875 0.0634765625
3 0.771484375 0.9345703125 0.14453125 0.1171875
3 0.93994140625 0.9833984375 0.1103515625 0.033203125
3 0.91162109375 0.89013671875 0.1142578125 0.0849609375
