3 0.6494140625 0.8759765625 0.095703125 0.091796875
3 0.53173828125 0.87255859375 0.0986328125 0.0966796875
3 0.2353515625 0.8701171875 0.08984375 0.0859375
3 0.6474609375 0.76025390625 0.09375 0.0927734375
3 0.52685546875 0.755859375 0.0888671875 0.08984375
3 0.6435546875 0.64599609375 0.08984375 0.0927734375
3 0.529296875 0.6455078125 0.09375 0.087890625
3 0.64404296875 0.5380859375 0.0947265625 0.08984375
3 0.52734375 0.5380859375 0.091796875 0.0859375
3 0.638671875 0.4228515625 0.09765625 0.09375
3 0.52392578125 0.4228515625 0.0908203125 0.087890625
3 0.3505859375 0.87255859375 0.08984375 0.0908203125
3 0.34619140625 0.76025390625 0.0908203125 0.0888671875
3 0.34814453125 0.00927734375 0.1103515625 0.0166015625
3 0.234375 0.75927734375 0.095703125 0.0849609375
3 0.34912109375 0.64990234375 0.0947265625 0.0888671875
3 0.228515625 0.64697265625 0.08984375 0.0908203125
3 0.34423828125 0.53515625 0.0927734375 0.095703125
3 0.228515625 0.5361328125 0.095703125 0.09375
3 0.34521484375 0.4287109375 0.0908203125 0.091796875
3 0.22900390625 0.42822265625 0.0947265625 0.0927734375
3 0.6171875 0.0107421875 0.109375 0.01953125
3 0.48388671875 0.00732421875 0.1142578125 0.0126953125
