8 0.8115234375 0.05810546875 0.09765625 0.1142578125
12 0.05322265625 0.078125 0.1044921875 0.154296875
12 0.0458984375 0.26611328125 0.08984375 0.2060546875
12 0.1572265625 0.28369140625 0.140625 0.2177734375
12 0.17919921875 0.08349609375 0.1376953125 0.1650390625
8 0.51953125 0.2353515625 0.099609375 0.18359375
8 0.35400390625 0.220703125 0.1083984375 0.18359375
8 0.32275390625 0.4775390625 0.1103515625 0.181640625
8 0.48681640625 0.49365234375 0.1103515625 0.1767578125
8 0.6875 0.25244140625 0.103515625 0.1787109375
8 0.8056640625 0.26123046875 0.109375 0.1806640625
8 0.77294921875 0.52783203125 0.1044921875 0.1845703125
8 0.53955078125 0.03662109375 0.1083984375 0.0712890625
8 0.369140625 0.02734375 0.103515625 0.052734375
8 0.6435546875 0.51708984375 0.109375 0.1923828125
8 0.68505859375 0.052734375 0.1025390625 0.103515625
