8 0.83837890625 0.72802734375 0.0673828125 0.0869140625
8 0.75830078125 0.72802734375 0.0693359375 0.0869140625
12 0.662109375 0.30615234375 0.119140625 0.2294921875
12 0.53759765625 0.30517578125 0.1220703125 0.2294921875
12 0.4140625 0.30322265625 0.1171875 0.2314453125
12 0.2919921875 0.30322265625 0.12109375 0.2255859375
12 0.66552734375 0.5458984375 0.1220703125 0.22265625
12 0.7939453125 0.54736328125 0.12109375 0.2236328125
12 0.5439453125 0.5458984375 0.11328125 0.21875
12 0.42431640625 0.544921875 0.1142578125 0.220703125
12 0.30029296875 0.54296875 0.1220703125 0.216796875
12 0.47900390625 0.77978515625 0.1220703125 0.2177734375
6 0.9775390625 0.94189453125 0.044921875 0.1162109375
8 0.4638671875 0.9521484375 0.068359375 0.08984375
12 0.7919921875 0.30615234375 0.130859375 0.2275390625
