8 0.8359375 0.05810546875 0.09765625 0.1142578125
12 0.0654296875 0.078125 0.12890625 0.154296875
12 0.05810546875 0.2646484375 0.1142578125 0.208984375
12 0.181640625 0.28369140625 0.140625 0.2177734375
12 0.20361328125 0.08349609375 0.1376953125 0.1650390625
8 0.5439453125 0.2353515625 0.099609375 0.18359375
8 0.37841796875 0.220703125 0.1083984375 0.18359375
8 0.34716796875 0.4775390625 0.1103515625 0.181640625
8 0.51123046875 0.49365234375 0.1103515625 0.1767578125
8 0.7119140625 0.25244140625 0.103515625 0.1787109375
8 0.830078125 0.26123046875 0.109375 0.1806640625
8 0.79736328125 0.52783203125 0.1044921875 0.1845703125
8 0.56396484375 0.03662109375 0.1083984375 0.0712890625
8 0.3935546875 0.02734375 0.103515625 0.052734375
8 0.66796875 0.51708984375 0.109375 0.1923828125
8 0.70947265625 0.052734375 0.1025390625 0.103515625
