12 0.0595703125 0.01025390625 0.1171875 0.0185546875
12 0.05810546875 0.12890625 0.1142578125 0.208984375
12 0.181640625 0.14794921875 0.140625 0.2177734375
12 0.1953125 0.015625 0.12109375 0.029296875
8 0.5439453125 0.099609375 0.099609375 0.18359375
8 0.37548828125 0.0888671875 0.1025390625 0.17578125
8 0.34716796875 0.341796875 0.1103515625 0.181640625
8 0.51123046875 0.35791015625 0.1103515625 0.1767578125
8 0.7119140625 0.11669921875 0.103515625 0.1787109375
8 0.830078125 0.12548828125 0.109375 0.1806640625
8 0.79736328125 0.39208984375 0.1044921875 0.1845703125
8 0.66796875 0.38134765625 0.109375 0.1923828125
