3 0.14794921875 0.7998046875 0.0166015625 0.017578125
3 0.1748046875 0.94482421875 0.01953125 0.0205078125
3 0.15185546875 0.95361328125 0.0205078125 0.0205078125
3 0.08740234375 0.98779296875 0.0302734375 0.0244140625
3 0.14794921875 0.89453125 0.0224609375 0.0234375
3 0.1220703125 0.896484375 0.015625 0.017578125
3 0.15771484375 0.86767578125 0.0146484375 0.0146484375
3 0.12841796875 0.8662109375 0.0146484375 0.015625
3 0.11962890625 0.84130859375 0.0146484375 0.0166015625
3 0.15087890625 0.83056640625 0.0205078125 0.0224609375
3 0.17724609375 0.80615234375 0.0126953125 0.0146484375
3 0.11962890625 0.81396484375 0.0185546875 0.0185546875
3 0.16943359375 0.76025390625 0.0166015625 0.0185546875
3 0.19873046875 0.76318359375 0.0166015625 0.0185546875
3 0.138671875 0.75927734375 0.017578125 0.0185546875
3 0.1064453125 0.7578125 0.015625 0.017578125
3 0.1708984375 0.732421875 0.015625 0.017578125
3 0.13916015625 0.7177734375 0.0224609375 0.0234375
3 0.09521484375 0.71630859375 0.0224609375 0.0224609375
3 0.12646484375 0.5322265625 0.0302734375 0.033203125
3 0.0830078125 0.5302734375 0.02734375 0.025390625
3 0.15869140625 0.50341796875 0.0283203125 0.0283203125
3 0.12939453125 0.494140625 0.0146484375 0.017578125
3 0.1708984375 0.44091796875 0.021484375 0.0205078125
3 0.17236328125 0.39990234375 0.0205078125 0.0224609375
3 0.173828125 0.966796875 0.013671875 0.015625
3 0.14892578125 0.97802734375 0.0205078125 0.0205078125
3 0.1640625 0.99365234375 0.013671875 0.0126953125
3 0.19677734375 0.53076171875 0.0380859375 0.0380859375
3 0.3447265625 0.4365234375 0.025390625 0.025390625
3 0.31396484375 0.43505859375 0.0263671875 0.0263671875
3 0.3193359375 0.36767578125 0.015625 0.0146484375
3 0.30322265625 0.3671875 0.0146484375 0.015625
3 0.3193359375 0.384765625 0.015625 0.015625
3 0.302734375 0.384765625 0.015625 0.015625
3 0.30615234375 0.40283203125 0.0205078125 0.0205078125
3 0.2841796875 0.4013671875 0.01953125 0.01953125
3 0.26171875 0.3916015625 0.01953125 0.01953125
3 0.2744140625 0.36669921875 0.013671875 0.0146484375
3 0.25634765625 0.36669921875 0.0146484375 0.0146484375
3 0.275390625 0.34912109375 0.013671875 0.0146484375
3 0.25732421875 0.34765625 0.0146484375 0.015625
3 0.20068359375 0.42138671875 0.0205078125 0.0224609375
3 0.09228515625 0.42333984375 0.0302734375 0.0341796875
3 0.09521484375 0.33447265625 0.0322265625 0.0302734375
1 0.3837890625 0.736328125 0.0078125 0.029296875
1 0.43115234375 0.98681640625 0.0205078125 0.0263671875
1 0.0908203125 0.267578125 0.02734375 0.017578125
1 0.46337890625 0.92041015625 0.0205078125 0.0263671875
1 0.54736328125 0.69921875 0.0205078125 0.02734375
1 0.54736328125 0.6279296875 0.0224609375 0.029296875
1 0.55419921875 0.4951171875 0.0224609375 0.029296875
1 0.55029296875 0.47607421875 0.0341796875 0.0400390625
1 0.564453125 0.28564453125 0.021484375 0.0302734375
1 0.55322265625 0.27587890625 0.0185546875 0.0224609375
1 0.39794921875 0.20751953125 0.0166015625 0.0146484375
1 0.55322265625 0.251953125 0.0185546875 0.025390625
1 0.55517578125 0.42138671875 0.0322265625 0.0419921875
1 0.56005859375 0.36328125 0.0224609375 0.03125
1 0.56103515625 0.3154296875 0.0244140625 0.029296875
1 0.470703125 0.95166015625 0.025390625 0.0322265625
1 0.55712890625 0.392578125 0.0224609375 0.029296875
1 0.51416015625 0.49755859375 0.0087890625 0.0283203125
1 0.5498046875 0.52685546875 0.03515625 0.0478515625
1 0.54931640625 0.57763671875 0.0361328125 0.0498046875
1 0.525390625 0.61328125 0.009765625 0.029296875
1 0.41064453125 0.66162109375 0.0068359375 0.0439453125
3 0.2578125 0.54833984375 0.017578125 0.0185546875
3 0.19140625 0.71533203125 0.0234375 0.0224609375
3 0.2197265625 0.708984375 0.017578125 0.01953125
3 0.27001953125 0.90234375 0.0146484375 0.017578125
3 0.2294921875 0.900390625 0.015625 0.015625
3 0.20947265625 0.8994140625 0.0166015625 0.015625
3 0.18603515625 0.89599609375 0.0205078125 0.0205078125
3 0.2451171875 0.873046875 0.01171875 0.013671875
3 0.2294921875 0.87109375 0.015625 0.015625
3 0.24462890625 0.85595703125 0.0146484375 0.0146484375
3 0.22900390625 0.85205078125 0.0126953125 0.0146484375
3 0.1796875 0.87158203125 0.009765625 0.0107421875
3 0.19873046875 0.8544921875 0.0166015625 0.017578125
3 0.17626953125 0.84375 0.0107421875 0.01171875
3 0.18359375 0.82568359375 0.01171875 0.0126953125
3 0.21435546875 0.8291015625 0.0166015625 0.017578125
3 0.24169921875 0.8115234375 0.0166015625 0.017578125
3 0.20166015625 0.80810546875 0.0146484375 0.0146484375
3 0.2451171875 0.7783203125 0.01171875 0.01171875
3 0.2783203125 0.78271484375 0.01953125 0.0205078125
3 0.279296875 0.7578125 0.01953125 0.01953125
3 0.2314453125 0.7783203125 0.01171875 0.01171875
3 0.24560546875 0.76416015625 0.0107421875 0.0126953125
3 0.232421875 0.763671875 0.01171875 0.01171875
3 0.28125 0.73291015625 0.01953125 0.0205078125
3 0.24853515625 0.72900390625 0.0283203125 0.0283203125
3 0.2138671875 0.734375 0.017578125 0.017578125
3 0.2490234375 0.90087890625 0.015625 0.0166015625
3 0.23193359375 0.94970703125 0.0146484375 0.0166015625
3 0.2568359375 0.951171875 0.017578125 0.01953125
3 0.30419921875 0.99560546875 0.0224609375 0.0087890625
3 0.2763671875 0.99462890625 0.021484375 0.0107421875
3 0.18798828125 0.99755859375 0.0126953125 0.0048828125
3 0.18798828125 0.97998046875 0.0185546875 0.0185546875
3 0.31884765625 0.978515625 0.0224609375 0.021484375
3 0.291015625 0.97607421875 0.021484375 0.0224609375
3 0.26416015625 0.97607421875 0.0205078125 0.0205078125
3 0.32177734375 0.95361328125 0.0185546875 0.0185546875
3 0.30029296875 0.953125 0.0166015625 0.017578125
3 0.27783203125 0.9521484375 0.0166015625 0.017578125
