3 0.4326171875 0.3486328125 0.03515625 0.037109375
3 0.345703125 0.46630859375 0.03515625 0.0380859375
3 0.400390625 0.48779296875 0.0390625 0.0361328125
3 0.42626953125 0.42333984375 0.0361328125 0.0380859375
3 0.3701171875 0.40283203125 0.0390625 0.0380859375
3 0.484375 0.3681640625 0.037109375 0.037109375
3 0.494140625 0.2958984375 0.009765625 0.01171875
3 0.505859375 0.30126953125 0.009765625 0.0107421875
3 0.55859375 0.001953125 0.01953125 0.001953125
3 0.583984375 0.00732421875 0.021484375 0.0126953125
4 0.50830078125 0.49267578125 0.0654296875 0.1240234375
