3 0.97216796875 0.0859375 0.0087890625 0.009765625
3 0.31689453125 0.88818359375 0.0185546875 0.0205078125
3 0.31787109375 0.865234375 0.0107421875 0.013671875
3 0.330078125 0.83544921875 0.015625 0.0166015625
3 0.349609375 0.8408203125 0.013671875 0.015625
3 0.31787109375 0.9072265625 0.0087890625 0.009765625
3 0.39599609375 0.86767578125 0.0263671875 0.0283203125
3 0.3935546875 0.89013671875 0.01171875 0.0126953125
3 0.94921875 0.0751953125 0.009765625 0.01171875
4 0.943359375 0.462890625 0.04296875 0.080078125
4 0.900390625 0.69775390625 0.02734375 0.0498046875
3 0.96142578125 0.080078125 0.0107421875 0.01171875
3 0.9833984375 0.0908203125 0.009765625 0.009765625
3 0.69921875 0.76318359375 0.009765625 0.0107421875
3 0.70947265625 0.76806640625 0.0087890625 0.0087890625
3 0.68505859375 0.77099609375 0.0087890625 0.0087890625
3 0.69482421875 0.77587890625 0.0087890625 0.0107421875
3 0.70654296875 0.7783203125 0.0087890625 0.009765625
3 0.71533203125 0.86328125 0.0126953125 0.013671875
3 0.9443359375 0.08642578125 0.009765625 0.0107421875
3 0.68896484375 0.7587890625 0.0087890625 0.009765625
3 0.7001953125 0.73291015625 0.015625 0.0166015625
3 0.70703125 0.716796875 0.013671875 0.013671875
3 0.71240234375 0.69921875 0.0146484375 0.015625
3 0.9560546875 0.09130859375 0.009765625 0.0107421875
3 0.96630859375 0.09716796875 0.0107421875 0.0107421875
3 0.97802734375 0.1015625 0.0107421875 0.01171875
3 0.8681640625 0.28173828125 0.017578125 0.0185546875
3 0.900390625 0.29931640625 0.0234375 0.0224609375
3 0.93310546875 0.31494140625 0.0224609375 0.0224609375
3 0.8564453125 0.3076171875 0.017578125 0.017578125
3 0.8876953125 0.32958984375 0.021484375 0.0224609375
3 0.9189453125 0.345703125 0.021484375 0.021484375
3 0.8447265625 0.3330078125 0.017578125 0.017578125
3 0.8720703125 0.3486328125 0.009765625 0.009765625
3 0.986328125 0.236328125 0.009765625 0.009765625
3 0.93798828125 0.1240234375 0.0087890625 0.009765625
3 0.9501953125 0.1298828125 0.009765625 0.009765625
3 0.78515625 0.4951171875 0.01953125 0.01953125
3 0.7734375 0.51611328125 0.015625 0.0166015625
3 0.736328125 0.54052734375 0.009765625 0.0107421875
3 0.732421875 0.55810546875 0.015625 0.0166015625
3 0.765625 0.54296875 0.01953125 0.01953125
3 0.7890625 0.55224609375 0.01953125 0.0205078125
3 0.75732421875 0.56640625 0.0205078125 0.021484375
3 0.7802734375 0.576171875 0.01953125 0.01953125
3 0.67431640625 0.68115234375 0.0087890625 0.0107421875
3 0.68505859375 0.685546875 0.0087890625 0.009765625
3 0.6796875 0.70068359375 0.009765625 0.0107421875
3 0.67578125 0.71484375 0.01171875 0.009765625
3 0.6708984375 0.72705078125 0.01171875 0.0126953125
