3 0.14794921875 0.00244140625 0.0166015625 0.0029296875
3 0.1748046875 0.14013671875 0.01953125 0.0205078125
3 0.15185546875 0.14892578125 0.0205078125 0.0205078125
3 0.08740234375 0.18603515625 0.0302734375 0.0302734375
3 0.14794921875 0.08984375 0.0224609375 0.0234375
3 0.1220703125 0.091796875 0.015625 0.017578125
3 0.15771484375 0.06298828125 0.0146484375 0.0146484375
3 0.12841796875 0.0615234375 0.0146484375 0.015625
3 0.11962890625 0.03662109375 0.0146484375 0.0166015625
3 0.15087890625 0.02587890625 0.0205078125 0.0224609375
3 0.17724609375 0.0048828125 0.0126953125 0.0078125
3 0.11962890625 0.00927734375 0.0185546875 0.0185546875
3 0.173828125 0.162109375 0.013671875 0.015625
3 0.14892578125 0.17333984375 0.0205078125 0.0205078125
3 0.1640625 0.18994140625 0.013671875 0.0146484375
3 0.1630859375 0.20849609375 0.017578125 0.0205078125
3 0.107421875 0.2685546875 0.029296875 0.029296875
3 0.17724609375 0.22216796875 0.0126953125 0.0146484375
1 0.45068359375 0.22021484375 0.0361328125 0.0478515625
1 0.43115234375 0.18408203125 0.0205078125 0.0302734375
1 0.419921875 0.24072265625 0.0078125 0.0244140625
1 0.45654296875 0.23388671875 0.0224609375 0.0283203125
1 0.453125 0.28466796875 0.0234375 0.0302734375
1 0.44677734375 0.43017578125 0.0224609375 0.0283203125
1 0.443359375 0.3896484375 0.037109375 0.048828125
1 0.4453125 0.3642578125 0.037109375 0.046875
1 0.4501953125 0.3330078125 0.021484375 0.02734375
1 0.46337890625 0.11572265625 0.0205078125 0.0263671875
1 0.470703125 0.14697265625 0.025390625 0.0322265625
3 0.19482421875 0.50634765625 0.0146484375 0.0146484375
3 0.30078125 0.5537109375 0.015625 0.015625
3 0.28271484375 0.5703125 0.0146484375 0.015625
3 0.28271484375 0.55224609375 0.0146484375 0.0166015625
3 0.26416015625 0.56884765625 0.0166015625 0.0166015625
3 0.26513671875 0.5517578125 0.0146484375 0.015625
3 0.236328125 0.5546875 0.02734375 0.02734375
3 0.20703125 0.564453125 0.017578125 0.017578125
3 0.18310546875 0.56396484375 0.0146484375 0.0166015625
3 0.20751953125 0.54150390625 0.0166015625 0.0166015625
3 0.18505859375 0.541015625 0.0166015625 0.017578125
3 0.228515625 0.51025390625 0.017578125 0.0185546875
3 0.2275390625 0.474609375 0.017578125 0.01953125
3 0.19384765625 0.4775390625 0.0146484375 0.015625
3 0.19140625 0.4482421875 0.01953125 0.017578125
3 0.3134765625 0.47998046875 0.009765625 0.0107421875
3 0.2294921875 0.439453125 0.02734375 0.029296875
3 0.1904296875 0.41748046875 0.01953125 0.0205078125
3 0.21875 0.4013671875 0.0234375 0.025390625
3 0.18994140625 0.390625 0.0185546875 0.01953125
3 0.29833984375 0.361328125 0.0185546875 0.01953125
3 0.27001953125 0.3671875 0.0166015625 0.017578125
3 0.220703125 0.3662109375 0.0234375 0.0234375
3 0.1884765625 0.3603515625 0.01953125 0.01953125
3 0.2998046875 0.57080078125 0.015625 0.0146484375
3 0.17724609375 0.64794921875 0.0205078125 0.0205078125
3 0.1943359375 0.62353515625 0.01953125 0.0205078125
3 0.20166015625 0.64599609375 0.0146484375 0.0146484375
3 0.25634765625 0.78955078125 0.0107421875 0.0126953125
3 0.2373046875 0.78955078125 0.01171875 0.0126953125
3 0.2314453125 0.77099609375 0.013671875 0.0146484375
3 0.2490234375 0.7685546875 0.01953125 0.01953125
3 0.2919921875 0.748046875 0.01171875 0.01171875
3 0.2734375 0.75 0.01953125 0.01953125
3 0.24951171875 0.75048828125 0.0126953125 0.0146484375
3 0.23193359375 0.7529296875 0.0185546875 0.01953125
3 0.2470703125 0.73583984375 0.01171875 0.0126953125
3 0.23486328125 0.73779296875 0.0087890625 0.0107421875
3 0.22265625 0.7314453125 0.013671875 0.013671875
3 0.29248046875 0.7314453125 0.0205078125 0.01953125
3 0.2705078125 0.728515625 0.01953125 0.01953125
3 0.30419921875 0.7138671875 0.0205078125 0.01953125
3 0.28466796875 0.71142578125 0.0146484375 0.0166015625
3 0.265625 0.70947265625 0.015625 0.0166015625
3 0.23828125 0.71630859375 0.02734375 0.0263671875
3 0.2021484375 0.67138671875 0.01953125 0.0205078125
3 0.283203125 0.67919921875 0.041015625 0.0419921875
3 0.2412109375 0.66650390625 0.041015625 0.0400390625
3 0.28857421875 0.62548828125 0.0263671875 0.0263671875
3 0.23583984375 0.6220703125 0.0380859375 0.0390625
3 0.30859375 0.333984375 0.01953125 0.021484375
3 0.27685546875 0.337890625 0.0224609375 0.0234375
3 0.24267578125 0.33642578125 0.0146484375 0.0166015625
3 0.27001953125 0.09765625 0.0146484375 0.017578125
3 0.2294921875 0.095703125 0.015625 0.015625
3 0.20947265625 0.0947265625 0.0166015625 0.015625
3 0.18603515625 0.09130859375 0.0205078125 0.0205078125
3 0.2451171875 0.068359375 0.01171875 0.013671875
3 0.2294921875 0.06640625 0.015625 0.015625
3 0.24462890625 0.05126953125 0.0146484375 0.0146484375
3 0.22900390625 0.04736328125 0.0126953125 0.0146484375
3 0.1796875 0.06689453125 0.009765625 0.0107421875
3 0.19873046875 0.0498046875 0.0166015625 0.017578125
3 0.17626953125 0.0390625 0.0107421875 0.01171875
3 0.18359375 0.02099609375 0.01171875 0.0126953125
3 0.21435546875 0.0244140625 0.0166015625 0.017578125
3 0.24169921875 0.00830078125 0.0166015625 0.0146484375
3 0.20166015625 0.005859375 0.0146484375 0.009765625
3 0.2490234375 0.09619140625 0.015625 0.0166015625
3 0.23193359375 0.14501953125 0.0146484375 0.0166015625
3 0.212890625 0.3359375 0.015625 0.017578125
3 0.2568359375 0.146484375 0.017578125 0.01953125
3 0.18359375 0.33154296875 0.01171875 0.0107421875
3 0.20068359375 0.28076171875 0.0126953125 0.0126953125
3 0.2275390625 0.279296875 0.021484375 0.021484375
3 0.177734375 0.24365234375 0.01953125 0.0205078125
3 0.216796875 0.24560546875 0.01953125 0.0205078125
3 0.31494140625 0.2763671875 0.0224609375 0.021484375
3 0.2880859375 0.2744140625 0.01953125 0.021484375
3 0.201171875 0.2314453125 0.013671875 0.013671875
3 0.31591796875 0.24853515625 0.0205078125 0.0224609375
3 0.28857421875 0.24755859375 0.0205078125 0.0205078125
3 0.31689453125 0.22119140625 0.0205078125 0.0224609375
3 0.28955078125 0.2197265625 0.0205078125 0.021484375
3 0.30419921875 0.19775390625 0.0224609375 0.0224609375
3 0.2763671875 0.1953125 0.021484375 0.021484375
3 0.20361328125 0.2109375 0.0185546875 0.01953125
3 0.18798828125 0.197265625 0.0126953125 0.013671875
3 0.18798828125 0.17529296875 0.0185546875 0.0185546875
3 0.31884765625 0.173828125 0.0224609375 0.021484375
3 0.291015625 0.17138671875 0.021484375 0.0224609375
3 0.26416015625 0.17138671875 0.0205078125 0.0205078125
3 0.32177734375 0.14892578125 0.0185546875 0.0185546875
3 0.30029296875 0.1484375 0.0166015625 0.017578125
3 0.27783203125 0.1474609375 0.0166015625 0.017578125
