3 0.2275390625 0.69384765625 0.013671875 0.0126953125
3 0.88916015625 0.00244140625 0.0166015625 0.0029296875
3 0.916015625 0.14013671875 0.01953125 0.0205078125
3 0.89306640625 0.14892578125 0.0205078125 0.0205078125
3 0.82861328125 0.18603515625 0.0302734375 0.0302734375
3 0.88916015625 0.08984375 0.0224609375 0.0234375
3 0.86328125 0.091796875 0.015625 0.017578125
3 0.89892578125 0.06298828125 0.0146484375 0.0146484375
3 0.86962890625 0.0615234375 0.0146484375 0.015625
3 0.86083984375 0.03662109375 0.0146484375 0.0166015625
3 0.89208984375 0.02587890625 0.0205078125 0.0224609375
3 0.91845703125 0.0048828125 0.0126953125 0.0078125
3 0.86083984375 0.00927734375 0.0185546875 0.0185546875
3 0.9150390625 0.162109375 0.013671875 0.015625
3 0.89013671875 0.17333984375 0.0205078125 0.0205078125
3 0.9052734375 0.18994140625 0.013671875 0.0146484375
3 0.904296875 0.20849609375 0.017578125 0.0205078125
3 0.8486328125 0.2685546875 0.029296875 0.029296875
3 0.91845703125 0.22216796875 0.0126953125 0.0146484375
4 0.703125 0.90625 0.0859375 0.1875
1 0.59619140625 0.9921875 0.0107421875 0.015625
3 0.03564453125 0.83203125 0.0107421875 0.01171875
3 0.05078125 0.82080078125 0.01171875 0.0126953125
3 0.03759765625 0.81884765625 0.0107421875 0.0126953125
3 0.04931640625 0.833984375 0.0107421875 0.01171875
3 0.0634765625 0.83447265625 0.01171875 0.0126953125
3 0.06591796875 0.8232421875 0.0107421875 0.01171875
3 0.1025390625 0.84912109375 0.01171875 0.0126953125
3 0.1064453125 0.8310546875 0.01171875 0.013671875
3 0.21435546875 0.685546875 0.0126953125 0.015625
3 0.93603515625 0.50634765625 0.0146484375 0.0146484375
3 0.99853515625 0.56884765625 0.0029296875 0.0166015625
3 0.99951171875 0.5517578125 0.0009765625 0.015625
3 0.9775390625 0.5546875 0.02734375 0.02734375
3 0.9482421875 0.564453125 0.017578125 0.017578125
3 0.92431640625 0.56396484375 0.0146484375 0.0166015625
3 0.94873046875 0.54150390625 0.0166015625 0.0166015625
3 0.92626953125 0.541015625 0.0166015625 0.017578125
3 0.9697265625 0.51025390625 0.017578125 0.0185546875
3 0.96875 0.474609375 0.017578125 0.01953125
3 0.93505859375 0.4775390625 0.0146484375 0.015625
3 0.9326171875 0.4482421875 0.01953125 0.017578125
3 0.970703125 0.439453125 0.02734375 0.029296875
3 0.931640625 0.41748046875 0.01953125 0.0205078125
3 0.9599609375 0.4013671875 0.0234375 0.025390625
3 0.93115234375 0.390625 0.0185546875 0.01953125
3 0.9619140625 0.3662109375 0.0234375 0.0234375
3 0.9296875 0.3603515625 0.01953125 0.01953125
3 0.91845703125 0.64794921875 0.0205078125 0.0205078125
3 0.935546875 0.62353515625 0.01953125 0.0205078125
3 0.94287109375 0.64599609375 0.0146484375 0.0146484375
3 0.99609375 0.78955078125 0.0078125 0.0126953125
3 0.978515625 0.78955078125 0.01171875 0.0126953125
3 0.97265625 0.77099609375 0.013671875 0.0146484375
3 0.990234375 0.7685546875 0.01953125 0.01953125
3 0.99072265625 0.75048828125 0.0126953125 0.0146484375
3 0.97314453125 0.7529296875 0.0185546875 0.01953125
3 0.98828125 0.73583984375 0.01171875 0.0126953125
3 0.97607421875 0.73779296875 0.0087890625 0.0107421875
3 0.9638671875 0.7314453125 0.013671875 0.013671875
3 0.99951171875 0.70947265625 0.0009765625 0.0166015625
3 0.9794921875 0.71630859375 0.02734375 0.0263671875
3 0.943359375 0.67138671875 0.01953125 0.0205078125
3 0.98095703125 0.66650390625 0.0380859375 0.0400390625
3 0.97705078125 0.6220703125 0.0380859375 0.0390625
3 0.98388671875 0.33642578125 0.0146484375 0.0166015625
3 0.970703125 0.095703125 0.015625 0.015625
3 0.95068359375 0.0947265625 0.0166015625 0.015625
3 0.92724609375 0.09130859375 0.0205078125 0.0205078125
3 0.986328125 0.068359375 0.01171875 0.013671875
3 0.970703125 0.06640625 0.015625 0.015625
3 0.98583984375 0.05126953125 0.0146484375 0.0146484375
3 0.97021484375 0.04736328125 0.0126953125 0.0146484375
3 0.9208984375 0.06689453125 0.009765625 0.0107421875
3 0.93994140625 0.0498046875 0.0166015625 0.017578125
3 0.91748046875 0.0390625 0.0107421875 0.01171875
3 0.9248046875 0.02099609375 0.01171875 0.0126953125
3 0.95556640625 0.0244140625 0.0166015625 0.017578125
3 0.98291015625 0.00830078125 0.0166015625 0.0146484375
3 0.94287109375 0.005859375 0.0146484375 0.009765625
3 0.990234375 0.09619140625 0.015625 0.0166015625
3 0.97314453125 0.14501953125 0.0146484375 0.0166015625
3 0.9541015625 0.3359375 0.015625 0.017578125
3 0.99462890625 0.146484375 0.0107421875 0.01953125
3 0.9248046875 0.33154296875 0.01171875 0.0107421875
3 0.94189453125 0.28076171875 0.0126953125 0.0126953125
3 0.96875 0.279296875 0.021484375 0.021484375
3 0.9189453125 0.24365234375 0.01953125 0.0205078125
3 0.9580078125 0.24560546875 0.01953125 0.0205078125
3 0.9423828125 0.2314453125 0.013671875 0.013671875
3 0.94482421875 0.2109375 0.0185546875 0.01953125
3 0.92919921875 0.197265625 0.0126953125 0.013671875
3 0.92919921875 0.17529296875 0.0185546875 0.0185546875
3 0.99755859375 0.17138671875 0.0048828125 0.0205078125
