3 0.607421875 0.68408203125 0.021484375 0.0205078125
3 0.5869140625 0.681640625 0.01953125 0.021484375
3 0.56689453125 0.685546875 0.0068359375 0.0078125
3 0.568359375 0.67578125 0.0078125 0.0078125
3 0.55615234375 0.69677734375 0.0087890625 0.0107421875
3 0.544921875 0.6953125 0.009765625 0.009765625
3 0.6982421875 0.9541015625 0.0390625 0.037109375
3 0.6494140625 0.9462890625 0.03515625 0.037109375
3 0.01318359375 0.279296875 0.0205078125 0.021484375
3 0.0087890625 0.326171875 0.015625 0.021484375
3 0.2626953125 0.33203125 0.0234375 0.0234375
3 0.2294921875 0.32568359375 0.0234375 0.0244140625
3 0.255859375 0.29833984375 0.021484375 0.0244140625
3 0.2412109375 0.2666015625 0.0234375 0.0234375
