0 0.671875 0.9912109375 0.037109375 0.017578125
0 0.65185546875 0.9755859375 0.0341796875 0.0234375
0 0.6123046875 0.923828125 0.037109375 0.0234375
0 0.6416015625 0.95751953125 0.03515625 0.0224609375
0 0.62646484375 0.94189453125 0.0361328125 0.0224609375
0 0.60107421875 0.90283203125 0.0341796875 0.0224609375
0 0.5849609375 0.88623046875 0.037109375 0.0205078125
0 0.29248046875 0.70751953125 0.0341796875 0.0380859375
0 0.57080078125 0.86962890625 0.0400390625 0.0263671875
1 0.33837890625 0.765625 0.0361328125 0.041015625
