3 0.32421875 0.3916015625 0.04296875 0.044921875
3 0.42138671875 0.07470703125 0.0087890625 0.0087890625
3 0.421875 0.06494140625 0.0078125 0.0087890625
3 0.41259765625 0.07421875 0.0087890625 0.0078125
3 0.41357421875 0.0634765625 0.0068359375 0.009765625
3 0.4033203125 0.07275390625 0.0078125 0.0087890625
3 0.4052734375 0.06298828125 0.0078125 0.0087890625
3 0.2646484375 0.4970703125 0.009765625 0.01171875
3 0.39404296875 0.44677734375 0.0126953125 0.0126953125
3 0.3515625 0.45654296875 0.041015625 0.0458984375
3 0.28271484375 0.4501953125 0.0341796875 0.03515625
3 0.2158203125 0.43603515625 0.044921875 0.0439453125
3 0.53955078125 0.04296875 0.0126953125 0.015625
3 0.515625 0.34521484375 0.0234375 0.0244140625
3 0.6357421875 0.298828125 0.0234375 0.025390625
3 0.5419921875 0.294921875 0.013671875 0.013671875
3 0.52099609375 0.2900390625 0.0185546875 0.017578125
3 0.5068359375 0.271484375 0.013671875 0.013671875
3 0.61181640625 0.09814453125 0.0302734375 0.0283203125
3 0.46533203125 0.0712890625 0.0107421875 0.009765625
3 0.69091796875 0.06884765625 0.0322265625 0.0302734375
3 0.68798828125 0.01416015625 0.0400390625 0.0263671875
3 0.6376953125 0.04638671875 0.03125 0.0322265625
3 0.57177734375 0.0205078125 0.0419921875 0.0390625
3 0.396484375 0.3916015625 0.021484375 0.0234375
3 0.25439453125 0.3740234375 0.0400390625 0.041015625
3 0.58740234375 0.35400390625 0.0224609375 0.0244140625
3 0.16552734375 0.3828125 0.0439453125 0.04296875
3 0.32568359375 0.32861328125 0.0419921875 0.0419921875
3 0.2373046875 0.3134765625 0.04296875 0.044921875
3 0.42333984375 0.265625 0.0107421875 0.01171875
3 0.39501953125 0.26318359375 0.0244140625 0.0244140625
3 0.3349609375 0.25634765625 0.04296875 0.0458984375
3 0.26513671875 0.24755859375 0.0419921875 0.0439453125
3 0.173828125 0.25830078125 0.068359375 0.0693359375
3 0.04638671875 0.23779296875 0.0654296875 0.0673828125
3 0.03271484375 0.3330078125 0.0654296875 0.06640625
3 0.55126953125 0.34912109375 0.0224609375 0.0244140625
3 0.64453125 0.36865234375 0.03515625 0.0361328125
3 0.5234375 0.40625 0.046875 0.044921875
3 0.7451171875 0.40185546875 0.064453125 0.0654296875
3 0.92724609375 0.5244140625 0.0205078125 0.021484375
3 0.92041015625 0.5712890625 0.0205078125 0.021484375
3 0.6591796875 0.52490234375 0.033203125 0.0341796875
3 0.525390625 0.513671875 0.017578125 0.01953125
3 0.578125 0.49755859375 0.06640625 0.0673828125
3 0.48095703125 0.47998046875 0.0146484375 0.0146484375
3 0.65576171875 0.435546875 0.0380859375 0.037109375
3 0.5927734375 0.41650390625 0.037109375 0.0361328125
3 0.9931640625 0.08349609375 0.013671875 0.0439453125
