0 0.56787109375 0.2021484375 0.0185546875 0.03125
0 0.72314453125 0.1796875 0.0166015625 0.0390625
0 0.71142578125 0.05126953125 0.0166015625 0.0361328125
0 0.69482421875 0.34912109375 0.0341796875 0.0185546875
0 0.90673828125 0.3076171875 0.0185546875 0.037109375
0 0.923828125 0.296875 0.013671875 0.03125
0 0.94482421875 0.28857421875 0.0126953125 0.0322265625
0 0.8623046875 0.32861328125 0.017578125 0.0263671875
0 0.7509765625 0.4775390625 0.01953125 0.037109375
0 0.7587890625 0.57763671875 0.015625 0.0341796875
0 0.765625 0.630859375 0.013671875 0.02734375
0 0.77001953125 0.666015625 0.0166015625 0.033203125
0 0.77197265625 0.71484375 0.0166015625 0.029296875
0 0.77978515625 0.7626953125 0.0185546875 0.037109375
0 0.78271484375 0.80712890625 0.0146484375 0.0361328125
0 0.7900390625 0.88037109375 0.013671875 0.0322265625
0 0.78662109375 0.8447265625 0.0185546875 0.029296875
0 0.79541015625 0.9375 0.0146484375 0.03515625
