4 0.0498046875 0.4404296875 0.033203125 0.08984375
4 0.02001953125 0.25439453125 0.0380859375 0.0810546875
4 0.00927734375 0.44482421875 0.0166015625 0.0849609375
4 0.09521484375 0.4384765625 0.0341796875 0.080078125
4 0.14013671875 0.43798828125 0.0322265625 0.0791015625
4 0.015625 0.54931640625 0.029296875 0.0869140625
4 0.06103515625 0.56005859375 0.0458984375 0.1123046875
4 0.107421875 0.54638671875 0.037109375 0.0927734375
4 0.1533203125 0.54150390625 0.04296875 0.0927734375
4 0.005859375 0.794921875 0.009765625 0.109375
4 0.041015625 0.80322265625 0.037109375 0.0908203125
4 0.0830078125 0.8076171875 0.03125 0.076171875
5 0.2080078125 0.49365234375 0.4140625 0.2529296875
5 0.224609375 0.83251953125 0.447265625 0.2373046875
5 0.0068359375 0.2265625 0.01171875 0.02734375
5 0.033203125 0.2509765625 0.029296875 0.041015625
4 0.12353515625 0.78857421875 0.0400390625 0.1005859375
4 0.05029296875 0.9150390625 0.0400390625 0.091796875
4 0.1376953125 0.90087890625 0.04296875 0.0869140625
0 0.7587890625 0.80517578125 0.017578125 0.0322265625
0 0.71923828125 0.92431640625 0.0205078125 0.0380859375
0 0.5849609375 0.9306640625 0.033203125 0.03125
0 0.74365234375 0.9111328125 0.0166015625 0.03125
0 0.71142578125 0.84619140625 0.0205078125 0.0341796875
0 0.49951171875 0.84912109375 0.0419921875 0.0205078125
4 0.18408203125 0.435546875 0.0302734375 0.072265625
0 0.49169921875 0.82470703125 0.0341796875 0.0185546875
0 0.49169921875 0.80419921875 0.0380859375 0.0205078125
0 0.4931640625 0.78076171875 0.0390625 0.0166015625
0 0.54248046875 0.6875 0.0185546875 0.0390625
0 0.4736328125 0.6171875 0.041015625 0.03125
0 0.46923828125 0.5908203125 0.0419921875 0.033203125
0 0.4609375 0.50927734375 0.0390625 0.0302734375
0 0.68359375 0.572265625 0.01953125 0.037109375
4 0.279296875 0.5400390625 0.041015625 0.109375
4 0.31884765625 0.525390625 0.0400390625 0.08984375
4 0.36376953125 0.52978515625 0.0322265625 0.1064453125
0 0.87890625 0.9892578125 0.015625 0.021484375
0 0.78271484375 0.0107421875 0.0146484375 0.01953125
0 0.7900390625 0.07568359375 0.013671875 0.0322265625
0 0.78662109375 0.0400390625 0.0185546875 0.029296875
0 0.79541015625 0.1328125 0.0146484375 0.03515625
0 0.94970703125 0.27197265625 0.0361328125 0.0185546875
0 0.92138671875 0.33447265625 0.0341796875 0.0185546875
0 0.9560546875 0.33251953125 0.029296875 0.0166015625
0 0.8251953125 0.4501953125 0.015625 0.037109375
0 0.837890625 0.578125 0.015625 0.03515625
0 0.8525390625 0.71337890625 0.017578125 0.0361328125
0 0.85693359375 0.77001953125 0.0146484375 0.0263671875
0 0.8759765625 0.95703125 0.013671875 0.033203125
0 0.77685546875 0.99951171875 0.0166015625 0.0009765625
4 0.26708984375 0.43603515625 0.0283203125 0.0537109375
4 0.23681640625 0.5322265625 0.0458984375 0.091796875
4 0.19482421875 0.533203125 0.0380859375 0.08203125
4 0.1650390625 0.78271484375 0.037109375 0.1044921875
4 0.41748046875 0.99755859375 0.0322265625 0.0048828125
4 0.22119140625 0.89208984375 0.0380859375 0.0732421875
4 0.26611328125 0.8974609375 0.0498046875 0.1015625
4 0.30419921875 0.88134765625 0.0341796875 0.0732421875
4 0.34716796875 0.8818359375 0.0380859375 0.087890625
4 0.38818359375 0.87890625 0.0400390625 0.083984375
4 0.419921875 0.861328125 0.0234375 0.041015625
4 0.2099609375 0.7861328125 0.0390625 0.08984375
4 0.2548828125 0.7783203125 0.0390625 0.09765625
4 0.29638671875 0.77880859375 0.0361328125 0.0830078125
4 0.33544921875 0.77001953125 0.0400390625 0.0947265625
4 0.38134765625 0.76318359375 0.0361328125 0.1005859375
