1 0.0029296875 0.38330078125 0.00390625 0.0068359375
1 0.46826171875 0.59130859375 0.0146484375 0.0361328125
5 0.88525390625 0.11474609375 0.0107421875 0.0419921875
3 0.4150390625 0.94091796875 0.01171875 0.0126953125
3 0.45556640625 0.35302734375 0.0107421875 0.0107421875
3 0.47998046875 0.35009765625 0.0146484375 0.0146484375
3 0.41845703125 0.34130859375 0.0244140625 0.0263671875
3 0.48486328125 0.3203125 0.0126953125 0.015625
3 0.46630859375 0.3173828125 0.0166015625 0.017578125
3 0.44677734375 0.31494140625 0.0166015625 0.0185546875
3 0.42333984375 0.31201171875 0.0224609375 0.0244140625
3 0.48828125 0.29052734375 0.013671875 0.0146484375
3 0.470703125 0.28759765625 0.017578125 0.0185546875
3 0.451171875 0.28515625 0.017578125 0.017578125
3 0.427734375 0.28076171875 0.0234375 0.0244140625
3 0.3623046875 0.22119140625 0.0703125 0.0712890625
3 0.4267578125 0.5859375 0.0078125 0.0078125
3 0.33642578125 0.5849609375 0.0126953125 0.013671875
3 0.41748046875 0.5849609375 0.0087890625 0.009765625
3 0.421875 0.6005859375 0.017578125 0.021484375
3 0.30419921875 0.640625 0.0712890625 0.078125
3 0.44287109375 0.37548828125 0.0087890625 0.0087890625
3 0.43212890625 0.37353515625 0.0087890625 0.0087890625
3 0.43994140625 0.337890625 0.0068359375 0.0078125
3 0.4150390625 0.37060546875 0.005859375 0.0068359375
3 0.4228515625 0.37109375 0.005859375 0.0078125
3 0.42431640625 0.36279296875 0.0068359375 0.0068359375
3 0.44970703125 0.33837890625 0.0068359375 0.0068359375
3 0.41552734375 0.36181640625 0.0068359375 0.0068359375
3 0.4345703125 0.36474609375 0.005859375 0.0068359375
3 0.44287109375 0.3583984375 0.0068359375 0.005859375
3 0.435546875 0.35791015625 0.005859375 0.0048828125
3 0.4453125 0.35107421875 0.005859375 0.0068359375
3 0.4365234375 0.3505859375 0.005859375 0.005859375
3 0.45947265625 0.33984375 0.0068359375 0.0078125
3 0.20947265625 0.64453125 0.0341796875 0.033203125
3 0.3984375 0.943359375 0.01171875 0.013671875
3 0.2607421875 0.92724609375 0.044921875 0.0439453125
3 0.10888671875 0.5107421875 0.0185546875 0.01953125
3 0.0908203125 0.509765625 0.015625 0.017578125
3 0.03955078125 0.5751953125 0.0107421875 0.01171875
3 0.02685546875 0.572265625 0.0107421875 0.01171875
3 0.0234375 0.62255859375 0.044921875 0.0517578125
3 0.01220703125 0.744140625 0.0224609375 0.04296875
3 0.08837890625 0.52783203125 0.0166015625 0.0185546875
3 0.1064453125 0.52978515625 0.017578125 0.0185546875
3 0.08642578125 0.54638671875 0.0166015625 0.0185546875
3 0.31689453125 0.82666015625 0.0458984375 0.0439453125
3 0.34033203125 0.88671875 0.0087890625 0.009765625
3 0.31982421875 0.8984375 0.0185546875 0.01953125
3 0.296875 0.88427734375 0.01953125 0.0224609375
3 0.26904296875 0.86474609375 0.0244140625 0.0283203125
3 0.37939453125 0.841796875 0.0224609375 0.0234375
3 0.3798828125 0.81201171875 0.015625 0.0166015625
3 0.22509765625 0.8193359375 0.0458984375 0.044921875
3 0.203125 0.88818359375 0.04296875 0.0439453125
3 0.10302734375 0.54833984375 0.0185546875 0.0166015625
3 0.1005859375 0.58984375 0.017578125 0.01953125
3 0.080078125 0.58544921875 0.017578125 0.0166015625
3 0.083984375 0.56591796875 0.017578125 0.0185546875
