4 0.662109375 0.828125 0.0625 0.052734375
4 0.71240234375 0.73876953125 0.1181640625 0.1240234375
4 0.85986328125 0.6435546875 0.1064453125 0.078125
4 0.833984375 0.88037109375 0.08203125 0.0849609375
4 0.71533203125 0.87890625 0.0556640625 0.05078125
4 0.74462890625 0.9150390625 0.0537109375 0.05078125
4 0.775390625 0.947265625 0.05859375 0.056640625
4 0.83349609375 0.98876953125 0.0380859375 0.0224609375
4 0.96826171875 0.72607421875 0.0634765625 0.0693359375
4 0.39013671875 0.5048828125 0.0419921875 0.044921875
0 0.32958984375 0.609375 0.0322265625 0.037109375
4 0.28759765625 0.65966796875 0.0634765625 0.0302734375
4 0.35546875 0.708984375 0.046875 0.04296875
4 0.4619140625 0.56494140625 0.041015625 0.0419921875
4 0.5166015625 0.552734375 0.080078125 0.083984375
4 0.40283203125 0.767578125 0.0419921875 0.03515625
4 0.412109375 0.79150390625 0.046875 0.0439453125
4 0.4384765625 0.83642578125 0.04296875 0.0380859375
4 0.45654296875 0.8505859375 0.0439453125 0.041015625
4 0.4990234375 0.912109375 0.0390625 0.033203125
4 0.513671875 0.93310546875 0.0625 0.0517578125
4 0.55908203125 0.7060546875 0.0634765625 0.056640625
0 0.5078125 0.7080078125 0.033203125 0.033203125
4 0.5927734375 0.73681640625 0.052734375 0.0537109375
4 0.60400390625 0.75634765625 0.0537109375 0.0498046875
4 0.61865234375 0.7763671875 0.0615234375 0.05859375
4 0.6337890625 0.794921875 0.060546875 0.0546875
4 0.61328125 0.6669921875 0.05859375 0.064453125
