3 0.71240234375 0.5771484375 0.0126953125 0.013671875
5 0.0263671875 0.58203125 0.05078125 0.09375
5 0.08642578125 0.51123046875 0.1005859375 0.1005859375
5 0.15625 0.43603515625 0.0859375 0.0888671875
5 0.23828125 0.36083984375 0.103515625 0.1025390625
5 0.62548828125 0.04150390625 0.0595703125 0.0556640625
5 0.57421875 0.0595703125 0.02734375 0.01953125
5 0.3359375 0.30224609375 0.025390625 0.0283203125
5 0.30419921875 0.27197265625 0.0283203125 0.0302734375
4 0.45703125 0.005859375 0.021484375 0.009765625
5 0.51123046875 0.1025390625 0.0283203125 0.0234375
5 0.40478515625 0.1796875 0.0283203125 0.03125
5 0.330078125 0.244140625 0.02734375 0.02734375
3 0.69091796875 0.59228515625 0.0126953125 0.0146484375
4 0.24755859375 0.34228515625 0.0263671875 0.0283203125
4 0.0517578125 0.5009765625 0.0234375 0.025390625
4 0.0810546875 0.48681640625 0.017578125 0.0166015625
4 0.142578125 0.44384765625 0.015625 0.0185546875
4 0.15625 0.41650390625 0.01953125 0.0224609375
4 0.14892578125 0.4541015625 0.0224609375 0.0234375
4 0.1552734375 0.4638671875 0.025390625 0.029296875
4 0.16650390625 0.46826171875 0.0185546875 0.0185546875
4 0.1640625 0.42333984375 0.021484375 0.0244140625
4 0.17919921875 0.43798828125 0.0224609375 0.0244140625
4 0.203125 0.33251953125 0.03125 0.0322265625
4 0.23828125 0.3330078125 0.029296875 0.03125
4 0.21044921875 0.3623046875 0.0283203125 0.029296875
4 0.25390625 0.35400390625 0.0234375 0.0244140625
4 0.23828125 0.38720703125 0.01953125 0.0205078125
4 0.326171875 0.23583984375 0.03515625 0.0380859375
4 0.3466796875 0.25732421875 0.03125 0.0322265625
4 0.353515625 0.271484375 0.01953125 0.021484375
4 0.31005859375 0.279296875 0.0302734375 0.033203125
4 0.32080078125 0.28466796875 0.0224609375 0.0224609375
4 0.3271484375 0.2939453125 0.01953125 0.017578125
4 0.11669921875 0.52392578125 0.0166015625 0.0166015625
4 0.08740234375 0.49267578125 0.0185546875 0.0185546875
4 0.10400390625 0.50830078125 0.0185546875 0.0205078125
4 0.09765625 0.546875 0.015625 0.017578125
4 0.01123046875 0.5654296875 0.0185546875 0.017578125
3 0.94287109375 0.53564453125 0.0166015625 0.0185546875
4 0.02294921875 0.5751953125 0.0205078125 0.01953125
