4 0.23974609375 0.9130859375 0.0419921875 0.0234375
4 0.26123046875 0.97900390625 0.0517578125 0.0263671875
0 0.25634765625 0.99755859375 0.0322265625 0.0048828125
4 0.259765625 0.931640625 0.048828125 0.025390625
4 0.45654296875 0.89794921875 0.0185546875 0.0400390625
4 0.251953125 0.888671875 0.046875 0.0234375
3 0.21875 0.44482421875 0.03125 0.0322265625
4 0.2431640625 0.8623046875 0.048828125 0.02734375
4 0.2431640625 0.837890625 0.048828125 0.021484375
4 0.4453125 0.74755859375 0.021484375 0.0498046875
3 0.220703125 0.80712890625 0.03125 0.0322265625
3 0.2548828125 0.802734375 0.03125 0.033203125
4 0.3984375 0.71826171875 0.021484375 0.0498046875
4 0.25634765625 0.6630859375 0.0556640625 0.02734375
4 0.25537109375 0.59521484375 0.0556640625 0.0263671875
4 0.2548828125 0.57080078125 0.05859375 0.0283203125
4 0.39306640625 0.56494140625 0.0400390625 0.0439453125
3 0.18310546875 0.4482421875 0.0322265625 0.03125
4 0.19921875 0.38037109375 0.056640625 0.0263671875
4 0.20556640625 0.35546875 0.0576171875 0.02734375
4 0.4853515625 0.10546875 0.046875 0.08203125
4 0.59326171875 0.025390625 0.0419921875 0.048828125
4 0.64599609375 0.0224609375 0.0341796875 0.04296875
4 0.68798828125 0.02099609375 0.0283203125 0.0400390625
4 0.2001953125 0.310546875 0.044921875 0.02734375
4 0.1923828125 0.2919921875 0.046875 0.025390625
4 0.18896484375 0.25048828125 0.0576171875 0.0283203125
4 0.3955078125 0.2255859375 0.0234375 0.0390625
4 0.193359375 0.22802734375 0.044921875 0.0224609375
4 0.18603515625 0.18310546875 0.0595703125 0.0283203125
4 0.173828125 0.13916015625 0.0546875 0.0263671875
4 0.1748046875 0.0947265625 0.05078125 0.029296875
4 0.16943359375 0.06787109375 0.0576171875 0.0302734375
4 0.169921875 0.02783203125 0.052734375 0.0283203125
4 0.29833984375 0.0029296875 0.0205078125 0.00390625
4 0.16650390625 0.01171875 0.0576171875 0.021484375
5 0.77783203125 0.0751953125 0.4443359375 0.1484375
5 0.79150390625 0.3046875 0.4169921875 0.189453125
5 0.7978515625 0.51171875 0.404296875 0.177734375
5 0.80810546875 0.71142578125 0.3837890625 0.1630859375
5 0.81982421875 0.9091796875 0.3603515625 0.15234375
4 0.77685546875 0.8837890625 0.1650390625 0.05078125
4 0.0537109375 0.640625 0.0625 0.02734375
4 0.05419921875 0.59228515625 0.0556640625 0.0263671875
4 0.05029296875 0.54345703125 0.0556640625 0.0283203125
4 0.0361328125 0.5048828125 0.048828125 0.021484375
4 0.0361328125 0.4609375 0.05859375 0.0234375
4 0.03271484375 0.4375 0.0478515625 0.021484375
4 0.03076171875 0.412109375 0.0478515625 0.021484375
4 0.0244140625 0.3173828125 0.041015625 0.01953125
4 0.025390625 0.36669921875 0.048828125 0.0283203125
4 0.0234375 0.34033203125 0.044921875 0.0185546875
4 0.02587890625 0.3896484375 0.0439453125 0.025390625
4 0.013671875 0.2275390625 0.025390625 0.021484375
4 0.01513671875 0.2021484375 0.0283203125 0.0234375
4 0.0126953125 0.181640625 0.0234375 0.017578125
4 0.0107421875 0.1611328125 0.01953125 0.01953125
4 0.01708984375 0.1376953125 0.0322265625 0.021484375
4 0.01171875 0.09130859375 0.021484375 0.0244140625
4 0.00927734375 0.07080078125 0.0166015625 0.0205078125
4 0.0107421875 0.0283203125 0.01953125 0.0234375
4 0.0048828125 0.0087890625 0.0078125 0.015625
4 0.0546875 0.619140625 0.052734375 0.0234375
4 0.05517578125 0.6669921875 0.0634765625 0.029296875
4 0.0625 0.6875 0.046875 0.0234375
4 0.07861328125 0.95263671875 0.0478515625 0.0244140625
4 0.08349609375 0.9287109375 0.0556640625 0.02734375
4 0.0830078125 0.904296875 0.05859375 0.029296875
4 0.0791015625 0.8837890625 0.041015625 0.021484375
4 0.07373046875 0.7841796875 0.0400390625 0.025390625
4 0.07568359375 0.75732421875 0.0439453125 0.0205078125
4 0.0654296875 0.73291015625 0.056640625 0.0244140625
4 0.06591796875 0.70947265625 0.0537109375 0.0263671875
4 0.72900390625 0.017578125 0.0361328125 0.033203125
4 0.65380859375 0.1103515625 0.0400390625 0.091796875
4 0.7412109375 0.09619140625 0.04296875 0.0869140625
4 0.4150390625 0.466796875 0.015625 0.029296875
4 0.5732421875 0.32470703125 0.046875 0.1220703125
4 0.7373046875 0.94873046875 0.1328125 0.0498046875
4 0.7890625 0.75048828125 0.02734375 0.0634765625
4 0.70556640625 0.7509765625 0.1123046875 0.04296875
4 0.61328125 0.28759765625 0.02734375 0.0634765625
4 0.65185546875 0.287109375 0.0361328125 0.072265625
4 0.69140625 0.28466796875 0.029296875 0.0673828125
4 0.734375 0.27587890625 0.0234375 0.0634765625
4 0.61474609375 0.36767578125 0.0283203125 0.0615234375
4 0.64892578125 0.3662109375 0.0302734375 0.068359375
4 0.68212890625 0.36181640625 0.0283203125 0.0634765625
4 0.71728515625 0.35693359375 0.0322265625 0.0673828125
4 0.75146484375 0.357421875 0.0302734375 0.060546875
4 0.771484375 0.015625 0.03125 0.029296875
4 0.78515625 0.35302734375 0.033203125 0.0634765625
4 0.59521484375 0.53857421875 0.0400390625 0.1005859375
4 0.6279296875 0.4912109375 0.025390625 0.05859375
4 0.66162109375 0.48876953125 0.0283203125 0.0576171875
4 0.69482421875 0.482421875 0.0283203125 0.0625
4 0.72802734375 0.4814453125 0.0302734375 0.068359375
4 0.763671875 0.47802734375 0.033203125 0.0654296875
4 0.634765625 0.56396484375 0.02734375 0.0556640625
4 0.70361328125 0.55859375 0.0283203125 0.060546875
4 0.77099609375 0.55078125 0.0263671875 0.056640625
4 0.61474609375 0.73583984375 0.0361328125 0.0927734375
4 0.83935546875 0.54345703125 0.0322265625 0.0654296875
4 0.81982421875 0.3505859375 0.0263671875 0.056640625
4 0.85546875 0.349609375 0.025390625 0.064453125
4 0.921875 0.33935546875 0.02734375 0.0615234375
4 0.9541015625 0.33251953125 0.029296875 0.0537109375
4 0.8603515625 0.2529296875 0.033203125 0.078125
4 0.90185546875 0.2626953125 0.0341796875 0.0703125
4 0.94287109375 0.25 0.0322265625 0.07421875
4 0.9814453125 0.25390625 0.03125 0.072265625
4 0.82470703125 0.08740234375 0.0380859375 0.0732421875
4 0.86962890625 0.0927734375 0.0498046875 0.1015625
4 0.90771484375 0.07666015625 0.0341796875 0.0732421875
4 0.95068359375 0.0771484375 0.0380859375 0.087890625
4 0.98583984375 0.07421875 0.0283203125 0.083984375
4 0.8154296875 0.013671875 0.03515625 0.025390625
4 0.85986328125 0.01171875 0.0361328125 0.021484375
4 0.90234375 0.00830078125 0.03125 0.0146484375
4 0.94189453125 0.0068359375 0.0341796875 0.01171875
4 0.98486328125 0.0048828125 0.0302734375 0.0078125
4 0.873046875 0.54833984375 0.03125 0.0673828125
4 0.80517578125 0.55078125 0.0341796875 0.06640625
4 0.99609375 0.52783203125 0.0078125 0.0537109375
4 0.9970703125 0.8564453125 0.005859375 0.056640625
4 0.8251953125 0.74755859375 0.025390625 0.0634765625
4 0.8916015625 0.7431640625 0.025390625 0.06640625
4 0.8857421875 0.67041015625 0.03125 0.0693359375
4 0.92041015625 0.66845703125 0.0302734375 0.0693359375
4 0.98583984375 0.65625 0.0263671875 0.060546875
4 0.92626953125 0.7392578125 0.0283203125 0.06640625
4 0.98876953125 0.734375 0.0224609375 0.06640625
4 0.79931640625 0.4814453125 0.0302734375 0.064453125
4 0.83203125 0.47412109375 0.0234375 0.0595703125
4 0.86669921875 0.46826171875 0.0244140625 0.0595703125
4 0.93408203125 0.46875 0.0341796875 0.060546875
4 0.99560546875 0.458984375 0.0087890625 0.052734375
