0 0.43115234375 0.12744140625 0.0400390625 0.0361328125
0 0.43017578125 0.10009765625 0.0380859375 0.0322265625
4 0.2607421875 0.162109375 0.052734375 0.0234375
4 0.2568359375 0.1396484375 0.046875 0.0234375
4 0.259765625 0.1171875 0.044921875 0.01953125
4 0.26171875 0.09765625 0.046875 0.021484375
4 0.26123046875 0.02783203125 0.0517578125 0.0263671875
0 0.25634765625 0.052734375 0.0322265625 0.017578125
0 0.4404296875 0.17822265625 0.037109375 0.0341796875
0 0.439453125 0.20068359375 0.0390625 0.0322265625
0 0.4443359375 0.22509765625 0.03515625 0.0322265625
4 0.26806640625 0.181640625 0.0439453125 0.021484375
5 0.8212890625 0.017578125 0.357421875 0.033203125
5 0.82763671875 0.1767578125 0.3447265625 0.208984375
4 0.95263671875 0.373046875 0.0947265625 0.044921875
4 0.046875 0.19091796875 0.072265625 0.0283203125
4 0.03759765625 0.16650390625 0.0498046875 0.0224609375
4 0.09521484375 0.154296875 0.0419921875 0.021484375
4 0.091796875 0.13427734375 0.044921875 0.0224609375
4 0.095703125 0.09033203125 0.046875 0.0283203125
4 0.06787109375 0.07470703125 0.0576171875 0.0302734375
4 0.07861328125 0.00732421875 0.0478515625 0.0126953125
0 0.21044921875 0.7626953125 0.0166015625 0.03125
0 0.1796875 0.94677734375 0.03515625 0.0166015625
0 0.767578125 0.89306640625 0.02734375 0.0283203125
4 0.7275390625 0.13330078125 0.03125 0.0673828125
4 0.74169921875 0.21728515625 0.0244140625 0.0712890625
4 0.4892578125 0.23876953125 0.025390625 0.0517578125
4 0.70263671875 0.2373046875 0.0380859375 0.10546875
4 0.5009765625 0.388671875 0.01953125 0.037109375
0 0.52392578125 0.52880859375 0.0205078125 0.0380859375
0 0.5478515625 0.53271484375 0.021484375 0.0380859375
0 0.75146484375 0.47314453125 0.0166015625 0.0341796875
0 0.79296875 0.4736328125 0.01953125 0.037109375
0 0.6875 0.73681640625 0.0390625 0.0302734375
0 0.82763671875 0.8876953125 0.0361328125 0.0390625
1 0.95263671875 0.87353515625 0.0380859375 0.0400390625
0 0.92236328125 0.80810546875 0.0361328125 0.0419921875
0 0.88671875 0.81787109375 0.03515625 0.0361328125
0 0.814453125 0.47119140625 0.021484375 0.0380859375
0 0.90478515625 0.4609375 0.0185546875 0.037109375
4 0.80322265625 0.22509765625 0.0419921875 0.0947265625
4 0.91064453125 0.21484375 0.0439453125 0.1015625
4 0.68505859375 0.1318359375 0.0263671875 0.0703125
4 0.73779296875 0.01171875 0.1318359375 0.021484375
4 0.80078125 0.11767578125 0.0234375 0.0693359375
4 0.8544921875 0.11376953125 0.021484375 0.0634765625
4 0.892578125 0.11328125 0.02734375 0.068359375
4 0.98291015625 0.10205078125 0.0341796875 0.0712890625
