3 0.9990234375 0.19091796875 0.001953125 0.0439453125
3 0.97021484375 0.1376953125 0.0439453125 0.04296875
1 0.32373046875 0.38623046875 0.0068359375 0.0244140625
11 0.17578125 0.9658203125 0.03515625 0.021484375
1 0.30224609375 0.56884765625 0.0224609375 0.0107421875
3 0.97216796875 0.0244140625 0.0556640625 0.046875
3 0.85107421875 0.013671875 0.0654296875 0.025390625
3 0.83740234375 0.087890625 0.0654296875 0.06640625
3 0.69384765625 0.18505859375 0.0224609375 0.0263671875
3 0.6513671875 0.1748046875 0.029296875 0.03125
3 0.4326171875 0.0576171875 0.021484375 0.025390625
3 0.43310546875 0.03369140625 0.0244140625 0.0244140625
3 0.43310546875 0.0107421875 0.0244140625 0.01953125
