3 0.32421875 0.146484375 0.04296875 0.044921875
3 0.2646484375 0.251953125 0.009765625 0.01171875
3 0.39404296875 0.20166015625 0.0126953125 0.0126953125
3 0.3515625 0.21142578125 0.041015625 0.0458984375
3 0.28271484375 0.205078125 0.0341796875 0.03515625
3 0.2158203125 0.19091796875 0.044921875 0.0439453125
3 0.515625 0.10009765625 0.0234375 0.0244140625
3 0.6357421875 0.0537109375 0.0234375 0.025390625
3 0.5419921875 0.0498046875 0.013671875 0.013671875
3 0.52099609375 0.044921875 0.0185546875 0.017578125
3 0.5068359375 0.0263671875 0.013671875 0.013671875
3 0.396484375 0.146484375 0.021484375 0.0234375
3 0.25439453125 0.12890625 0.0400390625 0.041015625
3 0.58740234375 0.10888671875 0.0224609375 0.0244140625
3 0.16552734375 0.1376953125 0.0439453125 0.04296875
3 0.32568359375 0.08349609375 0.0419921875 0.0419921875
3 0.2373046875 0.068359375 0.04296875 0.044921875
3 0.42333984375 0.0205078125 0.0107421875 0.01171875
3 0.39501953125 0.01806640625 0.0244140625 0.0244140625
3 0.3349609375 0.017578125 0.04296875 0.033203125
3 0.26513671875 0.0126953125 0.0419921875 0.0234375
3 0.173828125 0.0244140625 0.068359375 0.046875
3 0.04638671875 0.013671875 0.0654296875 0.025390625
3 0.03271484375 0.087890625 0.0654296875 0.06640625
3 0.55126953125 0.10400390625 0.0224609375 0.0244140625
3 0.64453125 0.12353515625 0.03515625 0.0361328125
3 0.5234375 0.1611328125 0.046875 0.044921875
3 0.7451171875 0.15673828125 0.064453125 0.0654296875
3 0.92724609375 0.279296875 0.0205078125 0.021484375
3 0.92041015625 0.326171875 0.0205078125 0.021484375
3 0.6591796875 0.27978515625 0.033203125 0.0341796875
3 0.525390625 0.2685546875 0.017578125 0.01953125
3 0.578125 0.25244140625 0.06640625 0.0673828125
3 0.48095703125 0.23486328125 0.0146484375 0.0146484375
3 0.65576171875 0.1904296875 0.0380859375 0.037109375
3 0.5927734375 0.17138671875 0.037109375 0.0361328125
