3 0.33056640625 0.02783203125 0.0654296875 0.0537109375
3 0.2509765625 0.2255859375 0.072265625 0.07421875
3 0.45361328125 0.04248046875 0.0419921875 0.0458984375
3 0.26513671875 0.0703125 0.0400390625 0.041015625
3 0.390625 0.09423828125 0.05859375 0.0634765625
3 0.509765625 0.0205078125 0.0234375 0.0234375
3 0.517578125 0.0830078125 0.033203125 0.03515625
3 0.56494140625 0.1162109375 0.0224609375 0.025390625
3 0.4951171875 0.14208984375 0.033203125 0.0361328125
3 0.29345703125 0.14794921875 0.0498046875 0.0517578125
3 0.45751953125 0.1025390625 0.0244140625 0.025390625
3 0.3662109375 0.1708984375 0.046875 0.046875
1 0.0341796875 0.90771484375 0.015625 0.0126953125
1 0.8271484375 0.05517578125 0.04296875 0.0107421875
5 0.85205078125 0.7236328125 0.0205078125 0.03515625
5 0.95361328125 0.529296875 0.0693359375 0.109375
3 0.44140625 0.1884765625 0.056640625 0.05859375
3 0.37890625 0.24169921875 0.041015625 0.0400390625
3 0.52001953125 0.2392578125 0.0498046875 0.052734375
3 0.4248046875 0.24169921875 0.02734375 0.0283203125
3 0.45263671875 0.24658203125 0.0283203125 0.0283203125
3 0.41845703125 0.27197265625 0.0263671875 0.0283203125
3 0.44921875 0.27783203125 0.021484375 0.0244140625
3 0.474609375 0.28173828125 0.0234375 0.0224609375
3 0.31103515625 0.29541015625 0.0556640625 0.0556640625
3 0.44482421875 0.32177734375 0.0341796875 0.0361328125
3 0.6083984375 0.2734375 0.03125 0.029296875
3 0.6376953125 0.27490234375 0.01953125 0.0224609375
3 0.61572265625 0.3017578125 0.0224609375 0.0234375
3 0.6396484375 0.30517578125 0.0234375 0.0263671875
