0 0.44677734375 0.96240234375 0.0322265625 0.0341796875
0 0.90966796875 0.19921875 0.0361328125 0.02734375
0 0.89013671875 0.1708984375 0.0263671875 0.037109375
0 0.7431640625 0.54541015625 0.033203125 0.0244140625
0 0.68017578125 0.46484375 0.0263671875 0.0390625
0 0.6640625 0.45703125 0.02734375 0.041015625
0 0.6474609375 0.451171875 0.021484375 0.03125
0 0.57861328125 0.4306640625 0.0244140625 0.033203125
0 0.5439453125 0.42333984375 0.025390625 0.0361328125
0 0.43798828125 0.39306640625 0.0263671875 0.0361328125
0 0.705078125 0.87353515625 0.025390625 0.0361328125
0 0.42333984375 0.9912109375 0.0380859375 0.017578125
0 0.4638671875 0.970703125 0.03515625 0.03515625
0 0.23828125 0.8515625 0.037109375 0.0234375
0 0.16015625 0.87158203125 0.033203125 0.0341796875
0 0.14208984375 0.86669921875 0.0341796875 0.0380859375
0 0.11962890625 0.8583984375 0.0361328125 0.033203125
0 0.07080078125 0.79638671875 0.0166015625 0.0302734375
0 0.06787109375 0.67578125 0.0361328125 0.02734375
0 0.07470703125 0.6494140625 0.0361328125 0.025390625
0 0.0791015625 0.62939453125 0.033203125 0.0244140625
0 0.3037109375 0.34765625 0.021484375 0.029296875
1 0.7431640625 0.97998046875 0.03125 0.0400390625
8 0.78515625 0.0712890625 0.150390625 0.126953125
0 0.19482421875 0.88232421875 0.0341796875 0.0322265625
0 0.21240234375 0.8896484375 0.0322265625 0.029296875
0 0.25244140625 0.90283203125 0.0361328125 0.0361328125
0 0.27197265625 0.9072265625 0.0341796875 0.03125
0 0.205078125 0.978515625 0.037109375 0.025390625
0 0.13671875 0.958984375 0.037109375 0.025390625
0 0.953125 0.8212890625 0.037109375 0.021484375
0 0.951171875 0.84521484375 0.03515625 0.0166015625
0 0.94921875 0.8681640625 0.033203125 0.017578125
0 0.94482421875 0.8876953125 0.0322265625 0.015625
0 0.90576171875 0.97412109375 0.0126953125 0.0302734375
12 0.2919921875 0.11767578125 0.169921875 0.2314453125
