4 0.9931640625 0.6494140625 0.013671875 0.052734375
5 0.95166015625 0.6240234375 0.0966796875 0.240234375
5 0.9384765625 0.1494140625 0.123046875 0.216796875
4 0.99365234375 0.20166015625 0.0126953125 0.0947265625
4 0.91650390625 0.20361328125 0.0263671875 0.0693359375
4 0.994140625 0.0849609375 0.01171875 0.0703125
4 0.9580078125 0.0888671875 0.029296875 0.0625
4 0.91650390625 0.08642578125 0.0244140625 0.0556640625
4 0.88134765625 0.1826171875 0.0205078125 0.052734375
4 0.84130859375 0.1630859375 0.0634765625 0.083984375
4 0.9169921875 0.546875 0.025390625 0.0703125
4 0.9560546875 0.5478515625 0.025390625 0.06640625
4 0.98828125 0.5546875 0.0234375 0.06640625
0 0.6259765625 0.78955078125 0.02734375 0.0244140625
0 0.05810546875 0.0419921875 0.0283203125 0.03515625
0 0.619140625 0.2470703125 0.029296875 0.029296875
0 0.77294921875 0.07373046875 0.0166015625 0.0341796875
