0 0.427734375 0.85791015625 0.02734375 0.0419921875
0 0.48974609375 0.97216796875 0.0224609375 0.0322265625
0 0.5361328125 0.85302734375 0.033203125 0.0166015625
0 0.5556640625 0.91748046875 0.033203125 0.0185546875
0 0.517578125 0.89013671875 0.021484375 0.0283203125
0 0.44677734375 0.15771484375 0.0322265625 0.0341796875
0 0.705078125 0.06884765625 0.025390625 0.0361328125
0 0.4072265625 0.236328125 0.037109375 0.025390625
0 0.423828125 0.19140625 0.0390625 0.02734375
0 0.4638671875 0.166015625 0.03515625 0.03515625
0 0.59619140625 0.89013671875 0.0302734375 0.0322265625
0 0.54345703125 0.22705078125 0.0361328125 0.0244140625
0 0.5 0.26953125 0.037109375 0.02734375
0 0.56298828125 0.43359375 0.0263671875 0.037109375
0 0.6865234375 0.361328125 0.0234375 0.03515625
0 0.5849609375 0.58056640625 0.0234375 0.0322265625
0 0.61572265625 0.58544921875 0.0244140625 0.0341796875
0 0.6015625 0.62548828125 0.025390625 0.0380859375
0 0.48681640625 0.67431640625 0.0263671875 0.0380859375
0 0.4921875 0.74560546875 0.02734375 0.0419921875
0 0.57177734375 0.72216796875 0.0244140625 0.0361328125
0 0.55859375 0.75830078125 0.0234375 0.0400390625
0 0.5166015625 0.783203125 0.0234375 0.037109375
0 0.6416015625 0.900390625 0.017578125 0.03125
0 0.23828125 0.046875 0.037109375 0.0234375
0 0.16015625 0.06689453125 0.033203125 0.0341796875
0 0.14208984375 0.06201171875 0.0341796875 0.0380859375
0 0.11962890625 0.0537109375 0.0361328125 0.033203125
0 0.06884765625 0.00390625 0.0126953125 0.005859375
1 0.73193359375 0.2158203125 0.0537109375 0.12109375
1 0.5439453125 0.490234375 0.025390625 0.0390625
0 0.19482421875 0.07763671875 0.0341796875 0.0322265625
0 0.21240234375 0.0849609375 0.0322265625 0.029296875
0 0.25244140625 0.09814453125 0.0361328125 0.0361328125
0 0.27197265625 0.1025390625 0.0341796875 0.03125
0 0.13037109375 0.93115234375 0.0302734375 0.0400390625
1 0.119140625 0.39453125 0.037109375 0.0234375
1 0.130859375 0.36474609375 0.037109375 0.0244140625
0 0.12646484375 0.3798828125 0.0302734375 0.021484375
0 0.10205078125 0.35302734375 0.0302734375 0.0205078125
0 0.15478515625 0.40673828125 0.0341796875 0.0224609375
0 0.158203125 0.3896484375 0.03125 0.01953125
0 0.16796875 0.37744140625 0.03125 0.0224609375
0 0.0888671875 0.33203125 0.03515625 0.025390625
0 0.205078125 0.173828125 0.037109375 0.025390625
0 0.13671875 0.154296875 0.037109375 0.025390625
0 0.953125 0.0166015625 0.037109375 0.021484375
0 0.951171875 0.04052734375 0.03515625 0.0166015625
0 0.94921875 0.0634765625 0.033203125 0.017578125
0 0.94482421875 0.0830078125 0.0322265625 0.015625
0 0.90576171875 0.16943359375 0.0126953125 0.0302734375
