4 0.8671875 0.5224609375 0.046875 0.03125
5 0.2744140625 0.78662109375 0.1640625 0.1064453125
5 0.24755859375 0.828125 0.1669921875 0.107421875
5 0.3193359375 0.693359375 0.021484375 0.033203125
4 0.3095703125 0.67236328125 0.041015625 0.0595703125
4 0.55419921875 0.564453125 0.0341796875 0.044921875
4 0.63232421875 0.75927734375 0.0576171875 0.0654296875
4 0.34521484375 0.6826171875 0.0439453125 0.068359375
0 0.10009765625 0.5625 0.0263671875 0.03515625
0 0.0615234375 0.0244140625 0.0234375 0.02734375
0 0.07275390625 0.0078125 0.0185546875 0.013671875
0 0.05078125 0.1533203125 0.03125 0.0390625
0 0.10302734375 0.1064453125 0.0283203125 0.03515625
4 0.4755859375 0.376953125 0.07421875 0.083984375
