0 0.96240234375 0.5673828125 0.0380859375 0.021484375
4 0.1962890625 0.81591796875 0.0390625 0.0380859375
4 0.26611328125 0.96044921875 0.0322265625 0.0478515625
4 0.1396484375 0.86376953125 0.044921875 0.0400390625
4 0.1455078125 0.896484375 0.03515625 0.0390625
4 0.16259765625 0.92138671875 0.0458984375 0.0380859375
4 0.18212890625 0.94140625 0.0322265625 0.037109375
5 0.5087890625 0.9580078125 0.044921875 0.025390625
5 0.32373046875 0.876953125 0.0673828125 0.037109375
5 0.2021484375 0.77197265625 0.115234375 0.1376953125
4 0.208984375 0.83544921875 0.041015625 0.0439453125
4 0.1240234375 0.8388671875 0.0390625 0.03515625
0 0.77587890625 0.1435546875 0.0224609375 0.037109375
4 0.1171875 0.8134765625 0.041015625 0.037109375
4 0.505859375 0.98779296875 0.02734375 0.0244140625
4 0.4697265625 0.98388671875 0.03515625 0.0322265625
4 0.443359375 0.97412109375 0.037109375 0.0478515625
4 0.4169921875 0.96240234375 0.03125 0.0380859375
4 0.39453125 0.97314453125 0.021484375 0.0361328125
4 0.3701171875 0.97119140625 0.025390625 0.0439453125
4 0.3232421875 0.91845703125 0.029296875 0.0419921875
4 0.30712890625 0.9072265625 0.0302734375 0.04296875
4 0.2880859375 0.90087890625 0.029296875 0.0419921875
4 0.5634765625 0.69677734375 0.0234375 0.0400390625
4 0.427734375 0.68701171875 0.03515625 0.0380859375
4 0.38427734375 0.6611328125 0.0458984375 0.04296875
4 0.3701171875 0.60546875 0.03125 0.041015625
4 0.19970703125 0.42431640625 0.0263671875 0.0400390625
4 0.220703125 0.392578125 0.021484375 0.0390625
4 0.21533203125 0.52734375 0.0361328125 0.04296875
4 0.13525390625 0.74169921875 0.0380859375 0.0361328125
4 0.1513671875 0.7626953125 0.0390625 0.037109375
4 0.16650390625 0.77685546875 0.0380859375 0.0341796875
4 0.1796875 0.79541015625 0.0390625 0.0380859375
