4 0.4111328125 0.09228515625 0.02734375 0.0966796875
4 0.3291015625 0.01416015625 0.02734375 0.0263671875
4 0.36181640625 0.0146484375 0.0283203125 0.02734375
4 0.404296875 0.0185546875 0.02734375 0.03515625
4 0.45849609375 0.6025390625 0.0537109375 0.158203125
4 0.283203125 0.56884765625 0.037109375 0.1142578125
4 0.2373046875 0.56787109375 0.033203125 0.0927734375
4 0.48681640625 0.455078125 0.0302734375 0.0859375
4 0.40185546875 0.44091796875 0.0263671875 0.0712890625
4 0.32275390625 0.443359375 0.0302734375 0.080078125
4 0.27734375 0.44384765625 0.0234375 0.0654296875
4 0.236328125 0.4453125 0.0390625 0.080078125
4 0.15478515625 0.56640625 0.0283203125 0.08984375
4 0.1123046875 0.55908203125 0.03125 0.0849609375
4 0.06884765625 0.5732421875 0.0400390625 0.109375
4 0.0244140625 0.57177734375 0.033203125 0.0849609375
4 0.1943359375 0.44140625 0.033203125 0.087890625
4 0.14501953125 0.4501953125 0.0283203125 0.056640625
4 0.11279296875 0.4501953125 0.0283203125 0.0625
4 0.06640625 0.44140625 0.029296875 0.076171875
4 0.02294921875 0.44482421875 0.0302734375 0.0791015625
4 0.28662109375 0.00927734375 0.0224609375 0.0166015625
4 0.36767578125 0.10595703125 0.0302734375 0.1181640625
4 0.32666015625 0.10302734375 0.0361328125 0.0966796875
4 0.0302734375 0.0107421875 0.01953125 0.01953125
4 0.0712890625 0.0146484375 0.02734375 0.02734375
4 0.11572265625 0.0107421875 0.0263671875 0.01953125
4 0.1572265625 0.01171875 0.025390625 0.021484375
4 0.2021484375 0.009765625 0.021484375 0.017578125
4 0.0283203125 0.0849609375 0.03125 0.083984375
4 0.07275390625 0.0927734375 0.0302734375 0.06640625
4 0.115234375 0.0986328125 0.021484375 0.0703125
4 0.15771484375 0.099609375 0.0341796875 0.09375
4 0.203125 0.1015625 0.033203125 0.09765625
4 0.2421875 0.01171875 0.025390625 0.021484375
4 0.24853515625 0.10302734375 0.0361328125 0.1181640625
4 0.28955078125 0.099609375 0.0341796875 0.083984375
4 0.0048828125 0.89697265625 0.0078125 0.0908203125
4 0.08251953125 0.90771484375 0.0302734375 0.0791015625
4 0.00927734375 0.9921875 0.0166015625 0.015625
4 0.03759765625 0.99609375 0.0361328125 0.0078125
4 0.0888671875 0.9921875 0.0390625 0.015625
5 0.08349609375 0.93505859375 0.1650390625 0.1298828125
5 0.2587890625 0.50634765625 0.515625 0.2041015625
5 0.21435546875 0.07568359375 0.4267578125 0.1494140625
