1 0.26171875 0.00830078125 0.046875 0.0146484375
1 0.50146484375 0.10791015625 0.0869140625 0.0615234375
1 0.63916015625 0.25830078125 0.0419921875 0.0341796875
1 0.55810546875 0.30126953125 0.0322265625 0.0283203125
1 0.5244140625 0.3212890625 0.03515625 0.029296875
0 0.00927734375 0.455078125 0.0166015625 0.037109375
0 0.0302734375 0.4453125 0.029296875 0.04296875
0 0.21240234375 0.171875 0.0419921875 0.03515625
0 0.2099609375 0.15087890625 0.037109375 0.0283203125
0 0.23486328125 0.09814453125 0.0341796875 0.0302734375
0 0.197265625 0.1337890625 0.04296875 0.03515625
0 0.50634765625 0.18408203125 0.0185546875 0.0380859375
0 0.6611328125 0.10107421875 0.017578125 0.0400390625
0 0.70703125 0.07861328125 0.01953125 0.0380859375
0 0.728515625 0.0703125 0.01953125 0.0390625
0 0.75 0.05810546875 0.015625 0.0400390625
0 0.77392578125 0.041015625 0.0166015625 0.041015625
0 0.81884765625 0.154296875 0.0439453125 0.03515625
0 0.5439453125 0.89599609375 0.0390625 0.0322265625
0 0.34765625 0.46240234375 0.02734375 0.0380859375
0 0.3642578125 0.498046875 0.02734375 0.037109375
0 0.3310546875 0.4765625 0.029296875 0.0390625
0 0.09912109375 0.40576171875 0.0166015625 0.0322265625
0 0.13134765625 0.443359375 0.0380859375 0.03125
0 0.06494140625 0.4267578125 0.0283203125 0.041015625
0 0.11474609375 0.509765625 0.0380859375 0.03125
0 0.6845703125 0.0908203125 0.01953125 0.0390625
0 0.63916015625 0.115234375 0.0205078125 0.041015625
0 0.52880859375 0.171875 0.0185546875 0.0390625
0 0.6171875 0.12744140625 0.021484375 0.0419921875
0 0.2763671875 0.0283203125 0.03515625 0.015625
0 0.55224609375 0.15869140625 0.0185546875 0.0400390625
0 0.57275390625 0.146484375 0.0185546875 0.037109375
0 0.59375 0.13818359375 0.017578125 0.0322265625
0 0.18115234375 0.01806640625 0.0341796875 0.0341796875
0 0.16064453125 0.01025390625 0.0244140625 0.0185546875
0 0.11376953125 0.01171875 0.0263671875 0.021484375
0 0.12841796875 0.021484375 0.0361328125 0.041015625
0 0.021484375 0.00927734375 0.037109375 0.0166015625
0 0.08837890625 0.123046875 0.0322265625 0.015625
0 0.07568359375 0.1025390625 0.0380859375 0.017578125
0 0.06201171875 0.08349609375 0.0341796875 0.0166015625
0 0.05126953125 0.064453125 0.0341796875 0.015625
0 0.044921875 0.0458984375 0.03515625 0.015625
0 0.0361328125 0.0283203125 0.0390625 0.015625
