0 0.73291015625 0.7587890625 0.0380859375 0.02734375
0 0.8154296875 0.7880859375 0.033203125 0.025390625
0 0.68701171875 0.5986328125 0.0302734375 0.03125
0 0.71630859375 0.560546875 0.0263671875 0.029296875
0 0.96923828125 0.5625 0.0263671875 0.03515625
0 0.736328125 0.53173828125 0.03125 0.0380859375
0 0.78564453125 0.45458984375 0.0244140625 0.0302734375
0 0.7578125 0.4453125 0.025390625 0.033203125
0 0.82568359375 0.376953125 0.0263671875 0.03515625
0 0.865234375 0.30126953125 0.025390625 0.0341796875
0 0.9306640625 0.0244140625 0.0234375 0.02734375
0 0.94189453125 0.0078125 0.0185546875 0.013671875
0 0.86865234375 0.13916015625 0.0244140625 0.0302734375
0 0.919921875 0.1533203125 0.03125 0.0390625
0 0.97216796875 0.1064453125 0.0283203125 0.03515625
0 0.4384765625 0.84619140625 0.03125 0.0322265625
0 0.30126953125 0.91748046875 0.0322265625 0.0322265625
0 0.4140625 0.7958984375 0.029296875 0.029296875
