2 0.98193359375 0.96533203125 0.0361328125 0.0693359375
2 0.87939453125 0.58251953125 0.0732421875 0.0576171875
2 0.80126953125 0.57568359375 0.0771484375 0.0595703125
2 0.71923828125 0.57373046875 0.0712890625 0.0576171875
2 0.57080078125 0.1611328125 0.0908203125 0.078125
0 0.1484375 0.0166015625 0.037109375 0.021484375
0 0.146484375 0.04052734375 0.03515625 0.0166015625
0 0.14453125 0.0634765625 0.033203125 0.017578125
0 0.14013671875 0.0830078125 0.0322265625 0.015625
0 0.669921875 0.990234375 0.03125 0.015625
0 0.6708984375 0.94921875 0.03515625 0.017578125
0 0.59912109375 0.86962890625 0.0341796875 0.0283203125
0 0.59716796875 0.84619140625 0.0361328125 0.0322265625
0 0.6025390625 0.82421875 0.033203125 0.02734375
0 0.82763671875 0.6630859375 0.0283203125 0.015625
0 0.60400390625 0.80419921875 0.0341796875 0.0302734375
0 0.21728515625 0.24755859375 0.0126953125 0.0244140625
0 0.10107421875 0.16943359375 0.0126953125 0.0302734375
0 0.23095703125 0.11181640625 0.0361328125 0.0205078125
0 0.23583984375 0.08837890625 0.0322265625 0.0166015625
0 0.2490234375 0.04931640625 0.03125 0.0185546875
0 0.2509765625 0.03076171875 0.033203125 0.0224609375
