4 0.826171875 0.0576171875 0.021484375 0.072265625
4 0.9248046875 0.9560546875 0.08203125 0.087890625
5 0.43408203125 0.02685546875 0.0224609375 0.0146484375
5 0.408203125 0.08544921875 0.0234375 0.0146484375
5 0.388671875 0.1337890625 0.0234375 0.015625
5 0.35791015625 0.201171875 0.0263671875 0.017578125
5 0.3330078125 0.24072265625 0.02734375 0.0205078125
5 0.29931640625 0.3046875 0.0205078125 0.013671875
5 0.26953125 0.36328125 0.02734375 0.021484375
5 0.27783203125 0.353515625 0.0166015625 0.01171875
5 0.2412109375 0.404296875 0.02734375 0.01953125
5 0.22802734375 0.42529296875 0.0283203125 0.0224609375
5 0.19921875 0.4658203125 0.025390625 0.01953125
5 0.15673828125 0.52490234375 0.0244140625 0.0185546875
5 0.181640625 0.48583984375 0.0234375 0.0166015625
4 0.5576171875 0.673828125 0.037109375 0.078125
4 0.400390625 0.29150390625 0.04296875 0.0595703125
4 0.03857421875 0.78173828125 0.0478515625 0.0517578125
4 0.0087890625 0.7958984375 0.015625 0.01953125
4 0.00537109375 0.8046875 0.0087890625 0.015625
4 0.0908203125 0.712890625 0.0859375 0.099609375
4 0.11767578125 0.720703125 0.0400390625 0.05078125
4 0.45556640625 0.08447265625 0.0498046875 0.0712890625
4 0.47412109375 0.08349609375 0.0458984375 0.0732421875
4 0.486328125 0.09912109375 0.05078125 0.0791015625
4 0.38623046875 0.2822265625 0.0419921875 0.05859375
4 0.52734375 0.69873046875 0.052734375 0.0869140625
4 0.35400390625 0.35791015625 0.0439453125 0.0654296875
4 0.337890625 0.35400390625 0.029296875 0.0458984375
4 0.3232421875 0.4287109375 0.037109375 0.044921875
4 0.30517578125 0.42333984375 0.0498046875 0.0634765625
4 0.28662109375 0.40966796875 0.0517578125 0.0634765625
4 0.2685546875 0.47216796875 0.0234375 0.0302734375
4 0.26123046875 0.4658203125 0.0244140625 0.029296875
4 0.251953125 0.50244140625 0.02734375 0.0322265625
4 0.130859375 0.6064453125 0.07421875 0.087890625
4 0.3173828125 0.95458984375 0.0546875 0.0712890625
4 0.32958984375 0.96435546875 0.0556640625 0.0712890625
4 0.34521484375 0.966796875 0.0537109375 0.06640625
4 0.35986328125 0.970703125 0.0498046875 0.05859375
4 0.5185546875 0.6796875 0.046875 0.076171875
