4 0.10595703125 0.56884765625 0.0283203125 0.1025390625
4 0.17138671875 0.94677734375 0.0166015625 0.0458984375
4 0.16015625 0.947265625 0.015625 0.04296875
4 0.80517578125 0.47900390625 0.0556640625 0.1103515625
4 0.60400390625 0.7294921875 0.0205078125 0.029296875
4 0.20947265625 0.7861328125 0.0185546875 0.056640625
4 0.5048828125 0.91259765625 0.041015625 0.0849609375
4 0.4892578125 0.92236328125 0.03515625 0.0771484375
4 0.37841796875 0.37451171875 0.0556640625 0.1357421875
4 0.400390625 0.369140625 0.041015625 0.111328125
4 0.41943359375 0.369140625 0.0380859375 0.107421875
4 0.4384765625 0.36083984375 0.04296875 0.1279296875
4 0.4609375 0.36474609375 0.033203125 0.1025390625
4 0.48095703125 0.36328125 0.0361328125 0.111328125
4 0.50244140625 0.361328125 0.0341796875 0.099609375
4 0.419921875 0.53076171875 0.04296875 0.1142578125
4 0.4423828125 0.5263671875 0.03515625 0.09375
4 0.44482421875 0.68115234375 0.0361328125 0.1005859375
4 0.4677734375 0.6806640625 0.046875 0.13671875
4 0.490234375 0.67236328125 0.03515625 0.1005859375
4 0.51123046875 0.6689453125 0.0341796875 0.09375
4 0.52978515625 0.6650390625 0.0341796875 0.09375
4 0.546875 0.65380859375 0.037109375 0.1044921875
4 0.56396484375 0.64599609375 0.0302734375 0.0869140625
