4 0.00732421875 0.57080078125 0.0126953125 0.0263671875
4 0.01416015625 0.59228515625 0.0263671875 0.0419921875
4 0.0732421875 0.52099609375 0.095703125 0.1005859375
4 0.05908203125 0.50341796875 0.0947265625 0.0966796875
5 0.04736328125 0.61474609375 0.0322265625 0.0302734375
5 0.07568359375 0.58837890625 0.0302734375 0.0302734375
6 0.47509765625 0.791015625 0.2294921875 0.232421875
3 0.625 0.42041015625 0.068359375 0.0654296875
3 0.7177734375 0.3310546875 0.068359375 0.068359375
3 0.6591796875 0.275390625 0.041015625 0.044921875
3 0.60107421875 0.34375 0.0419921875 0.041015625
3 0.55322265625 0.39794921875 0.0400390625 0.0439453125
3 0.5556640625 0.49365234375 0.03515625 0.0400390625
3 0.51611328125 0.45068359375 0.0419921875 0.0419921875
3 0.51171875 0.5380859375 0.03515625 0.0390625
3 0.47119140625 0.49560546875 0.0419921875 0.0458984375
3 0.27783203125 0.9609375 0.0517578125 0.052734375
