4 0.0146484375 0.4912109375 0.02734375 0.0859375
4 0.47216796875 0.1796875 0.0517578125 0.205078125
4 0.49853515625 0.18505859375 0.0458984375 0.1748046875
4 0.51953125 0.38427734375 0.056640625 0.1396484375
4 0.49365234375 0.38623046875 0.0361328125 0.1005859375
4 0.5234375 0.5732421875 0.04296875 0.091796875
4 0.5478515625 0.55908203125 0.06640625 0.1162109375
4 0.572265625 0.71240234375 0.06640625 0.1259765625
4 0.59619140625 0.70556640625 0.0654296875 0.1318359375
4 0.669921875 0.9453125 0.0390625 0.080078125
4 0.63330078125 0.8046875 0.0361328125 0.076171875
4 0.64453125 0.94873046875 0.044921875 0.0732421875
3 0.68994140625 0.71875 0.0146484375 0.015625
3 0.6943359375 0.734375 0.015625 0.013671875
3 0.69921875 0.75 0.017578125 0.015625
3 0.70361328125 0.765625 0.0146484375 0.013671875
3 0.7080078125 0.7802734375 0.015625 0.015625
3 0.71142578125 0.79638671875 0.0166015625 0.0146484375
3 0.71484375 0.712890625 0.01953125 0.01953125
3 0.7197265625 0.73193359375 0.01953125 0.0185546875
3 0.72607421875 0.75146484375 0.0185546875 0.0205078125
3 0.7314453125 0.7705078125 0.01953125 0.017578125
3 0.73486328125 0.7880859375 0.0185546875 0.015625
3 0.7353515625 0.6943359375 0.02734375 0.02734375
3 0.74560546875 0.72021484375 0.0263671875 0.0244140625
3 0.75244140625 0.74609375 0.0244140625 0.025390625
3 0.759765625 0.7734375 0.025390625 0.025390625
3 0.818359375 0.7255859375 0.01171875 0.013671875
3 0.67919921875 0.6552734375 0.0322265625 0.03125
3 0.71630859375 0.64453125 0.0302734375 0.029296875
3 0.66357421875 0.6259765625 0.0244140625 0.021484375
3 0.689453125 0.61962890625 0.021484375 0.0224609375
3 0.71484375 0.61279296875 0.0234375 0.0244140625
