3 0.978515625 0.07470703125 0.029296875 0.0263671875
3 0.96875 0.0234375 0.03125 0.029296875
3 0.98828125 0.119140625 0.01953125 0.01953125
3 0.9921875 0.1455078125 0.015625 0.01953125
3 0.99951171875 0.38623046875 0.0009765625 0.0283203125
3 0.88818359375 0.57470703125 0.0556640625 0.0556640625
3 0.87548828125 0.5 0.0576171875 0.0546875
3 0.865234375 0.4228515625 0.0546875 0.056640625
3 0.994140625 0.17236328125 0.01171875 0.0185546875
3 0.5986328125 0.515625 0.0390625 0.041015625
3 0.6083984375 0.56884765625 0.0390625 0.0400390625
3 0.10009765625 0.29248046875 0.0146484375 0.0166015625
3 0.080078125 0.29541015625 0.015625 0.0166015625
3 0.0341796875 0.296875 0.02734375 0.02734375
3 0.1923828125 0.29541015625 0.009765625 0.0107421875
3 0.189453125 0.28271484375 0.009765625 0.0107421875
3 0.20361328125 0.3310546875 0.0146484375 0.015625
3 0.3212890625 0.30322265625 0.013671875 0.0166015625
3 0.0966796875 0.271484375 0.015625 0.015625
3 0.0810546875 0.232421875 0.029296875 0.02734375
3 0.28515625 0.0234375 0.021484375 0.0234375
3 0.27880859375 0.0029296875 0.0205078125 0.00390625
3 0.58984375 0.45703125 0.041015625 0.0390625
3 0.65966796875 0.44580078125 0.0400390625 0.0400390625
3 0.669921875 0.50390625 0.0390625 0.041015625
3 0.677734375 0.55908203125 0.041015625 0.0400390625
3 0.77783203125 0.0498046875 0.0205078125 0.021484375
3 0.76513671875 0.0048828125 0.0205078125 0.0078125
3 0.72021484375 0.0087890625 0.0224609375 0.015625
3 0.73193359375 0.05810546875 0.0185546875 0.0205078125
3 0.8046875 0.14453125 0.021484375 0.0234375
3 0.75634765625 0.15087890625 0.0302734375 0.0302734375
3 0.8134765625 0.19384765625 0.021484375 0.0224609375
3 0.765625 0.20166015625 0.03125 0.0322265625
3 0.64599609375 0.20068359375 0.0556640625 0.0556640625
3 0.63232421875 0.126953125 0.0556640625 0.056640625
3 0.61962890625 0.0517578125 0.0556640625 0.056640625
3 0.609375 0.00244140625 0.0546875 0.0029296875
3 0.52099609375 0.01025390625 0.0556640625 0.0185546875
3 0.5322265625 0.06591796875 0.056640625 0.0537109375
3 0.544921875 0.1396484375 0.05859375 0.056640625
3 0.556640625 0.21435546875 0.0546875 0.0576171875
3 0.77490234375 0.43701171875 0.0556640625 0.0576171875
3 0.78662109375 0.5126953125 0.0576171875 0.056640625
3 0.79833984375 0.58642578125 0.0576171875 0.0595703125
3 0.6865234375 0.61328125 0.0390625 0.041015625
