13 0.5986328125 0.79833984375 0.150390625 0.2197265625
7 0.46728515625 0.3251953125 0.0888671875 0.09765625
4 0.71484375 0.78271484375 0.05078125 0.0185546875
4 0.70068359375 0.7666015625 0.0400390625 0.01953125
4 0.69287109375 0.751953125 0.0400390625 0.017578125
4 0.68359375 0.740234375 0.03125 0.01171875
6 0.4677734375 0.32861328125 0.138671875 0.1728515625
4 0.20263671875 0.75927734375 0.1201171875 0.0947265625
4 0.23583984375 0.76123046875 0.0498046875 0.0419921875
5 0.1650390625 0.98876953125 0.037109375 0.0126953125
