5 0.6240234375 0.62353515625 0.033203125 0.0302734375
4 0.66259765625 0.51220703125 0.0400390625 0.0439453125
3 0.7177734375 0.96630859375 0.068359375 0.0673828125
3 0.6591796875 0.9111328125 0.041015625 0.044921875
4 0.78125 0.4013671875 0.052734375 0.044921875
4 0.7431640625 0.4111328125 0.041015625 0.044921875
4 0.7001953125 0.4609375 0.048828125 0.0546875
3 0.60107421875 0.9794921875 0.0419921875 0.041015625
4 0.97900390625 0.009765625 0.0419921875 0.017578125
4 0.89208984375 0.21826171875 0.1474609375 0.2216796875
5 0.67578125 0.5615234375 0.03125 0.029296875
4 0.0048828125 0.00439453125 0.0078125 0.0068359375
4 0.3173828125 0.14990234375 0.0546875 0.0712890625
4 0.32958984375 0.16015625 0.0556640625 0.072265625
4 0.3447265625 0.166015625 0.0546875 0.07421875
4 0.35888671875 0.17236328125 0.0517578125 0.0712890625
