5 0.7939453125 0.22314453125 0.09375 0.2470703125
4 0.7333984375 0.07177734375 0.017578125 0.0302734375
4 0.82958984375 0.1083984375 0.0419921875 0.091796875
4 0.93017578125 0.548828125 0.0263671875 0.09375
4 0.9736328125 0.95361328125 0.041015625 0.0927734375
4 0.89794921875 0.79931640625 0.0263671875 0.0810546875
4 0.89501953125 0.62939453125 0.0283203125 0.0732421875
4 0.90625 0.548828125 0.029296875 0.09375
4 0.958984375 0.55908203125 0.041015625 0.0947265625
4 0.80224609375 0.08740234375 0.0673828125 0.1552734375
4 0.890625 0.55419921875 0.015625 0.0498046875
4 0.87744140625 0.564453125 0.0244140625 0.076171875
4 0.8603515625 0.46044921875 0.02734375 0.0537109375
4 0.84814453125 0.4736328125 0.0283203125 0.076171875
4 0.8349609375 0.4833984375 0.029296875 0.109375
4 0.82958984375 0.27294921875 0.0615234375 0.1318359375
4 0.85302734375 0.28466796875 0.0439453125 0.0966796875
4 0.77880859375 0.10107421875 0.0830078125 0.2001953125
