3 0.23681640625 0.75 0.0263671875 0.02734375
3 0.173828125 0.76123046875 0.029296875 0.0263671875
3 0.228515625 0.69970703125 0.029296875 0.0283203125
3 0.1640625 0.7099609375 0.03125 0.029296875
3 0.18359375 0.8056640625 0.01953125 0.01953125
3 0.24853515625 0.79541015625 0.0205078125 0.0205078125
3 0.18896484375 0.83203125 0.0185546875 0.01953125
3 0.251953125 0.822265625 0.01953125 0.01953125
3 0.5185546875 0.7978515625 0.05859375 0.05859375
3 0.50439453125 0.71044921875 0.0576171875 0.0576171875
3 0.42578125 0.81201171875 0.05859375 0.0576171875
3 0.41015625 0.7236328125 0.05859375 0.056640625
3 0.4013671875 0.658203125 0.0234375 0.0234375
3 0.15087890625 0.57470703125 0.0322265625 0.0302734375
3 0.11083984375 0.58056640625 0.0263671875 0.0263671875
3 0.25634765625 0.84912109375 0.0205078125 0.0185546875
3 0.19287109375 0.85888671875 0.0185546875 0.0185546875
3 0.072265625 0.00439453125 0.041015625 0.0068359375
3 0.0107421875 0.01025390625 0.01953125 0.0185546875
3 0.005859375 0.8310546875 0.009765625 0.0234375
3 0.01025390625 0.88037109375 0.0185546875 0.0224609375
3 0.916015625 0.0068359375 0.05078125 0.01171875
3 0.81494140625 0.00390625 0.0341796875 0.005859375
3 0.822265625 0.04150390625 0.03125 0.0302734375
3 0.7138671875 0.7763671875 0.044921875 0.044921875
3 0.505859375 0.64453125 0.025390625 0.0234375
3 0.642578125 0.498046875 0.072265625 0.0703125
3 0.6337890625 0.78955078125 0.04296875 0.0439453125
3 0.703125 0.697265625 0.04296875 0.044921875
3 0.62109375 0.71044921875 0.04296875 0.0458984375
3 0.69140625 0.626953125 0.046875 0.044921875
3 0.611328125 0.6396484375 0.04296875 0.044921875
3 0.74755859375 0.984375 0.0361328125 0.03125
3 0.6669921875 0.9912109375 0.037109375 0.017578125
