4 0.1318359375 0.25341796875 0.072265625 0.1005859375
4 0.11376953125 0.2607421875 0.0615234375 0.0859375
4 0.09765625 0.27001953125 0.06640625 0.0908203125
4 0.0849609375 0.2822265625 0.072265625 0.09375
4 0.1396484375 0.32470703125 0.029296875 0.0322265625
4 0.02490234375 0.9130859375 0.0419921875 0.091796875
4 0.01611328125 0.9130859375 0.0302734375 0.11328125
4 0.00830078125 0.97216796875 0.0146484375 0.0556640625
4 0.22265625 0.68359375 0.076171875 0.11328125
4 0.23779296875 0.66748046875 0.0576171875 0.0830078125
4 0.25146484375 0.654296875 0.0654296875 0.09765625
4 0.26416015625 0.6396484375 0.0576171875 0.0859375
4 0.28759765625 0.6416015625 0.0791015625 0.119140625
4 0.30615234375 0.6279296875 0.0927734375 0.1328125
4 0.314453125 0.5986328125 0.0546875 0.078125
4 0.26611328125 0.72509765625 0.0263671875 0.0361328125
4 0.708984375 0.3916015625 0.298828125 0.54296875
4 0.98046875 0.7353515625 0.0390625 0.046875
5 0.982421875 0.98876953125 0.03515625 0.0126953125
