3 0.7490234375 0.01708984375 0.029296875 0.0302734375
3 0.7763671875 0.0107421875 0.02734375 0.01953125
3 0.8037109375 0.00390625 0.029296875 0.005859375
3 0.84912109375 0.01416015625 0.0263671875 0.0263671875
3 0.90771484375 0.0087890625 0.0380859375 0.015625
3 0.9150390625 0.03759765625 0.03515625 0.0361328125
4 0.96142578125 0.630859375 0.0771484375 0.037109375
3 0.80224609375 0.50048828125 0.0244140625 0.0244140625
3 0.830078125 0.490234375 0.025390625 0.02734375
3 0.81787109375 0.46240234375 0.0263671875 0.0263671875
3 0.2294921875 0.81494140625 0.025390625 0.0283203125
4 0.4072265625 0.04150390625 0.080078125 0.0810546875
4 0.09130859375 0.9716796875 0.1416015625 0.056640625
3 0.359375 0.2421875 0.03125 0.03125
3 0.3935546875 0.2275390625 0.03125 0.033203125
3 0.3818359375 0.72607421875 0.03515625 0.0341796875
3 0.416015625 0.70751953125 0.03515625 0.0361328125
3 0.4501953125 0.68896484375 0.03515625 0.0361328125
3 0.484375 0.6689453125 0.03515625 0.033203125
3 0.203125 0.830078125 0.02734375 0.025390625
3 0.158203125 0.845703125 0.021484375 0.021484375
3 0.79150390625 0.47412109375 0.0263671875 0.0263671875
3 0.13623046875 0.85400390625 0.0205078125 0.0205078125
3 0.150390625 0.876953125 0.025390625 0.0234375
3 0.09814453125 0.86767578125 0.0283203125 0.0283203125
3 0.1142578125 0.8955078125 0.02734375 0.02734375
3 0.07080078125 0.88525390625 0.0263671875 0.0302734375
3 0.0361328125 0.90966796875 0.02734375 0.0283203125
3 0.0556640625 0.9345703125 0.029296875 0.02734375
3 0.0126953125 0.9267578125 0.0234375 0.02734375
3 0.02783203125 0.95166015625 0.0302734375 0.0283203125
3 0.98779296875 0.01220703125 0.0244140625 0.0224609375
