3 0.13427734375 0.365234375 0.0146484375 0.015625
3 0.15673828125 0.4248046875 0.0166015625 0.015625
3 0.9892578125 0.63916015625 0.021484375 0.0400390625
3 0.99853515625 0.68701171875 0.0029296875 0.0380859375
3 0.998046875 0.52392578125 0.00390625 0.0380859375
3 0.55810546875 0.68701171875 0.0380859375 0.0380859375
3 0.46044921875 0.72314453125 0.0361328125 0.0361328125
3 0.48291015625 0.77734375 0.0361328125 0.0390625
3 0.50927734375 0.7060546875 0.0400390625 0.0390625
3 0.53125 0.759765625 0.037109375 0.037109375
3 0.5791015625 0.74169921875 0.0390625 0.0361328125
3 0.53125 0.88037109375 0.052734375 0.0517578125
3 0.45849609375 0.22021484375 0.0283203125 0.0302734375
3 0.44384765625 0.18408203125 0.0283203125 0.0302734375
3 0.47412109375 0.2568359375 0.0322265625 0.03125
3 0.48876953125 0.29052734375 0.0263671875 0.0263671875
3 0.4853515625 0.1689453125 0.029296875 0.029296875
3 0.49951171875 0.20458984375 0.0302734375 0.0283203125
3 0.51416015625 0.2412109375 0.0302734375 0.029296875
3 0.52978515625 0.275390625 0.0263671875 0.025390625
3 0.5234375 0.15771484375 0.03515625 0.0361328125
3 0.54052734375 0.20166015625 0.0361328125 0.0380859375
3 0.55810546875 0.24267578125 0.0361328125 0.0361328125
3 0.59814453125 0.8544921875 0.0517578125 0.05078125
3 0.62451171875 0.9248046875 0.0498046875 0.05078125
3 0.69140625 0.8984375 0.05078125 0.05078125
3 0.6640625 0.8291015625 0.052734375 0.052734375
3 0.60546875 0.669921875 0.0390625 0.037109375
3 0.62646484375 0.72314453125 0.0380859375 0.0361328125
3 0.830078125 0.8310546875 0.078125 0.076171875
3 0.92919921875 0.79296875 0.0771484375 0.07421875
3 0.79296875 0.73583984375 0.078125 0.0771484375
3 0.8916015625 0.69775390625 0.076171875 0.0751953125
3 0.755859375 0.63818359375 0.07421875 0.0751953125
3 0.85498046875 0.60205078125 0.0771484375 0.0751953125
3 0.96044921875 0.54345703125 0.0380859375 0.0380859375
3 0.97900390625 0.5908203125 0.0400390625 0.037109375
