3 0.6962890625 0.27587890625 0.01171875 0.0126953125
3 0.001953125 0.57861328125 0.001953125 0.0185546875
3 0.00830078125 0.55712890625 0.0146484375 0.0185546875
3 0.01953125 0.53369140625 0.017578125 0.0185546875
3 0.00927734375 0.18994140625 0.0166015625 0.0322265625
3 0.041015625 0.3876953125 0.029296875 0.029296875
3 0.19384765625 0.0888671875 0.0283203125 0.03125
3 0.2177734375 0.14697265625 0.029296875 0.0283203125
3 0.1748046875 0.1259765625 0.029296875 0.029296875
3 0.1240234375 0.3271484375 0.029296875 0.029296875
3 0.08154296875 0.30615234375 0.0302734375 0.0322265625
3 0.10205078125 0.3681640625 0.0302734375 0.029296875
3 0.0615234375 0.34716796875 0.029296875 0.0302734375
3 0.08154296875 0.4091796875 0.0302734375 0.03125
3 0.06005859375 0.44873046875 0.0283203125 0.0283203125
3 0.01806640625 0.4296875 0.0283203125 0.02734375
3 0.23486328125 0.10986328125 0.0283203125 0.0302734375
3 0.21484375 0.0478515625 0.029296875 0.02734375
3 0.25634765625 0.06884765625 0.0302734375 0.0302734375
3 0.23681640625 0.01123046875 0.0283203125 0.0205078125
3 0.416015625 0.00146484375 0.033203125 0.0009765625
3 0.39990234375 0.03076171875 0.0322265625 0.0302734375
3 0.3095703125 0.18505859375 0.033203125 0.0341796875
3 0.33642578125 0.23974609375 0.0322265625 0.0341796875
3 0.2939453125 0.22509765625 0.03515625 0.0322265625
3 0.27734375 0.0263671875 0.029296875 0.029296875
3 0.10107421875 0.01171875 0.0283203125 0.021484375
3 0.06640625 0.0029296875 0.029296875 0.00390625
3 0.05908203125 0.0830078125 0.0302734375 0.03125
3 0.04150390625 0.119140625 0.0283203125 0.029296875
3 0.02099609375 0.06298828125 0.0322265625 0.0341796875
3 0.00830078125 0.09814453125 0.0146484375 0.0302734375
