3 0.73779296875 0.3740234375 0.0986328125 0.1015625
3 0.0224609375 0.99267578125 0.04296875 0.0146484375
3 0.0224609375 0.93994140625 0.04296875 0.0556640625
3 0.0224609375 0.861328125 0.04296875 0.05859375
3 0.0234375 0.77392578125 0.044921875 0.0673828125
3 0.0224609375 0.6845703125 0.04296875 0.06640625
3 0.599609375 0.36767578125 0.064453125 0.0654296875
3 0.6005859375 0.45751953125 0.064453125 0.0654296875
3 0.73828125 0.5078125 0.099609375 0.107421875
3 0.80810546875 0.6201171875 0.0302734375 0.03515625
3 0.79833984375 0.69140625 0.0205078125 0.01953125
3 0.7978515625 0.66796875 0.021484375 0.0234375
3 0.70263671875 0.68603515625 0.0341796875 0.0361328125
3 0.65283203125 0.68603515625 0.0361328125 0.0361328125
3 0.68212890625 0.6435546875 0.0205078125 0.01953125
3 0.64794921875 0.63623046875 0.0283203125 0.0283203125
3 0.603515625 0.68603515625 0.037109375 0.0361328125
3 0.6015625 0.6376953125 0.037109375 0.037109375
3 0.603515625 0.94775390625 0.09765625 0.0966796875
3 0.513671875 0.4609375 0.064453125 0.06640625
3 0.5107421875 0.37060546875 0.06640625 0.0654296875
3 0.42578125 0.46533203125 0.064453125 0.0654296875
3 0.42333984375 0.37646484375 0.0654296875 0.0673828125
3 0.33642578125 0.37841796875 0.0634765625 0.0654296875
3 0.337890625 0.4677734375 0.064453125 0.064453125
3 0.5537109375 0.6865234375 0.037109375 0.037109375
3 0.5537109375 0.6376953125 0.0390625 0.037109375
3 0.49560546875 0.68359375 0.0478515625 0.046875
3 0.4951171875 0.61962890625 0.046875 0.0498046875
3 0.41357421875 0.6064453125 0.0693359375 0.068359375
3 0.3193359375 0.60791015625 0.068359375 0.0673828125
3 0.42431640625 0.94482421875 0.1025390625 0.0966796875
3 0.02197265625 0.5966796875 0.0419921875 0.06640625
