3 0.7177734375 0.70751953125 0.029296875 0.0283203125
3 0.826171875 0.6015625 0.01953125 0.017578125
3 0.81396484375 0.6240234375 0.0185546875 0.01953125
3 0.77880859375 0.5966796875 0.0341796875 0.03515625
3 0.755859375 0.63427734375 0.029296875 0.0302734375
3 0.79541015625 0.6552734375 0.0283203125 0.029296875
3 0.73828125 0.6689453125 0.029296875 0.029296875
3 0.77734375 0.689453125 0.02734375 0.02734375
3 0.7578125 0.72802734375 0.029296875 0.0283203125
3 0.734375 0.765625 0.029296875 0.029296875
3 0.8037109375 0.16845703125 0.03125 0.0322265625
3 0.697265625 0.74560546875 0.02734375 0.0283203125
3 0.61279296875 0.62744140625 0.0400390625 0.0400390625
3 0.583984375 0.67919921875 0.041015625 0.0419921875
3 0.69287109375 0.8544921875 0.0263671875 0.02734375
3 0.65283203125 0.8349609375 0.0263671875 0.02734375
3 0.67333984375 0.88916015625 0.0302734375 0.0263671875
3 0.63525390625 0.8681640625 0.0302734375 0.029296875
3 0.65673828125 0.92431640625 0.0283203125 0.0283203125
3 0.837890625 0.57861328125 0.015625 0.0185546875
3 0.7978515625 0.5576171875 0.03515625 0.033203125
3 0.849609375 0.55712890625 0.017578125 0.0185546875
3 0.8623046875 0.53369140625 0.017578125 0.0185546875
3 0.82568359375 0.2265625 0.0263671875 0.025390625
3 0.783203125 0.205078125 0.02734375 0.02734375
3 0.74658203125 0.185546875 0.0224609375 0.025390625
3 0.7919921875 0.2919921875 0.037109375 0.037109375
3 0.74267578125 0.2666015625 0.0400390625 0.041015625
3 0.69482421875 0.24267578125 0.0400390625 0.0419921875
3 0.7666015625 0.33984375 0.0390625 0.0390625
3 0.71826171875 0.3154296875 0.0400390625 0.041015625
3 0.7294921875 0.40966796875 0.0390625 0.0380859375
3 0.68017578125 0.3837890625 0.0380859375 0.041015625
3 0.70458984375 0.45849609375 0.0380859375 0.0380859375
3 0.6552734375 0.43017578125 0.041015625 0.0400390625
3 0.6083984375 0.40771484375 0.0390625 0.0400390625
3 0.60986328125 0.515625 0.0283203125 0.029296875
3 0.64599609375 0.52197265625 0.0283203125 0.0263671875
3 0.67626953125 0.53759765625 0.0205078125 0.0224609375
3 0.81884765625 0.52001953125 0.0341796875 0.0322265625
3 0.6171875 0.90380859375 0.029296875 0.0283203125
3 0.60009765625 0.93896484375 0.0283203125 0.0302734375
3 0.63916015625 0.95849609375 0.0283203125 0.0283203125
3 0.392578125 0.95703125 0.03125 0.03125
3 0.35498046875 0.9384765625 0.0322265625 0.03125
1 0.0615234375 0.0126953125 0.013671875 0.0234375
1 0.02685546875 0.0888671875 0.0205078125 0.03515625
3 0.37353515625 0.90087890625 0.0302734375 0.0322265625
3 0.41162109375 0.91943359375 0.0302734375 0.0302734375
3 0.58251953125 0.97314453125 0.0302734375 0.0302734375
3 0.4482421875 0.93896484375 0.03125 0.0302734375
3 0.62158203125 0.9892578125 0.0283203125 0.021484375
3 0.5654296875 0.99658203125 0.029296875 0.0068359375
3 0.5361328125 0.66064453125 0.033203125 0.0302734375
3 0.56103515625 0.61669921875 0.0322265625 0.0341796875
3 0.4970703125 0.64013671875 0.033203125 0.0322265625
3 0.51416015625 0.83837890625 0.0380859375 0.0380859375
3 0.5390625 0.79296875 0.037109375 0.037109375
3 0.4931640625 0.7685546875 0.037109375 0.037109375
3 0.4462890625 0.74560546875 0.037109375 0.0380859375
3 0.4697265625 0.81494140625 0.037109375 0.0380859375
3 0.423828125 0.791015625 0.037109375 0.037109375
3 0.466796875 0.9892578125 0.029296875 0.021484375
3 0.486328125 0.95751953125 0.029296875 0.0322265625
3 0.4287109375 0.97607421875 0.029296875 0.0302734375
3 0.765625 0.1484375 0.0234375 0.0234375
3 0.8447265625 0.18994140625 0.03125 0.0322265625
3 0.8837890625 0.3876953125 0.029296875 0.029296875
3 0.966796875 0.3271484375 0.029296875 0.029296875
3 0.92431640625 0.30615234375 0.0302734375 0.0322265625
3 0.94482421875 0.3681640625 0.0302734375 0.029296875
3 0.904296875 0.34716796875 0.029296875 0.0302734375
3 0.92431640625 0.4091796875 0.0302734375 0.03125
3 0.90283203125 0.44873046875 0.0283203125 0.0283203125
3 0.86083984375 0.4296875 0.0283203125 0.02734375
3 0.697265625 0.02734375 0.029296875 0.029296875
3 0.66064453125 0.01220703125 0.0302734375 0.0224609375
3 0.71435546875 0.00390625 0.0302734375 0.005859375
3 0.8076171875 0.080078125 0.02734375 0.029296875
3 0.82373046875 0.04150390625 0.0341796875 0.0341796875
3 0.94384765625 0.01171875 0.0283203125 0.021484375
3 0.9091796875 0.0029296875 0.029296875 0.00390625
3 0.90185546875 0.0830078125 0.0302734375 0.03125
3 0.88427734375 0.119140625 0.0283203125 0.029296875
3 0.86376953125 0.06298828125 0.0322265625 0.0341796875
3 0.84375 0.09814453125 0.029296875 0.0302734375
