3 0.8037109375 0.97314453125 0.03125 0.0322265625
3 0.783203125 0.998046875 0.02734375 0.00390625
3 0.74658203125 0.98876953125 0.0224609375 0.0224609375
1 0.0615234375 0.8173828125 0.013671875 0.0234375
1 0.02685546875 0.8935546875 0.0205078125 0.03515625
1 0.0771484375 0.6572265625 0.015625 0.029296875
1 0.2255859375 0.220703125 0.013671875 0.029296875
3 0.765625 0.953125 0.0234375 0.0234375
3 0.8447265625 0.9892578125 0.03125 0.021484375
3 0.587890625 0.78466796875 0.02734375 0.0302734375
3 0.9990234375 0.56689453125 0.001953125 0.0224609375
3 0.9921875 0.59814453125 0.015625 0.0224609375
3 0.99365234375 0.70361328125 0.0126953125 0.0166015625
3 0.9736328125 0.6923828125 0.015625 0.015625
3 0.9873046875 0.66650390625 0.015625 0.0166015625
3 0.783203125 0.62841796875 0.0234375 0.0244140625
3 0.82470703125 0.55078125 0.0224609375 0.0234375
3 0.7744140625 0.5244140625 0.0234375 0.0234375
3 0.75341796875 0.5634765625 0.0244140625 0.025390625
3 0.734375 0.60205078125 0.0234375 0.0244140625
3 0.697265625 0.54248046875 0.037109375 0.0400390625
3 0.697265625 0.83203125 0.029296875 0.029296875
3 0.66064453125 0.81298828125 0.0302734375 0.0302734375
3 0.71435546875 0.79638671875 0.0302734375 0.0302734375
3 0.67919921875 0.77783203125 0.0302734375 0.0302734375
3 0.7333984375 0.76171875 0.029296875 0.029296875
3 0.69677734375 0.7421875 0.0283203125 0.03125
3 0.7509765625 0.72607421875 0.029296875 0.0302734375
3 0.7138671875 0.70703125 0.029296875 0.029296875
3 0.66015625 0.64453125 0.029296875 0.029296875
3 0.6416015625 0.67919921875 0.029296875 0.0302734375
3 0.6240234375 0.71484375 0.029296875 0.029296875
3 0.6064453125 0.75 0.029296875 0.029296875
3 0.80419921875 0.5888671875 0.0244140625 0.0234375
3 0.8076171875 0.884765625 0.02734375 0.029296875
3 0.951171875 0.6806640625 0.021484375 0.021484375
3 0.82373046875 0.84619140625 0.0341796875 0.0341796875
3 0.96484375 0.65478515625 0.021484375 0.0224609375
3 0.92236328125 0.6689453125 0.0263671875 0.025390625
3 0.9384765625 0.6396484375 0.025390625 0.025390625
3 0.908203125 0.6240234375 0.025390625 0.025390625
3 0.89208984375 0.6533203125 0.0244140625 0.025390625
3 0.94384765625 0.81298828125 0.0283203125 0.0283203125
3 0.962890625 0.77587890625 0.029296875 0.0302734375
3 0.9091796875 0.79541015625 0.029296875 0.0283203125
3 0.927734375 0.75732421875 0.029296875 0.0302734375
3 0.892578125 0.73876953125 0.029296875 0.0302734375
3 0.8583984375 0.7216796875 0.025390625 0.02734375
3 0.87451171875 0.77734375 0.0302734375 0.03125
3 0.83837890625 0.75830078125 0.0283203125 0.0283203125
3 0.90185546875 0.8876953125 0.0302734375 0.03125
3 0.88427734375 0.923828125 0.0283203125 0.029296875
3 0.86376953125 0.86767578125 0.0322265625 0.0341796875
3 0.84375 0.90283203125 0.029296875 0.0302734375
1 0.1904296875 0.3369140625 0.015625 0.03515625
