4 0.67138671875 0.3447265625 0.0419921875 0.119140625
4 0.64794921875 0.34375 0.0439453125 0.11328125
4 0.71240234375 0.57568359375 0.0634765625 0.1611328125
4 0.76416015625 0.8271484375 0.0478515625 0.126953125
4 0.68896484375 0.24755859375 0.0693359375 0.0224609375
4 0.6884765625 0.23193359375 0.0703125 0.0205078125
4 0.6865234375 0.216796875 0.06640625 0.017578125
4 0.6875 0.20166015625 0.068359375 0.0185546875
4 0.68798828125 0.18603515625 0.0693359375 0.0166015625
4 0.75732421875 0.1884765625 0.0478515625 0.02734375
4 0.75146484375 0.1748046875 0.0439453125 0.02734375
4 0.7470703125 0.15673828125 0.044921875 0.0244140625
