4 0.01025390625 0.60693359375 0.0185546875 0.0263671875
4 0.81201171875 0.68408203125 0.0517578125 0.0517578125
4 0.14404296875 0.81884765625 0.0849609375 0.1982421875
4 0.173828125 0.8349609375 0.08203125 0.197265625
4 0.20361328125 0.8525390625 0.0869140625 0.193359375
4 0.041015625 0.296875 0.0703125 0.091796875
4 0.06103515625 0.29248046875 0.0380859375 0.0498046875
4 0.2529296875 0.19970703125 0.0703125 0.0322265625
4 0.802734375 0.7021484375 0.052734375 0.05078125
4 0.79638671875 0.7236328125 0.1025390625 0.09765625
4 0.791015625 0.900390625 0.06640625 0.19921875
4 0.76708984375 0.87939453125 0.0244140625 0.0712890625
4 0.98486328125 0.77587890625 0.0302734375 0.0263671875
4 0.93701171875 0.755859375 0.0341796875 0.01953125
4 0.93603515625 0.74462890625 0.0302734375 0.0166015625
4 0.98779296875 0.7626953125 0.0244140625 0.009765625
4 0.9873046875 0.75390625 0.025390625 0.015625
4 0.98828125 0.74267578125 0.0234375 0.0166015625
