4 0.55712890625 0.87255859375 0.0244140625 0.0712890625
4 0.5810546875 0.86474609375 0.029296875 0.1103515625
4 0.6083984375 0.86767578125 0.025390625 0.0888671875
4 0.634765625 0.8671875 0.025390625 0.099609375
4 0.6552734375 0.8564453125 0.01953125 0.0625
4 0.67724609375 0.8603515625 0.0205078125 0.0703125
4 0.6494140625 0.73828125 0.03125 0.1328125
4 0.6728515625 0.73583984375 0.03125 0.1123046875
4 0.69482421875 0.74267578125 0.0244140625 0.0849609375
4 0.71533203125 0.73095703125 0.0224609375 0.1025390625
4 0.734375 0.7392578125 0.021484375 0.078125
4 0.607421875 0.63916015625 0.072265625 0.2216796875
4 0.56689453125 0.60693359375 0.0478515625 0.1279296875
4 0.541015625 0.60693359375 0.044921875 0.1220703125
4 0.77294921875 0.611328125 0.1025390625 0.03515625
4 0.65966796875 0.98583984375 0.0400390625 0.0283203125
4 0.20068359375 0.7646484375 0.1337890625 0.115234375
4 0.24169921875 0.77392578125 0.0517578125 0.0419921875
4 0.5751953125 0.9677734375 0.05859375 0.064453125
4 0.5390625 0.9765625 0.0390625 0.046875
4 0.61669921875 0.97412109375 0.0595703125 0.0517578125
4 0.74169921875 0.9853515625 0.0517578125 0.029296875
4 0.50732421875 0.5908203125 0.0654296875 0.158203125
4 0.59033203125 0.759765625 0.0263671875 0.05859375
4 0.94873046875 0.81884765625 0.0849609375 0.1982421875
4 0.96875 0.83544921875 0.0625 0.1962890625
4 0.982421875 0.88330078125 0.03515625 0.1318359375
4 0.845703125 0.296875 0.0703125 0.091796875
4 0.86572265625 0.29248046875 0.0380859375 0.0498046875
4 0.46875 0.689453125 0.01953125 0.037109375
4 0.4609375 0.68505859375 0.021484375 0.0400390625
4 0.4794921875 0.68603515625 0.025390625 0.0458984375
4 0.56982421875 0.7724609375 0.0224609375 0.0703125
4 0.57861328125 0.28759765625 0.0224609375 0.0517578125
4 0.55224609375 0.7763671875 0.0263671875 0.087890625
4 0.57763671875 0.71484375 0.0263671875 0.044921875
4 0.56591796875 0.70751953125 0.0283203125 0.0498046875
4 0.54931640625 0.71142578125 0.0283203125 0.0478515625
4 0.53076171875 0.7138671875 0.0263671875 0.046875
4 0.5302734375 0.77880859375 0.01953125 0.0498046875
4 0.5205078125 0.77685546875 0.021484375 0.0537109375
4 0.53564453125 0.796875 0.0107421875 0.01953125
4 0.52099609375 0.69970703125 0.0302734375 0.0576171875
4 0.55224609375 0.93505859375 0.0224609375 0.0458984375
4 0.51513671875 0.98486328125 0.0244140625 0.0302734375
4 0.525390625 0.0302734375 0.037109375 0.01953125
4 0.59375 0.3046875 0.0390625 0.087890625
4 0.48828125 0.693359375 0.029296875 0.052734375
4 0.6181640625 0.31103515625 0.04296875 0.1005859375
4 0.64013671875 0.32275390625 0.0419921875 0.1103515625
4 0.66259765625 0.31494140625 0.0322265625 0.0751953125
4 0.68359375 0.30810546875 0.03125 0.0654296875
4 0.69580078125 0.3154296875 0.0244140625 0.052734375
4 0.71728515625 0.30810546875 0.0263671875 0.0419921875
4 0.69921875 0.349609375 0.02734375 0.03125
4 0.421875 0.19287109375 0.013671875 0.0400390625
4 0.451171875 0.16455078125 0.033203125 0.0361328125
4 0.3203125 0.02587890625 0.02734375 0.0224609375
4 0.32275390625 0.03515625 0.0263671875 0.0234375
4 0.505859375 0.06982421875 0.009765625 0.0205078125
4 0.51123046875 0.69287109375 0.0244140625 0.0400390625
4 0.50244140625 0.6884765625 0.0224609375 0.037109375
4 0.220703125 0.69482421875 0.16796875 0.1376953125
