4 0.931640625 0.49169921875 0.046875 0.0283203125
4 0.93212890625 0.46923828125 0.0791015625 0.0517578125
4 0.65869140625 0.68408203125 0.0517578125 0.0517578125
4 0.001953125 0.9990234375 0.001953125 0.001953125
4 0.03125 0.833984375 0.060546875 0.1953125
4 0.05029296875 0.8525390625 0.0869140625 0.193359375
4 0.099609375 0.19970703125 0.0703125 0.0322265625
4 0.6494140625 0.7021484375 0.052734375 0.05078125
4 0.64306640625 0.7236328125 0.1025390625 0.09765625
4 0.6376953125 0.900390625 0.06640625 0.19921875
4 0.61376953125 0.87939453125 0.0244140625 0.0712890625
4 0.86865234375 0.78515625 0.1044921875 0.044921875
4 0.78369140625 0.755859375 0.0341796875 0.01953125
4 0.78271484375 0.74462890625 0.0302734375 0.0166015625
4 0.84228515625 0.7646484375 0.0400390625 0.013671875
4 0.841796875 0.755859375 0.041015625 0.01953125
4 0.837890625 0.7431640625 0.029296875 0.017578125
4 0.91015625 0.6943359375 0.0234375 0.0390625
4 0.91845703125 0.71875 0.0126953125 0.037109375
4 0.9404296875 0.7939453125 0.041015625 0.01171875
4 0.96630859375 0.73193359375 0.0166015625 0.0361328125
4 0.974609375 0.73388671875 0.015625 0.0341796875
