4 0.7607421875 0.10302734375 0.07421875 0.0693359375
4 0.82666015625 0.1806640625 0.0791015625 0.076171875
4 0.81298828125 0.1943359375 0.0751953125 0.072265625
4 0.80029296875 0.20947265625 0.0869140625 0.0791015625
4 0.78857421875 0.22607421875 0.0712890625 0.0673828125
4 0.77685546875 0.23974609375 0.0751953125 0.0634765625
4 0.7998046875 0.05908203125 0.060546875 0.0556640625
4 0.78369140625 0.07177734375 0.0751953125 0.0712890625
4 0.77392578125 0.0888671875 0.0712890625 0.068359375
4 0.7470703125 0.11767578125 0.08203125 0.0771484375
4 0.73583984375 0.13330078125 0.0791015625 0.0732421875
4 0.724609375 0.14990234375 0.080078125 0.0732421875
4 0.71044921875 0.16357421875 0.0771484375 0.0693359375
4 0.69873046875 0.18017578125 0.0869140625 0.0751953125
4 0.84130859375 0.16357421875 0.0732421875 0.0751953125
4 0.8583984375 0.14892578125 0.0625 0.0556640625
4 0.88427734375 0.30517578125 0.0966796875 0.0810546875
4 0.8955078125 0.28125 0.09375 0.078125
4 0.48876953125 0.59326171875 0.0595703125 0.0712890625
4 0.47265625 0.58349609375 0.06640625 0.0791015625
4 0.46142578125 0.56689453125 0.0693359375 0.0830078125
1 0.435546875 0.431640625 0.05078125 0.0390625
1 0.40185546875 0.44482421875 0.0556640625 0.0380859375
1 0.33984375 0.3212890625 0.0390625 0.0390625
3 0.37060546875 0.49951171875 0.0654296875 0.0673828125
3 0.2509765625 0.65087890625 0.03125 0.0322265625
3 0.2802734375 0.63330078125 0.025390625 0.0263671875
4 0.7783203125 0.57373046875 0.076171875 0.0654296875
4 0.7880859375 0.5556640625 0.072265625 0.060546875
4 0.56787109375 0.45849609375 0.0712890625 0.0673828125
4 0.55615234375 0.443359375 0.0576171875 0.056640625
4 0.98291015625 0.26611328125 0.0341796875 0.0458984375
4 0.98388671875 0.29833984375 0.0322265625 0.0380859375
4 0.97705078125 0.32421875 0.0458984375 0.046875
4 0.96826171875 0.34765625 0.0634765625 0.0546875
4 0.96435546875 0.37548828125 0.0712890625 0.0615234375
4 0.9892578125 0.240234375 0.021484375 0.03125
3 0.25244140625 0.6142578125 0.0244140625 0.02734375
