3 0.99609375 0.7197265625 0.0078125 0.01171875
3 0.900390625 0.00341796875 0.013671875 0.0048828125
3 0.91259765625 0.009765625 0.0126953125 0.013671875
3 0.92626953125 0.01953125 0.0146484375 0.013671875
3 0.9375 0.0302734375 0.013671875 0.013671875
3 0.9501953125 0.0400390625 0.013671875 0.013671875
3 0.96484375 0.05126953125 0.015625 0.0146484375
3 0.98095703125 0.05908203125 0.0146484375 0.0146484375
3 0.96826171875 0.69140625 0.0283203125 0.029296875
3 0.98779296875 0.6640625 0.0244140625 0.025390625
3 0.9990234375 0.63720703125 0.001953125 0.0166015625
3 0.7099609375 0.3251953125 0.013671875 0.013671875
3 0.72314453125 0.3359375 0.0107421875 0.01171875
3 0.744140625 0.3251953125 0.01171875 0.013671875
3 0.75634765625 0.3359375 0.0126953125 0.01171875
3 0.73681640625 0.34521484375 0.0126953125 0.0126953125
3 0.76904296875 0.3447265625 0.0126953125 0.01171875
3 0.75048828125 0.3564453125 0.0126953125 0.013671875
3 0.78125 0.353515625 0.01171875 0.01171875
3 0.7626953125 0.36474609375 0.013671875 0.0146484375
3 0.79345703125 0.36279296875 0.0126953125 0.0126953125
3 0.7763671875 0.37646484375 0.013671875 0.0126953125
3 0.80615234375 0.3701171875 0.0126953125 0.013671875
3 0.79052734375 0.38671875 0.0126953125 0.015625
3 0.74462890625 0.23095703125 0.0205078125 0.0205078125
3 0.759765625 0.2119140625 0.01953125 0.01953125
3 0.77587890625 0.193359375 0.0205078125 0.021484375
3 0.78955078125 0.17578125 0.0166015625 0.015625
3 0.83642578125 0.14306640625 0.0166015625 0.0166015625
3 0.7314453125 0.31640625 0.01171875 0.01171875
3 0.71923828125 0.30712890625 0.0107421875 0.0126953125
3 0.99951171875 0.052734375 0.0009765625 0.01171875
3 0.69677734375 0.314453125 0.0146484375 0.013671875
3 0.6220703125 0.27392578125 0.017578125 0.0146484375
3 0.63232421875 0.240234375 0.0146484375 0.015625
3 0.6494140625 0.23193359375 0.01953125 0.0185546875
3 0.66650390625 0.2470703125 0.0166015625 0.01953125
3 0.64501953125 0.25390625 0.0166015625 0.015625
3 0.64013671875 0.27197265625 0.0166015625 0.0146484375
3 0.68505859375 0.26171875 0.0185546875 0.01953125
3 0.658203125 0.2666015625 0.015625 0.013671875
3 0.6552734375 0.28173828125 0.013671875 0.0107421875
3 0.64794921875 0.29541015625 0.0126953125 0.0107421875
3 0.6591796875 0.3056640625 0.01171875 0.01171875
3 0.67236328125 0.27783203125 0.0166015625 0.0146484375
3 0.63818359375 0.287109375 0.0126953125 0.01171875
3 0.66552734375 0.291015625 0.0107421875 0.01171875
3 0.69482421875 0.28466796875 0.0166015625 0.0166015625
3 0.68212890625 0.30224609375 0.0166015625 0.0146484375
3 0.7080078125 0.2978515625 0.01171875 0.01171875
3 0.82470703125 0.15966796875 0.0166015625 0.0166015625
3 0.85302734375 0.158203125 0.0166015625 0.015625
3 0.84130859375 0.1728515625 0.0166015625 0.015625
3 0.8115234375 0.173828125 0.017578125 0.017578125
3 0.96923828125 0.00390625 0.0107421875 0.005859375
3 0.98095703125 0.009765625 0.0126953125 0.013671875
3 0.9931640625 0.02099609375 0.01171875 0.0107421875
3 0.99853515625 0.03076171875 0.0029296875 0.0107421875
3 0.9453125 0.00634765625 0.01171875 0.0107421875
3 0.95751953125 0.01416015625 0.0126953125 0.0126953125
3 0.9697265625 0.02490234375 0.01171875 0.0126953125
3 0.9833984375 0.03369140625 0.01171875 0.0126953125
3 0.99365234375 0.04296875 0.0126953125 0.01171875
3 0.828125 0.1875 0.015625 0.015625
3 0.8017578125 0.19140625 0.015625 0.015625
3 0.81640625 0.20263671875 0.017578125 0.0166015625
3 0.787109375 0.21435546875 0.013671875 0.0146484375
3 0.77587890625 0.2265625 0.0126953125 0.013671875
3 0.765625 0.24072265625 0.013671875 0.0146484375
3 0.99365234375 0.00390625 0.0126953125 0.005859375
3 0.71337890625 0.26904296875 0.0107421875 0.0107421875
3 0.72509765625 0.27783203125 0.0107421875 0.0107421875
3 0.73583984375 0.28662109375 0.0087890625 0.0087890625
3 0.74658203125 0.2939453125 0.0107421875 0.009765625
3 0.7568359375 0.30224609375 0.0078125 0.0087890625
3 0.767578125 0.31005859375 0.009765625 0.0107421875
3 0.779296875 0.31591796875 0.009765625 0.0087890625
3 0.78955078125 0.322265625 0.0087890625 0.009765625
3 0.79638671875 0.33056640625 0.0087890625 0.0087890625
3 0.80712890625 0.33935546875 0.0087890625 0.0107421875
3 0.62109375 0.25439453125 0.015625 0.0146484375
