3 0.017578125 0.04248046875 0.01953125 0.0205078125
3 0.0615234375 0.08056640625 0.01953125 0.0205078125
3 0.05810546875 0.0400390625 0.0185546875 0.01953125
3 0.08154296875 0.0576171875 0.0205078125 0.021484375
3 0.126953125 0.0078125 0.01953125 0.013671875
3 0.1689453125 0.00537109375 0.021484375 0.0087890625
3 0.1494140625 0.02197265625 0.01953125 0.0205078125
3 0.3056640625 0.185546875 0.083984375 0.0859375
3 0.23974609375 0.28515625 0.0869140625 0.08203125
3 0.12109375 0.27587890625 0.087890625 0.0849609375
3 0.1748046875 0.380859375 0.0859375 0.0859375
3 0.18798828125 0.18017578125 0.0810546875 0.0830078125
3 0.240234375 0.08740234375 0.05859375 0.0595703125
3 0.0029296875 0.02392578125 0.00390625 0.0185546875
3 0.01416015625 0.00634765625 0.0185546875 0.0107421875
3 0.03662109375 0.02001953125 0.0205078125 0.0205078125
3 0.0390625 0.060546875 0.01953125 0.01953125
3 0.04638671875 0.1513671875 0.0244140625 0.025390625
3 0.021484375 0.18212890625 0.021484375 0.0244140625
3 0.00341796875 0.15771484375 0.0048828125 0.0283203125
3 0.01708984375 0.12646484375 0.0302734375 0.0263671875
