6 0.0546875 0.80615234375 0.01953125 0.0361328125
7 0.0546875 0.80712890625 0.01171875 0.0224609375
6 0.0224609375 0.89453125 0.013671875 0.021484375
7 0.02294921875 0.8955078125 0.0068359375 0.01171875
6 0.24755859375 0.34912109375 0.0224609375 0.0380859375
7 0.24755859375 0.34912109375 0.0146484375 0.0224609375
6 0.455078125 0.83056640625 0.01953125 0.0283203125
7 0.455078125 0.830078125 0.009765625 0.013671875
6 0.8037109375 0.4541015625 0.01171875 0.0234375
7 0.80322265625 0.453125 0.0068359375 0.01171875
