4 0.03125 0.9443359375 0.060546875 0.07421875
4 0.0234375 0.96484375 0.044921875 0.056640625
4 0.01904296875 0.9814453125 0.0361328125 0.037109375
4 0.01318359375 0.83203125 0.0244140625 0.03515625
4 0.0087890625 0.85498046875 0.015625 0.0302734375
4 0.03662109375 0.92626953125 0.0732421875 0.0751953125
4 0.0537109375 0.91162109375 0.0625 0.0556640625
4 0.61328125 0.07177734375 0.04296875 0.0263671875
4 0.60595703125 0.04296875 0.0595703125 0.03515625
4 0.63525390625 0.23779296875 0.1201171875 0.0810546875
4 0.21826171875 0.982421875 0.0654296875 0.03515625
4 0.248046875 0.97216796875 0.09375 0.0556640625
