5 0.43701171875 0.1484375 0.2666015625 0.294921875
5 0.626953125 0.326171875 0.3828125 0.453125
6 0.9072265625 0.109375 0.146484375 0.119140625
7 0.9091796875 0.11181640625 0.08203125 0.0673828125
5 0.8701171875 0.5478515625 0.259765625 0.337890625
4 0.3857421875 0.23681640625 0.1015625 0.1201171875
4 0.34375 0.2158203125 0.09375 0.107421875
4 0.4990234375 0.0986328125 0.08984375 0.10546875
4 0.57861328125 0.0166015625 0.0302734375 0.03125
4 0.4892578125 0.44287109375 0.126953125 0.1474609375
4 0.6142578125 0.380859375 0.06640625 0.080078125
4 0.6142578125 0.30029296875 0.0546875 0.0595703125
4 0.71044921875 0.1875 0.0263671875 0.029296875
4 0.701171875 0.181640625 0.025390625 0.02734375
4 0.93798828125 0.52685546875 0.0888671875 0.1064453125
4 0.89501953125 0.482421875 0.1005859375 0.115234375
4 0.78662109375 0.6220703125 0.0986328125 0.11328125
4 0.8310546875 0.6552734375 0.091796875 0.111328125
4 0.98828125 0.3798828125 0.0234375 0.037109375
4 0.73974609375 0.23291015625 0.0673828125 0.0771484375
4 0.93603515625 0.939453125 0.0576171875 0.06640625
4 0.99072265625 0.8681640625 0.0185546875 0.03515625
