4 0.02099609375 0.833984375 0.0400390625 0.064453125
4 0.14306640625 0.279296875 0.0693359375 0.064453125
4 0.09765625 0.33447265625 0.068359375 0.0615234375
4 0.0771484375 0.36279296875 0.07421875 0.0634765625
4 0.05126953125 0.39013671875 0.0634765625 0.0576171875
4 0.0302734375 0.24609375 0.05859375 0.0625
4 0.02294921875 0.271484375 0.0439453125 0.05859375
4 0.1083984375 0.91748046875 0.0859375 0.0693359375
4 0.169921875 0.25390625 0.072265625 0.060546875
4 0.18798828125 0.22509765625 0.0712890625 0.0634765625
4 0.2099609375 0.1953125 0.06640625 0.05859375
4 0.2294921875 0.171875 0.072265625 0.060546875
4 0.5234375 0.9853515625 0.044921875 0.029296875
4 0.5 0.97607421875 0.06640625 0.0478515625
5 0.15185546875 0.26220703125 0.0537109375 0.0478515625
5 0.1962890625 0.20751953125 0.0546875 0.0458984375
5 0.10693359375 0.31591796875 0.0576171875 0.0517578125
5 0.06103515625 0.37255859375 0.0556640625 0.0478515625
5 0.11181640625 0.49658203125 0.2216796875 0.1904296875
4 0.72265625 0.728515625 0.107421875 0.142578125
4 0.7705078125 0.7333984375 0.138671875 0.185546875
4 0.6103515625 0.48876953125 0.13671875 0.1083984375
4 0.62744140625 0.46044921875 0.1337890625 0.1064453125
4 0.22265625 0.96142578125 0.15234375 0.0771484375
