3 0.58642578125 0.93701171875 0.0791015625 0.0791015625
3 0.4130859375 0.978515625 0.044921875 0.04296875
3 0.55224609375 0.99951171875 0.0771484375 0.0009765625
3 0.6484375 0.998046875 0.080078125 0.00390625
3 0.49072265625 0.935546875 0.0771484375 0.078125
3 0.412109375 0.91748046875 0.044921875 0.0458984375
3 0.494140625 0.84130859375 0.029296875 0.0302734375
3 0.44921875 0.8359375 0.037109375 0.037109375
3 0.39794921875 0.8359375 0.0380859375 0.0390625
3 0.30908203125 0.8994140625 0.0263671875 0.02734375
3 0.27001953125 0.89892578125 0.0283203125 0.0283203125
3 0.31005859375 0.8603515625 0.0283203125 0.029296875
3 0.27197265625 0.9345703125 0.0205078125 0.021484375
3 0.2568359375 0.95751953125 0.009765625 0.0107421875
3 0.27197265625 0.95751953125 0.0107421875 0.0107421875
3 0.30908203125 0.93359375 0.0205078125 0.021484375
3 0.27099609375 0.7978515625 0.0205078125 0.021484375
3 0.27197265625 0.82666015625 0.0205078125 0.0205078125
3 0.3095703125 0.82275390625 0.02734375 0.0283203125
3 0.2705078125 0.8603515625 0.025390625 0.029296875
