3 0.60205078125 0.875 0.0380859375 0.037109375
3 0.55224609375 0.88330078125 0.0380859375 0.0380859375
3 0.54736328125 0.69482421875 0.0263671875 0.0263671875
3 0.65234375 0.806640625 0.03515625 0.037109375
3 0.60205078125 0.8154296875 0.0380859375 0.037109375
3 0.5537109375 0.82568359375 0.037109375 0.0380859375
3 0.74658203125 0.66845703125 0.0107421875 0.0107421875
3 0.6796875 0.66455078125 0.037109375 0.0380859375
3 0.6220703125 0.6435546875 0.03515625 0.037109375
3 0.6708984375 0.61376953125 0.037109375 0.0380859375
3 0.61328125 0.59375 0.037109375 0.037109375
3 0.6318359375 0.6943359375 0.037109375 0.0390625
3 0.49072265625 0.70703125 0.0244140625 0.025390625
3 0.48388671875 0.65380859375 0.0439453125 0.0458984375
3 0.4755859375 0.6064453125 0.04296875 0.044921875
