3 0.9931640625 0.0703125 0.013671875 0.037109375
3 0.95556640625 0.07861328125 0.0380859375 0.0380859375
3 0.02294921875 0.76416015625 0.0439453125 0.0595703125
3 0.23583984375 0.14794921875 0.0068359375 0.0068359375
3 0.24658203125 0.1455078125 0.0087890625 0.009765625
3 0.9931640625 0.01513671875 0.013671875 0.0283203125
3 0.95703125 0.02099609375 0.037109375 0.0380859375
3 0.26025390625 0.14208984375 0.0107421875 0.0107421875
3 0.3056640625 0.21484375 0.015625 0.015625
3 0.283203125 0.21875 0.01171875 0.01171875
3 0.294921875 0.18408203125 0.021484375 0.0224609375
3 0.26025390625 0.19091796875 0.0244140625 0.0224609375
3 0.29150390625 0.13623046875 0.0126953125 0.0126953125
3 0.27490234375 0.138671875 0.0107421875 0.01171875
3 0.015625 0.68603515625 0.029296875 0.0556640625
