4 0.44580078125 0.63525390625 0.0654296875 0.0595703125
4 0.02099609375 0.43359375 0.0400390625 0.064453125
4 0.1083984375 0.51708984375 0.0859375 0.0693359375
4 0.46142578125 0.6533203125 0.0634765625 0.060546875
4 0.5146484375 0.60009765625 0.0625 0.0595703125
4 0.49951171875 0.58203125 0.0673828125 0.060546875
5 0.11181640625 0.09619140625 0.2216796875 0.1904296875
4 0.72265625 0.328125 0.107421875 0.142578125
4 0.7705078125 0.3330078125 0.138671875 0.185546875
4 0.6103515625 0.08837890625 0.13671875 0.1083984375
4 0.62744140625 0.06005859375 0.1337890625 0.1064453125
4 0.2236328125 0.578125 0.154296875 0.111328125
