3 0.31787109375 0.4423828125 0.0380859375 0.03515625
3 0.2763671875 0.4384765625 0.03515625 0.03515625
3 0.11181640625 0.5224609375 0.0224609375 0.021484375
3 0.08349609375 0.51953125 0.0224609375 0.021484375
3 0.111328125 0.427734375 0.056640625 0.0546875
3 0.119140625 0.35595703125 0.0546875 0.0537109375
3 0.18701171875 0.22216796875 0.0478515625 0.0458984375
3 0.181640625 0.158203125 0.041015625 0.0390625
3 0.1240234375 0.21533203125 0.048828125 0.0458984375
3 0.1220703125 0.1513671875 0.041015625 0.041015625
3 0.0654296875 0.14404296875 0.0390625 0.0400390625
3 0.0615234375 0.2080078125 0.044921875 0.048828125
3 0.04931640625 0.34716796875 0.0537109375 0.0537109375
3 0.0400390625 0.419921875 0.0546875 0.0546875
