6 0.203125 0.6025390625 0.1171875 0.083984375
7 0.20166015625 0.6025390625 0.0595703125 0.046875
12 0.1435546875 0.5361328125 0.029296875 0.0234375
12 0.150390625 0.55126953125 0.029296875 0.0205078125
12 0.15625 0.56640625 0.029296875 0.021484375
3 0.02001953125 0.0263671875 0.0166015625 0.01953125
3 0.05078125 0.02685546875 0.017578125 0.0185546875
3 0.0751953125 0.0068359375 0.017578125 0.01171875
3 0.1533203125 0.021484375 0.060546875 0.041015625
3 0.23486328125 0.0244140625 0.0595703125 0.046875
