3 0.1416015625 0.76708984375 0.03125 0.0283203125
3 0.14208984375 0.72509765625 0.0283203125 0.0302734375
3 0.1416015625 0.68505859375 0.02734375 0.0302734375
3 0.15380859375 0.8212890625 0.0146484375 0.015625
3 0.15478515625 0.7998046875 0.0146484375 0.015625
3 0.12841796875 0.80029296875 0.0126953125 0.0126953125
3 0.13037109375 0.8212890625 0.0146484375 0.015625
3 0.0654296875 0.888671875 0.01171875 0.01171875
3 0.0498046875 0.91552734375 0.013671875 0.0126953125
3 0.06640625 0.916015625 0.01171875 0.013671875
3 0.08642578125 0.89013671875 0.0166015625 0.0166015625
3 0.0859375 0.9150390625 0.015625 0.015625
3 0.10693359375 0.890625 0.0166015625 0.015625
3 0.10693359375 0.91455078125 0.0166015625 0.0166015625
3 0.1279296875 0.89013671875 0.015625 0.0166015625
3 0.1484375 0.888671875 0.013671875 0.013671875
3 0.1279296875 0.91455078125 0.015625 0.0166015625
3 0.1474609375 0.91552734375 0.013671875 0.0146484375
3 0.130859375 0.8427734375 0.013671875 0.015625
3 0.15380859375 0.8427734375 0.0146484375 0.013671875
3 0.04248046875 0.82861328125 0.0224609375 0.0224609375
4 0.01611328125 0.30078125 0.0302734375 0.1015625
4 0.0078125 0.24462890625 0.013671875 0.0244140625
4 0.6044921875 0.36669921875 0.0703125 0.1064453125
4 0.49267578125 0.1591796875 0.1162109375 0.171875
3 0.4755859375 0.6787109375 0.021484375 0.021484375
3 0.50439453125 0.67919921875 0.0205078125 0.0224609375
3 0.53125 0.671875 0.01171875 0.013671875
3 0.548828125 0.67236328125 0.01171875 0.0126953125
3 0.2421875 0.68701171875 0.041015625 0.0400390625
3 0.3193359375 0.6875 0.041015625 0.041015625
3 0.24169921875 0.755859375 0.0595703125 0.05859375
3 0.24169921875 0.83154296875 0.0595703125 0.0595703125
3 0.31884765625 0.83251953125 0.0595703125 0.0615234375
3 0.07080078125 0.8271484375 0.0166015625 0.017578125
3 0.0712890625 0.798828125 0.017578125 0.017578125
3 0.0419921875 0.79931640625 0.021484375 0.0224609375
3 0.04248046875 0.68115234375 0.0205078125 0.0224609375
3 0.0712890625 0.68017578125 0.017578125 0.0185546875
3 0.0419921875 0.7109375 0.021484375 0.021484375
3 0.0712890625 0.7109375 0.017578125 0.017578125
3 0.0419921875 0.73974609375 0.021484375 0.0224609375
3 0.07080078125 0.73974609375 0.0185546875 0.0185546875
3 0.04296875 0.76953125 0.021484375 0.0234375
3 0.07080078125 0.76904296875 0.0166015625 0.0185546875
3 0.4755859375 0.70703125 0.021484375 0.021484375
3 0.5048828125 0.70703125 0.021484375 0.021484375
3 0.54052734375 0.703125 0.0302734375 0.03125
3 0.4443359375 0.779296875 0.0625 0.060546875
4 0.94384765625 0.38330078125 0.0517578125 0.0791015625
4 0.46728515625 0.16748046875 0.1083984375 0.1689453125
5 0.6201171875 0.44873046875 0.046875 0.0361328125
3 0.63671875 0.94873046875 0.05859375 0.0615234375
3 0.716796875 0.94970703125 0.060546875 0.0615234375
3 0.80419921875 0.94921875 0.0595703125 0.060546875
3 0.8857421875 0.94970703125 0.05859375 0.0615234375
3 0.80517578125 0.869140625 0.0615234375 0.05859375
3 0.884765625 0.86865234375 0.060546875 0.0615234375
3 0.80419921875 0.77392578125 0.0595703125 0.0615234375
3 0.71630859375 0.86962890625 0.0615234375 0.0615234375
3 0.63720703125 0.86865234375 0.0595703125 0.0615234375
3 0.716796875 0.7744140625 0.060546875 0.060546875
3 0.63623046875 0.775390625 0.0615234375 0.060546875
3 0.52392578125 0.77978515625 0.0595703125 0.0615234375
3 0.4443359375 0.8603515625 0.05859375 0.060546875
3 0.52392578125 0.8603515625 0.0595703125 0.060546875
3 0.4248046875 0.9345703125 0.017578125 0.01953125
3 0.4501953125 0.9345703125 0.01953125 0.01953125
3 0.47607421875 0.9345703125 0.0185546875 0.01953125
3 0.42529296875 0.962890625 0.0185546875 0.01953125
3 0.45068359375 0.962890625 0.0185546875 0.01953125
3 0.47607421875 0.962890625 0.0185546875 0.01953125
3 0.5009765625 0.9345703125 0.01953125 0.017578125
3 0.5009765625 0.96240234375 0.017578125 0.0185546875
3 0.52685546875 0.93505859375 0.0166015625 0.0166015625
3 0.5263671875 0.9619140625 0.015625 0.017578125
3 0.55029296875 0.935546875 0.0126953125 0.013671875
3 0.5498046875 0.96142578125 0.013671875 0.0146484375
3 0.63671875 0.6943359375 0.060546875 0.060546875
3 0.716796875 0.6923828125 0.060546875 0.060546875
3 0.80419921875 0.69482421875 0.0595703125 0.0595703125
3 0.88427734375 0.69384765625 0.0595703125 0.0595703125
3 0.88525390625 0.77294921875 0.0576171875 0.0595703125
3 0.98388671875 0.94921875 0.0322265625 0.0625
3 0.98388671875 0.873046875 0.0322265625 0.05859375
3 0.98291015625 0.77490234375 0.0341796875 0.0576171875
3 0.98193359375 0.69775390625 0.0361328125 0.0634765625
