4 0.4541015625 0.3447265625 0.0703125 0.060546875
4 0.82470703125 0.060546875 0.0439453125 0.037109375
4 0.771484375 0.1005859375 0.046875 0.0390625
4 0.65673828125 0.18212890625 0.1396484375 0.1142578125
4 0.5380859375 0.283203125 0.041015625 0.03515625
4 0.39697265625 0.39111328125 0.0302734375 0.0263671875
4 0.32861328125 0.44140625 0.0751953125 0.0625
4 0.24072265625 0.47900390625 0.0673828125 0.0166015625
4 0.10791015625 0.07177734375 0.1318359375 0.1416015625
4 0.025390625 0.1826171875 0.048828125 0.07421875
4 0.01953125 0.50048828125 0.037109375 0.0185546875
4 0.8798828125 0.01904296875 0.05078125 0.0361328125
