3 0.15087890625 0.3583984375 0.0087890625 0.009765625
3 0.1513671875 0.345703125 0.009765625 0.009765625
3 0.4150390625 0.11865234375 0.01171875 0.0126953125
3 0.22314453125 0.32861328125 0.0126953125 0.0126953125
3 0.23974609375 0.328125 0.0126953125 0.013671875
3 0.2578125 0.3291015625 0.01171875 0.013671875
3 0.1298828125 0.3466796875 0.009765625 0.009765625
3 0.1298828125 0.3583984375 0.009765625 0.009765625
3 0.140625 0.34619140625 0.009765625 0.0107421875
3 0.14111328125 0.35791015625 0.0087890625 0.0087890625
