5 0.1748046875 0.36572265625 0.033203125 0.0341796875
4 0.17236328125 0.37255859375 0.0126953125 0.0146484375
4 0.18505859375 0.3681640625 0.0146484375 0.015625
4 0.16943359375 0.35009765625 0.0146484375 0.0166015625
4 0.2041015625 0.3681640625 0.017578125 0.015625
4 0.21875 0.34912109375 0.017578125 0.0146484375
4 0.22119140625 0.35400390625 0.0166015625 0.0146484375
4 0.24169921875 0.33837890625 0.0185546875 0.0146484375
4 0.5244140625 0.00830078125 0.015625 0.0146484375
4 0.74560546875 0.98583984375 0.0068359375 0.0283203125
4 0.771484375 0.98828125 0.025390625 0.0234375
4 0.98388671875 0.71826171875 0.0263671875 0.0439453125
