3 0.88623046875 0.98681640625 0.0087890625 0.0087890625
3 0.8759765625 0.98828125 0.0078125 0.0078125
3 0.8662109375 0.9912109375 0.0078125 0.0078125
3 0.83203125 0.97265625 0.013671875 0.015625
3 0.82861328125 0.953125 0.0146484375 0.015625
3 0.8251953125 0.93505859375 0.01171875 0.0126953125
3 0.82080078125 0.9150390625 0.0126953125 0.013671875
3 0.044921875 0.255859375 0.01171875 0.01171875
3 0.04296875 0.2421875 0.01171875 0.01171875
3 0.3212890625 0.0908203125 0.013671875 0.015625
3 0.330078125 0.072265625 0.013671875 0.015625
3 0.30322265625 0.08203125 0.0126953125 0.015625
3 0.3115234375 0.064453125 0.013671875 0.015625
3 0.28515625 0.0732421875 0.013671875 0.015625
3 0.2939453125 0.05615234375 0.01171875 0.0146484375
3 0.26806640625 0.06494140625 0.0126953125 0.0126953125
3 0.27685546875 0.04736328125 0.0126953125 0.0126953125
