3 0.42578125 0.9677734375 0.044921875 0.044921875
3 0.490234375 0.99853515625 0.02734375 0.0029296875
3 0.556640625 0.90576171875 0.0390625 0.0380859375
3 0.56640625 0.9580078125 0.0390625 0.037109375
3 0.5771484375 0.99560546875 0.037109375 0.0087890625
3 0.6259765625 0.98046875 0.0390625 0.0390625
3 0.693359375 0.98388671875 0.01171875 0.0126953125
3 0.6162109375 0.927734375 0.0390625 0.037109375
4 0.86083984375 0.28662109375 0.0341796875 0.0400390625
4 0.8662109375 0.29150390625 0.03125 0.0380859375
4 0.96484375 0.2890625 0.025390625 0.048828125
4 0.94140625 0.38623046875 0.01953125 0.0263671875
4 0.9462890625 0.3896484375 0.017578125 0.025390625
4 0.9775390625 0.34814453125 0.013671875 0.0322265625
4 0.98388671875 0.349609375 0.0126953125 0.033203125
4 0.9892578125 0.35107421875 0.015625 0.0341796875
4 0.99365234375 0.3525390625 0.0126953125 0.033203125
3 0.416015625 0.92041015625 0.044921875 0.0439453125
