3 0.00927734375 0.83740234375 0.0166015625 0.0419921875
4 0.9560546875 0.55419921875 0.087890625 0.0498046875
3 0.638671875 0.962890625 0.041015625 0.0390625
3 0.5810546875 0.99853515625 0.048828125 0.0029296875
3 0.5791015625 0.9560546875 0.041015625 0.041015625
4 0.58154296875 0.1083984375 0.1083984375 0.0703125
4 0.99072265625 0.35498046875 0.0185546875 0.0205078125
4 0.9140625 0.2470703125 0.171875 0.099609375
4 0.71337890625 0.166015625 0.0927734375 0.0546875
3 0.5224609375 0.94873046875 0.0390625 0.0400390625
3 0.38427734375 0.90966796875 0.0283203125 0.0322265625
3 0.2412109375 0.9345703125 0.029296875 0.029296875
3 0.24658203125 0.8896484375 0.0263671875 0.029296875
3 0.18603515625 0.9638671875 0.0302734375 0.029296875
3 0.1923828125 0.91796875 0.029296875 0.029296875
3 0.1962890625 0.873046875 0.029296875 0.029296875
4 0.427734375 0.05517578125 0.095703125 0.0361328125
3 0.01611328125 0.71533203125 0.0263671875 0.0283203125
3 0.0205078125 0.97412109375 0.01953125 0.0205078125
3 0.0078125 0.9931640625 0.013671875 0.013671875
3 0.33935546875 0.9482421875 0.0166015625 0.01953125
3 0.3759765625 0.95458984375 0.02734375 0.0263671875
3 0.5185546875 0.994140625 0.044921875 0.01171875
3 0.431640625 0.91455078125 0.029296875 0.0322265625
3 0.42724609375 0.9599609375 0.0263671875 0.02734375
