3 0.76611328125 0.41796875 0.0302734375 0.029296875
3 0.68408203125 0.349609375 0.0322265625 0.03125
3 0.720703125 0.353515625 0.0234375 0.0234375
3 0.68310546875 0.41748046875 0.0244140625 0.0244140625
3 0.68359375 0.45849609375 0.029296875 0.0322265625
3 0.72412109375 0.41748046875 0.0302734375 0.0302734375
3 0.72509765625 0.45849609375 0.0302734375 0.0322265625
3 0.673828125 0.880859375 0.0546875 0.052734375
3 0.76611328125 0.4580078125 0.0302734375 0.03125
3 0.70361328125 0.564453125 0.0205078125 0.01953125
3 0.703125 0.5908203125 0.01953125 0.01953125
3 0.76953125 0.568359375 0.0234375 0.0234375
3 0.77001953125 0.6025390625 0.0224609375 0.025390625
3 0.8505859375 0.71875 0.0390625 0.041015625
3 0.8505859375 0.767578125 0.041015625 0.037109375
3 0.7646484375 0.75830078125 0.048828125 0.0205078125
3 0.95849609375 0.0166015625 0.0146484375 0.015625
3 0.95947265625 0.001953125 0.0146484375 0.001953125
3 0.93310546875 0.00146484375 0.0126953125 0.0009765625
3 0.93505859375 0.0166015625 0.0146484375 0.015625
3 0.7529296875 0.1162109375 0.021484375 0.021484375
3 0.75244140625 0.14453125 0.0224609375 0.021484375
3 0.78076171875 0.11572265625 0.0224609375 0.0224609375
3 0.78125 0.14501953125 0.021484375 0.0224609375
3 0.8701171875 0.083984375 0.01171875 0.01171875
3 0.8544921875 0.11083984375 0.013671875 0.0126953125
3 0.87109375 0.111328125 0.01171875 0.013671875
3 0.89111328125 0.08544921875 0.0166015625 0.0166015625
3 0.890625 0.1103515625 0.015625 0.015625
3 0.91162109375 0.0859375 0.0166015625 0.015625
3 0.91162109375 0.10986328125 0.0166015625 0.0166015625
3 0.9326171875 0.08544921875 0.015625 0.0166015625
3 0.953125 0.083984375 0.013671875 0.013671875
3 0.9326171875 0.10986328125 0.015625 0.0166015625
3 0.9521484375 0.11083984375 0.013671875 0.0146484375
3 0.935546875 0.0380859375 0.013671875 0.015625
3 0.95849609375 0.0380859375 0.0146484375 0.013671875
3 0.69970703125 0.767578125 0.0478515625 0.046875
3 0.74951171875 0.88037109375 0.0537109375 0.0556640625
3 0.84716796875 0.02392578125 0.0224609375 0.0224609375
3 0.9697265625 0.65380859375 0.060546875 0.0615234375
3 0.82470703125 0.857421875 0.0166015625 0.01953125
3 0.9716796875 0.576171875 0.056640625 0.060546875
3 0.85546875 0.85791015625 0.017578125 0.0185546875
3 0.8798828125 0.83447265625 0.017578125 0.0185546875
3 0.6748046875 0.95458984375 0.052734375 0.0556640625
3 0.7490234375 0.95361328125 0.056640625 0.0576171875
3 0.9580078125 0.84228515625 0.060546875 0.0615234375
3 0.962890625 0.7626953125 0.05859375 0.060546875
13 0.6611328125 0.2568359375 0.015625 0.041015625
3 0.9736328125 0.49609375 0.052734375 0.060546875
3 0.87548828125 0.0224609375 0.0166015625 0.017578125
3 0.8759765625 0.001953125 0.017578125 0.001953125
3 0.4619140625 0.296875 0.025390625 0.0234375
3 0.36328125 0.00390625 0.03125 0.005859375
3 0.404296875 0.00439453125 0.03125 0.0068359375
3 0.40673828125 0.076171875 0.0185546875 0.01953125
3 0.4287109375 0.07666015625 0.01953125 0.0205078125
3 0.34716796875 0.3291015625 0.0205078125 0.021484375
3 0.392578125 0.30517578125 0.017578125 0.0166015625
3 0.3916015625 0.33349609375 0.015625 0.0166015625
3 0.4208984375 0.31640625 0.0078125 0.0078125
3 0.60205078125 0.46484375 0.0205078125 0.021484375
3 0.42138671875 0.32958984375 0.0087890625 0.0087890625
3 0.5810546875 0.33349609375 0.0234375 0.0224609375
3 0.57568359375 0.3701171875 0.0185546875 0.01953125
3 0.6025390625 0.37109375 0.01953125 0.021484375
3 0.57568359375 0.40380859375 0.0185546875 0.0205078125
3 0.60205078125 0.4033203125 0.0205078125 0.021484375
3 0.57470703125 0.4306640625 0.0185546875 0.021484375
3 0.60205078125 0.4306640625 0.0205078125 0.021484375
3 0.57373046875 0.46435546875 0.0205078125 0.0224609375
3 0.57373046875 0.5380859375 0.0185546875 0.017578125
3 0.8466796875 0.00341796875 0.021484375 0.0048828125
3 0.7734375 0.0595703125 0.025390625 0.025390625
3 0.69873046875 0.02685546875 0.0205078125 0.0205078125
3 0.70751953125 0.05859375 0.0244140625 0.0234375
3 0.72802734375 0.0263671875 0.0205078125 0.021484375
3 0.7412109375 0.05908203125 0.0234375 0.0244140625
3 0.75537109375 0.0263671875 0.0185546875 0.017578125
3 0.7783203125 0.02734375 0.017578125 0.017578125
3 0.6015625 0.53955078125 0.01953125 0.0185546875
3 0.58251953125 0.9609375 0.0302734375 0.03125
3 0.57470703125 0.5625 0.0166015625 0.015625
3 0.60107421875 0.5625 0.0146484375 0.015625
3 0.57373046875 0.5859375 0.0166015625 0.017578125
3 0.6005859375 0.5830078125 0.015625 0.015625
3 0.66943359375 0.56494140625 0.0185546875 0.0205078125
3 0.66943359375 0.5908203125 0.0185546875 0.021484375
3 0.4970703125 0.01123046875 0.060546875 0.0205078125
3 0.5791015625 0.01123046875 0.060546875 0.0205078125
3 0.474609375 0.72216796875 0.0234375 0.0244140625
3 0.357421875 0.72216796875 0.013671875 0.0126953125
3 0.5185546875 0.71533203125 0.0078125 0.0087890625
3 0.5185546875 0.72998046875 0.0078125 0.0087890625
3 0.5166015625 0.75048828125 0.015625 0.0185546875
3 0.58203125 0.8740234375 0.03125 0.033203125
3 0.58203125 0.91748046875 0.033203125 0.0341796875
13 0.669921875 0.22314453125 0.015625 0.0224609375
3 0.357421875 0.0888671875 0.009765625 0.009765625
