3 0.2080078125 0.20703125 0.0078125 0.0078125
3 0.4208984375 0.79296875 0.015625 0.015625
3 0.451171875 0.76416015625 0.01953125 0.0205078125
3 0.416015625 0.76904296875 0.01953125 0.0205078125
3 0.4462890625 0.73828125 0.01953125 0.01953125
3 0.41162109375 0.74365234375 0.0185546875 0.0205078125
3 0.36279296875 0.88330078125 0.0107421875 0.0107421875
3 0.373046875 0.8564453125 0.015625 0.015625
3 0.369140625 0.83349609375 0.013671875 0.0166015625
3 0.3466796875 0.86376953125 0.015625 0.0146484375
3 0.34228515625 0.83984375 0.0146484375 0.015625
3 0.36083984375 0.787109375 0.0146484375 0.017578125
3 0.3564453125 0.76806640625 0.013671875 0.0146484375
3 0.35302734375 0.75 0.0146484375 0.013671875
3 0.33251953125 0.7939453125 0.0146484375 0.015625
3 0.328125 0.7744140625 0.013671875 0.013671875
3 0.3251953125 0.75634765625 0.013671875 0.0146484375
3 0.236328125 0.935546875 0.080078125 0.080078125
3 0.2119140625 0.8046875 0.076171875 0.08203125
3 0.2119140625 0.23193359375 0.005859375 0.0068359375
3 0.20068359375 0.23291015625 0.0087890625 0.0087890625
3 0.20947265625 0.21826171875 0.0048828125 0.0068359375
3 0.4560546875 0.78759765625 0.015625 0.0146484375
3 0.4248046875 0.81396484375 0.015625 0.0146484375
3 0.4599609375 0.80859375 0.015625 0.015625
3 0.5087890625 0.73095703125 0.037109375 0.0361328125
3 0.49365234375 0.978515625 0.0166015625 0.017578125
3 0.46337890625 0.98583984375 0.0146484375 0.0166015625
3 0.48876953125 0.953125 0.0166015625 0.017578125
3 0.45751953125 0.96044921875 0.0166015625 0.0166015625
3 0.48291015625 0.92822265625 0.0166015625 0.0166015625
3 0.45361328125 0.93505859375 0.0166015625 0.0185546875
3 0.42919921875 0.837890625 0.0146484375 0.015625
3 0.40380859375 0.99755859375 0.0166015625 0.0048828125
3 0.39892578125 0.9794921875 0.0185546875 0.017578125
3 0.39404296875 0.95361328125 0.0166015625 0.0185546875
3 0.3662109375 0.9853515625 0.017578125 0.017578125
3 0.36181640625 0.95849609375 0.0166015625 0.0166015625
3 0.46435546875 0.83203125 0.0146484375 0.015625
3 0.19921875 0.220703125 0.0078125 0.0078125
3 0.20556640625 0.19677734375 0.0068359375 0.0068359375
3 0.52001953125 0.7822265625 0.0361328125 0.037109375
3 0.19384765625 0.19921875 0.0068359375 0.0078125
3 0.0908203125 0.36767578125 0.037109375 0.0341796875
3 0.0439453125 0.37548828125 0.03515625 0.0361328125
3 0.08154296875 0.18212890625 0.0087890625 0.0087890625
3 0.0712890625 0.18359375 0.0078125 0.0078125
3 0.0615234375 0.1865234375 0.0078125 0.0078125
3 0.02734375 0.16796875 0.013671875 0.015625
3 0.02392578125 0.1484375 0.0146484375 0.015625
3 0.0205078125 0.13037109375 0.01171875 0.0126953125
3 0.01611328125 0.1103515625 0.0126953125 0.013671875
3 0.109375 0.900390625 0.009765625 0.013671875
3 0.0546875 0.96435546875 0.080078125 0.0712890625
3 0.03515625 0.8408203125 0.068359375 0.078125
3 0.00927734375 0.5625 0.0166015625 0.02734375
3 0.21826171875 0.533203125 0.0322265625 0.033203125
3 0.1845703125 0.587890625 0.033203125 0.033203125
3 0.17431640625 0.541015625 0.0322265625 0.033203125
3 0.14013671875 0.59716796875 0.0341796875 0.0341796875
3 0.13037109375 0.5498046875 0.0322265625 0.033203125
3 0.05908203125 0.6005859375 0.0263671875 0.029296875
3 0.048828125 0.5537109375 0.02734375 0.02734375
3 0.013671875 0.60888671875 0.025390625 0.0283203125
3 0.55859375 0.72314453125 0.037109375 0.0361328125
3 0.56787109375 0.77392578125 0.0341796875 0.0380859375
3 0.72900390625 0.70068359375 0.0576171875 0.0595703125
3 0.74072265625 0.9013671875 0.0126953125 0.015625
3 0.7373046875 0.8779296875 0.01953125 0.01953125
3 0.7177734375 0.90576171875 0.01953125 0.0205078125
3 0.71240234375 0.8818359375 0.0185546875 0.01953125
3 0.693359375 0.91015625 0.017578125 0.01953125
3 0.68896484375 0.88720703125 0.0185546875 0.0185546875
3 0.82080078125 0.76416015625 0.0576171875 0.0595703125
3 0.74365234375 0.77734375 0.0595703125 0.060546875
3 0.22802734375 0.5810546875 0.0322265625 0.033203125
3 0.8056640625 0.68603515625 0.05859375 0.0556640625
3 0.673828125 0.76708984375 0.033203125 0.0322265625
3 0.5283203125 0.83349609375 0.033203125 0.0322265625
3 0.6630859375 0.71728515625 0.03125 0.0322265625
3 0.607421875 0.95263671875 0.02734375 0.0263671875
3 0.5986328125 0.912109375 0.02734375 0.029296875
3 0.54443359375 0.90869140625 0.0361328125 0.0361328125
3 0.580078125 0.82568359375 0.033203125 0.0322265625
3 0.72412109375 0.35791015625 0.0185546875 0.0185546875
3 0.669921875 0.46484375 0.017578125 0.017578125
3 0.6240234375 0.4736328125 0.015625 0.017578125
3 0.60205078125 0.47802734375 0.0107421875 0.0126953125
3 0.66455078125 0.43359375 0.0166015625 0.017578125
3 0.64111328125 0.4384765625 0.0185546875 0.017578125
3 0.6181640625 0.44287109375 0.017578125 0.0185546875
3 0.59521484375 0.44775390625 0.0146484375 0.0146484375
3 0.68310546875 0.36962890625 0.0126953125 0.0146484375
3 0.69970703125 0.3623046875 0.0185546875 0.017578125
3 0.7197265625 0.33740234375 0.015625 0.0166015625
3 0.6962890625 0.07861328125 0.0078125 0.0087890625
3 0.69384765625 0.0673828125 0.0087890625 0.009765625
