3 0.490234375 0.470703125 0.01953125 0.01953125
3 0.58642578125 0.13232421875 0.0791015625 0.0791015625
3 0.4130859375 0.17529296875 0.044921875 0.0458984375
3 0.46630859375 0.2255859375 0.0576171875 0.060546875
3 0.55224609375 0.23291015625 0.0771484375 0.0771484375
3 0.6484375 0.232421875 0.080078125 0.08203125
3 0.41845703125 0.3671875 0.0595703125 0.060546875
3 0.4169921875 0.44580078125 0.05859375 0.0615234375
3 0.49072265625 0.4462890625 0.0166015625 0.01953125
3 0.57177734375 0.33984375 0.0595703125 0.05859375
3 0.4150390625 0.94970703125 0.01171875 0.0126953125
3 0.6689453125 0.3505859375 0.078125 0.076171875
3 0.5712890625 0.416015625 0.060546875 0.05859375
3 0.6689453125 0.44677734375 0.076171875 0.0791015625
3 0.57373046875 0.49267578125 0.0595703125 0.0576171875
3 0.66845703125 0.544921875 0.0771484375 0.080078125
3 0.5732421875 0.5625 0.046875 0.046875
3 0.435546875 0.6015625 0.060546875 0.056640625
3 0.43701171875 0.67822265625 0.0576171875 0.0595703125
3 0.49072265625 0.130859375 0.0771484375 0.078125
3 0.412109375 0.11279296875 0.044921875 0.0458984375
3 0.494140625 0.03662109375 0.029296875 0.0302734375
3 0.44921875 0.03125 0.037109375 0.037109375
3 0.0791015625 0.25732421875 0.060546875 0.0595703125
3 0.14697265625 0.2109375 0.0146484375 0.013671875
3 0.2001953125 0.21044921875 0.01171875 0.0126953125
3 0.16552734375 0.27880859375 0.0595703125 0.0615234375
3 0.0771484375 0.337890625 0.05859375 0.060546875
3 0.16259765625 0.36767578125 0.0634765625 0.0615234375
3 0.2587890625 0.271484375 0.02734375 0.02734375
3 0.30126953125 0.2705078125 0.0283203125 0.029296875
3 0.2578125 0.31005859375 0.021484375 0.0224609375
3 0.30029296875 0.30908203125 0.0283203125 0.0283203125
3 0.2578125 0.34521484375 0.021484375 0.0224609375
3 0.30078125 0.34423828125 0.01953125 0.0205078125
3 0.39794921875 0.03125 0.0380859375 0.0390625
3 0.43505859375 0.75927734375 0.0595703125 0.0576171875
3 0.30908203125 0.0947265625 0.0263671875 0.02734375
3 0.27001953125 0.09423828125 0.0283203125 0.0283203125
3 0.31005859375 0.0556640625 0.0283203125 0.029296875
3 0.27197265625 0.1298828125 0.0205078125 0.021484375
3 0.2568359375 0.15283203125 0.009765625 0.0107421875
3 0.27197265625 0.15283203125 0.0107421875 0.0107421875
3 0.30908203125 0.12890625 0.0205078125 0.021484375
3 0.27099609375 0.00244140625 0.0205078125 0.0029296875
3 0.27197265625 0.02197265625 0.0205078125 0.0205078125
3 0.3095703125 0.01806640625 0.02734375 0.0283203125
3 0.2705078125 0.0556640625 0.025390625 0.029296875
