13 0.03173828125 0.359375 0.0517578125 0.06640625
3 0.765625 0.529296875 0.01953125 0.021484375
3 0.75341796875 0.560546875 0.0224609375 0.025390625
3 0.73388671875 0.58544921875 0.0224609375 0.0244140625
3 0.74609375 0.650390625 0.0390625 0.0390625
3 0.708984375 0.6181640625 0.03125 0.033203125
3 0.74072265625 0.70556640625 0.0400390625 0.0361328125
3 0.6943359375 0.6689453125 0.037109375 0.041015625
3 0.75390625 0.40771484375 0.04296875 0.0400390625
3 0.68505859375 0.46240234375 0.0595703125 0.0537109375
3 0.62353515625 0.54638671875 0.0751953125 0.0791015625
3 0.51513671875 0.119140625 0.0283203125 0.03125
3 0.5400390625 0.08544921875 0.0234375 0.0263671875
3 0.79541015625 0.33154296875 0.0224609375 0.0244140625
3 0.6708984375 0.21484375 0.056640625 0.060546875
3 0.599609375 0.1611328125 0.05859375 0.056640625
3 0.72265625 0.14208984375 0.056640625 0.0595703125
3 0.80224609375 0.03271484375 0.0400390625 0.0419921875
3 0.69873046875 0.025390625 0.0419921875 0.041015625
3 0.77099609375 0.078125 0.0380859375 0.041015625
3 0.65185546875 0.0888671875 0.0576171875 0.05859375
3 0.6005859375 0.00634765625 0.021484375 0.0107421875
3 0.58349609375 0.02490234375 0.0244140625 0.0244140625
3 0.5625 0.05419921875 0.0234375 0.0244140625
3 0.62255859375 0.328125 0.0615234375 0.0546875
3 0.5791015625 0.39013671875 0.056640625 0.0576171875
3 0.52734375 0.45947265625 0.056640625 0.0576171875
3 0.552734375 0.27392578125 0.05859375 0.0576171875
3 0.50927734375 0.3369140625 0.0595703125 0.0625
3 0.4541015625 0.4091796875 0.060546875 0.056640625
3 0.47998046875 0.19677734375 0.0302734375 0.0322265625
3 0.4501953125 0.23779296875 0.029296875 0.0283203125
3 0.43115234375 0.16162109375 0.0341796875 0.0302734375
3 0.40087890625 0.20263671875 0.0302734375 0.0283203125
3 0.37353515625 0.291015625 0.0771484375 0.076171875
3 0.77001953125 0.31103515625 0.0224609375 0.0224609375
3 0.7412109375 0.2890625 0.021484375 0.021484375
3 0.76025390625 0.26318359375 0.0244140625 0.0224609375
3 0.77685546875 0.23486328125 0.0185546875 0.0185546875
3 0.98779296875 0.1591796875 0.0244140625 0.029296875
3 0.9912109375 0.11328125 0.017578125 0.029296875
3 0.9931640625 0.068359375 0.013671875 0.029296875
3 0.9228515625 0.2724609375 0.072265625 0.072265625
3 0.91064453125 0.3681640625 0.0693359375 0.068359375
3 0.89697265625 0.51171875 0.0732421875 0.0703125
3 0.88916015625 0.6044921875 0.0732421875 0.0703125
3 0.8251953125 0.16943359375 0.01953125 0.0205078125
3 0.8095703125 0.19189453125 0.01953125 0.0205078125
3 0.79248046875 0.212890625 0.0185546875 0.01953125
3 0.80810546875 0.25830078125 0.0205078125 0.0224609375
3 0.78857421875 0.2841796875 0.0224609375 0.0234375
3 0.974609375 0.61376953125 0.05078125 0.0693359375
3 0.97802734375 0.52001953125 0.0439453125 0.0673828125
3 0.9853515625 0.37744140625 0.029296875 0.0712890625
3 0.9912109375 0.28173828125 0.017578125 0.0693359375
