4 0.7294921875 0.025390625 0.1171875 0.033203125
4 0.72998046875 0.0517578125 0.1005859375 0.03125
5 0.8515625 0.06787109375 0.294921875 0.1044921875
4 0.5341796875 0.01611328125 0.060546875 0.0302734375
4 0.3466796875 0.10595703125 0.384765625 0.1455078125
4 0.025390625 0.10595703125 0.048828125 0.0458984375
4 0.73193359375 0.00634765625 0.1220703125 0.0107421875
5 0.3017578125 0.173828125 0.6015625 0.1640625
5 0.7109375 0.42724609375 0.1328125 0.5126953125
4 0.0400390625 0.1630859375 0.078125 0.087890625
