2 0.82177734375 0.4033203125 0.1689453125 0.166015625
2 0.853515625 0.58935546875 0.091796875 0.0888671875
2 0.970703125 0.4765625 0.05859375 0.103515625
2 0.58251953125 0.5673828125 0.0908203125 0.091796875
1 0.07470703125 0.36376953125 0.0185546875 0.0166015625
1 0.1064453125 0.3359375 0.021484375 0.01171875
2 0.53857421875 0.83642578125 0.1884765625 0.1806640625
2 0.0888671875 0.8408203125 0.17578125 0.171875
2 0.1201171875 0.93896484375 0.10546875 0.0888671875
1 0.005859375 0.9013671875 0.009765625 0.015625
2 0.84228515625 0.11328125 0.0966796875 0.12890625
1 0.0224609375 0.92236328125 0.015625 0.0166015625
