1 0.2060546875 0.1171875 0.037109375 0.03515625
5 0.00830078125 0.5234375 0.0146484375 0.025390625
1 0.24609375 0.06005859375 0.03515625 0.0400390625
1 0.19873046875 0.12744140625 0.0341796875 0.0322265625
1 0.16748046875 0.1689453125 0.0361328125 0.037109375
1 0.14990234375 0.18896484375 0.0341796875 0.0341796875
1 0.140625 0.20068359375 0.03125 0.0302734375
1 0.27734375 0.01806640625 0.03125 0.0341796875
1 0.31689453125 0.05615234375 0.0341796875 0.0380859375
1 0.28857421875 0.02978515625 0.0341796875 0.0361328125
1 0.22265625 0.23828125 0.03125 0.029296875
1 0.21533203125 0.25 0.0322265625 0.029296875
