4 0.40234375 0.48974609375 0.15234375 0.0556640625
4 0.396484375 0.45703125 0.154296875 0.064453125
4 0.365234375 0.40673828125 0.146484375 0.0830078125
4 0.37646484375 0.369140625 0.1533203125 0.0703125
4 0.349609375 0.3291015625 0.130859375 0.06640625
4 0.3134765625 0.54345703125 0.123046875 0.0615234375
4 0.30517578125 0.56591796875 0.1181640625 0.0556640625
4 0.26904296875 0.6708984375 0.0341796875 0.126953125
4 0.23046875 0.67822265625 0.044921875 0.1708984375
4 0.32275390625 0.8896484375 0.1123046875 0.021484375
4 0.22802734375 0.849609375 0.0888671875 0.033203125
4 0.34033203125 0.8720703125 0.0751953125 0.02734375
4 0.29638671875 0.92529296875 0.1123046875 0.0361328125
4 0.27294921875 0.98291015625 0.1044921875 0.0341796875
4 0.1875 0.98291015625 0.01171875 0.0341796875
4 0.17578125 0.98095703125 0.01171875 0.0380859375
4 0.16259765625 0.97705078125 0.0146484375 0.0458984375
4 0.146484375 0.978515625 0.017578125 0.04296875
4 0.1103515625 0.8935546875 0.017578125 0.095703125
4 0.08642578125 0.95947265625 0.0341796875 0.0810546875
4 0.060546875 0.95654296875 0.033203125 0.0869140625
4 0.041015625 0.95947265625 0.01953125 0.0732421875
4 0.025390625 0.9599609375 0.017578125 0.078125
4 0.03759765625 0.87255859375 0.0458984375 0.0927734375
