5 0.10693359375 0.27490234375 0.2119140625 0.0654296875
2 0.4267578125 0.4462890625 0.076171875 0.1171875
2 0.4326171875 0.51953125 0.08203125 0.091796875
2 0.44140625 0.57373046875 0.083984375 0.0947265625
2 0.48876953125 0.55078125 0.0654296875 0.083984375
2 0.5126953125 0.59326171875 0.083984375 0.1103515625
2 0.4140625 0.33642578125 0.0859375 0.1240234375
4 0.3515625 0.41259765625 0.037109375 0.0830078125
4 0.375 0.5 0.04296875 0.09765625
4 0.3896484375 0.58349609375 0.025390625 0.0615234375
4 0.32861328125 0.3154296875 0.0400390625 0.1015625
4 0.255859375 0.14404296875 0.056640625 0.1181640625
4 0.23486328125 0.04052734375 0.0439453125 0.0791015625
4 0.15478515625 0.5654296875 0.0146484375 0.02734375
