4 0.45361328125 0.439453125 0.0791015625 0.01953125
4 0.7294921875 0.5771484375 0.1171875 0.033203125
4 0.72998046875 0.603515625 0.1005859375 0.03125
5 0.8515625 0.61962890625 0.294921875 0.1044921875
4 0.54150390625 0.55615234375 0.0751953125 0.0537109375
4 0.48046875 0.55029296875 0.083984375 0.0380859375
4 0.38671875 0.53271484375 0.076171875 0.0283203125
4 0.38623046875 0.50146484375 0.0791015625 0.0263671875
4 0.4560546875 0.4609375 0.078125 0.0234375
4 0.3154296875 0.037109375 0.25 0.072265625
4 0.73681640625 0.52294921875 0.1396484375 0.0322265625
4 0.3896484375 0.0205078125 0.1328125 0.0390625
4 0.3466796875 0.65771484375 0.384765625 0.1455078125
4 0.025390625 0.65771484375 0.048828125 0.0458984375
4 0.73193359375 0.55126953125 0.1220703125 0.0244140625
4 0.72119140625 0.45361328125 0.0927734375 0.0400390625
5 0.3017578125 0.7255859375 0.6015625 0.1640625
4 0.43408203125 0.3759765625 0.2158203125 0.0625
4 0.71875 0.43212890625 0.095703125 0.0400390625
5 0.6884765625 0.861328125 0.087890625 0.27734375
4 0.6396484375 0.107421875 0.05078125 0.0234375
4 0.0400390625 0.71484375 0.078125 0.087890625
