4 0.61865234375 0.265625 0.0927734375 0.201171875
4 0.69775390625 0.99169921875 0.0517578125 0.0166015625
4 0.900390625 0.943359375 0.048828125 0.11328125
4 0.935546875 0.6923828125 0.05078125 0.189453125
4 0.92626953125 0.02001953125 0.0478515625 0.0380859375
4 0.9765625 0.31640625 0.046875 0.193359375
4 0.88037109375 0.42919921875 0.0595703125 0.1806640625
4 0.859375 0.19921875 0.095703125 0.22265625
4 0.75244140625 0.54638671875 0.0576171875 0.1962890625
4 0.5576171875 0.03369140625 0.060546875 0.0654296875
4 0.51171875 0.029296875 0.05859375 0.056640625
4 0.48388671875 0.1279296875 0.0556640625 0.138671875
4 0.46142578125 0.29052734375 0.0615234375 0.1455078125
4 0.44921875 0.44580078125 0.021484375 0.0947265625
4 0.43212890625 0.447265625 0.0224609375 0.095703125
4 0.3994140625 0.59033203125 0.068359375 0.0927734375
4 0.3740234375 0.5751953125 0.08203125 0.099609375
4 0.287109375 0.69189453125 0.05078125 0.0615234375
4 0.31787109375 0.71044921875 0.0478515625 0.0595703125
4 0.30078125 0.70556640625 0.0625 0.0771484375
4 0.1279296875 0.8310546875 0.15625 0.158203125
4 0.15380859375 0.8564453125 0.1650390625 0.1640625
