3 0.54052734375 0.0556640625 0.0185546875 0.01953125
4 0.048828125 0.7529296875 0.095703125 0.302734375
3 0.6748046875 0.240234375 0.021484375 0.021484375
3 0.70458984375 0.2294921875 0.0244140625 0.0234375
3 0.99462890625 0.9912109375 0.0107421875 0.017578125
3 0.755859375 0.2451171875 0.009765625 0.01171875
3 0.64501953125 0.25048828125 0.0224609375 0.0244140625
3 0.8173828125 0.23876953125 0.033203125 0.0361328125
3 0.779296875 0.251953125 0.033203125 0.03515625
3 0.8896484375 0.57568359375 0.017578125 0.0185546875
