4 0.45068359375 0.20263671875 0.0517578125 0.0439453125
4 0.36767578125 0.21826171875 0.0595703125 0.0517578125
4 0.376953125 0.232421875 0.064453125 0.056640625
4 0.25146484375 0.1611328125 0.0478515625 0.0546875
4 0.26416015625 0.15234375 0.0439453125 0.046875
4 0.27978515625 0.14453125 0.0693359375 0.0703125
4 0.3115234375 0.24072265625 0.052734375 0.0634765625
4 0.39013671875 0.24560546875 0.0673828125 0.0595703125
4 0.89990234375 0.47412109375 0.0439453125 0.0576171875
4 0.91259765625 0.49853515625 0.0654296875 0.0869140625
4 0.966796875 0.52490234375 0.0546875 0.0556640625
4 0.9921875 0.517578125 0.015625 0.029296875
