4 0.02685546875 0.24609375 0.0517578125 0.099609375
4 0.14697265625 0.47509765625 0.1103515625 0.1591796875
1 0.34912109375 0.00341796875 0.0068359375 0.0048828125
1 0.35888671875 0.01025390625 0.0126953125 0.0185546875
1 0.37353515625 0.03369140625 0.0166015625 0.0205078125
1 0.15771484375 0.21337890625 0.0146484375 0.0205078125
1 0.1884765625 0.251953125 0.013671875 0.01953125
1 0.22705078125 0.3193359375 0.0126953125 0.017578125
1 0.259765625 0.3623046875 0.015625 0.01953125
1 0.56689453125 0.357421875 0.0185546875 0.01171875
1 0.5712890625 0.36181640625 0.017578125 0.0107421875
1 0.57421875 0.36669921875 0.017578125 0.0107421875
1 0.57080078125 0.38916015625 0.0107421875 0.0185546875
1 0.58447265625 0.3583984375 0.0107421875 0.017578125
1 0.50439453125 0.31982421875 0.0244140625 0.0126953125
1 0.5693359375 0.1572265625 0.009765625 0.017578125
1 0.6455078125 0.1494140625 0.021484375 0.013671875
1 0.64990234375 0.15673828125 0.0185546875 0.0087890625
1 0.6005859375 0.037109375 0.01953125 0.01171875
1 0.6015625 0.0419921875 0.01953125 0.01171875
1 0.62548828125 0.09716796875 0.0185546875 0.0107421875
1 0.62841796875 0.10302734375 0.0205078125 0.0126953125
1 0.57373046875 0.02978515625 0.0126953125 0.0224609375
1 0.58837890625 0.0244140625 0.0126953125 0.021484375
1 0.63134765625 0.0380859375 0.0126953125 0.0234375
1 0.6015625 0.14453125 0.01171875 0.017578125
4 0.849609375 0.7421875 0.01953125 0.01171875
4 0.87109375 0.7353515625 0.021484375 0.01171875
4 0.89208984375 0.7275390625 0.0185546875 0.01171875
4 0.92724609375 0.67236328125 0.0400390625 0.0244140625
4 0.9287109375 0.6826171875 0.029296875 0.017578125
4 0.9951171875 0.67529296875 0.009765625 0.0146484375
1 0.5810546875 0.1533203125 0.01171875 0.017578125
1 0.576171875 0.15771484375 0.01171875 0.0224609375
1 0.50927734375 0.3291015625 0.0224609375 0.013671875
1 0.537109375 0.40087890625 0.01171875 0.0205078125
1 0.513671875 0.337890625 0.021484375 0.01171875
1 0.5146484375 0.3427734375 0.025390625 0.013671875
1 0.51708984375 0.3486328125 0.0224609375 0.01171875
1 0.52099609375 0.36328125 0.0224609375 0.013671875
1 0.50244140625 0.3798828125 0.0224609375 0.013671875
1 0.48681640625 0.33251953125 0.0224609375 0.0126953125
1 0.50537109375 0.39599609375 0.0224609375 0.0107421875
1 0.5029296875 0.4130859375 0.01171875 0.021484375
1 0.5078125 0.41162109375 0.01171875 0.0224609375
1 0.51806640625 0.408203125 0.0126953125 0.021484375
1 0.52685546875 0.4052734375 0.0126953125 0.021484375
1 0.53173828125 0.40234375 0.0107421875 0.021484375
1 0.5419921875 0.39892578125 0.01171875 0.0224609375
1 0.5634765625 0.15966796875 0.009765625 0.0146484375
1 0.54736328125 0.39697265625 0.0107421875 0.0185546875
1 0.498046875 0.25439453125 0.01171875 0.0224609375
1 0.51708984375 0.2470703125 0.0107421875 0.017578125
1 0.52490234375 0.10498046875 0.0126953125 0.0185546875
1 0.53173828125 0.10595703125 0.0107421875 0.0205078125
1 0.54345703125 0.09814453125 0.0107421875 0.0185546875
1 0.548828125 0.0927734375 0.01171875 0.01953125
1 0.556640625 0.0478515625 0.021484375 0.01171875
1 0.55859375 0.05419921875 0.021484375 0.0126953125
1 0.5595703125 0.16357421875 0.01171875 0.0205078125
3 0.66943359375 0.59375 0.0185546875 0.01953125
3 0.72216796875 0.65478515625 0.0244140625 0.0244140625
3 0.73095703125 0.68310546875 0.0283203125 0.0263671875
3 0.75732421875 0.677734375 0.0146484375 0.015625
3 0.7763671875 0.671875 0.015625 0.015625
3 0.7509765625 0.66064453125 0.015625 0.0146484375
3 0.76953125 0.6552734375 0.017578125 0.015625
3 0.74462890625 0.64208984375 0.0166015625 0.0166015625
3 0.76318359375 0.634765625 0.0166015625 0.017578125
3 0.6220703125 0.64208984375 0.02734375 0.0263671875
3 0.65283203125 0.63037109375 0.0244140625 0.0224609375
3 0.61083984375 0.60888671875 0.0263671875 0.0263671875
3 0.64208984375 0.603515625 0.0244140625 0.0234375
3 0.6767578125 0.61865234375 0.017578125 0.0185546875
3 0.69140625 0.66552734375 0.0234375 0.0244140625
3 0.6923828125 0.58251953125 0.015625 0.0166015625
3 0.71337890625 0.5751953125 0.0166015625 0.015625
3 0.73046875 0.56787109375 0.017578125 0.0166015625
3 0.72119140625 0.5927734375 0.0166015625 0.015625
3 0.69970703125 0.6005859375 0.0166015625 0.015625
3 0.70703125 0.61865234375 0.015625 0.0166015625
3 0.7275390625 0.61083984375 0.015625 0.0166015625
3 0.73779296875 0.5869140625 0.0146484375 0.015625
3 0.74365234375 0.6025390625 0.0146484375 0.015625
3 0.56689453125 0.5048828125 0.0224609375 0.0234375
3 0.58056640625 0.5361328125 0.0283203125 0.02734375
3 0.591796875 0.5703125 0.029296875 0.02734375
3 0.69921875 0.6953125 0.02734375 0.02734375
3 0.6689453125 0.70751953125 0.025390625 0.0263671875
3 0.6142578125 0.52392578125 0.02734375 0.0263671875
3 0.40087890625 0.498046875 0.0224609375 0.0234375
3 0.43798828125 0.49462890625 0.0322265625 0.0341796875
3 0.6591796875 0.6767578125 0.025390625 0.025390625
3 0.48193359375 0.478515625 0.0341796875 0.033203125
3 0.41162109375 0.52587890625 0.0224609375 0.0244140625
3 0.45556640625 0.5361328125 0.0361328125 0.03515625
3 0.4951171875 0.51904296875 0.03515625 0.0341796875
3 0.4697265625 0.5771484375 0.033203125 0.033203125
3 0.51025390625 0.56201171875 0.0341796875 0.0341796875
3 0.513671875 0.70556640625 0.03125 0.0302734375
3 0.53466796875 0.7412109375 0.0322265625 0.033203125
3 0.5732421875 0.7275390625 0.033203125 0.033203125
3 0.6455078125 0.71923828125 0.015625 0.0146484375
3 0.6337890625 0.681640625 0.015625 0.015625
3 0.63916015625 0.7001953125 0.0166015625 0.015625
3 0.6259765625 0.556640625 0.02734375 0.02734375
3 0.59375 0.4951171875 0.021484375 0.025390625
3 0.62451171875 0.494140625 0.0244140625 0.0234375
3 0.59765625 0.41650390625 0.02734375 0.0283203125
3 0.65185546875 0.4833984375 0.0224609375 0.021484375
3 0.67724609375 0.47314453125 0.0205078125 0.0205078125
3 0.69140625 0.49658203125 0.017578125 0.0185546875
3 0.6435546875 0.51416015625 0.021484375 0.0224609375
3 0.66796875 0.50341796875 0.021484375 0.0224609375
3 0.6513671875 0.53857421875 0.021484375 0.0224609375
3 0.6787109375 0.52880859375 0.017578125 0.0185546875
3 0.7001953125 0.52197265625 0.017578125 0.0185546875
3 0.54541015625 0.43701171875 0.0263671875 0.0263671875
3 0.5556640625 0.46875 0.025390625 0.025390625
3 0.56982421875 0.42724609375 0.0263671875 0.0263671875
3 0.58154296875 0.4580078125 0.0263671875 0.02734375
3 0.6083984375 0.44873046875 0.02734375 0.0263671875
3 0.64453125 0.40087890625 0.029296875 0.0302734375
3 0.65283203125 0.43310546875 0.0244140625 0.0244140625
3 0.6748046875 0.39013671875 0.02734375 0.0302734375
3 0.68017578125 0.423828125 0.0244140625 0.0234375
3 0.70458984375 0.37939453125 0.0283203125 0.0302734375
3 0.71044921875 0.412109375 0.0302734375 0.02734375
