1 0.96337890625 0.36376953125 0.0283203125 0.0068359375
1 0.98291015625 0.27734375 0.0205078125 0.021484375
4 0.99169921875 0.71826171875 0.0166015625 0.0224609375
4 0.95751953125 0.7265625 0.0400390625 0.0234375
4 0.96044921875 0.73876953125 0.0439453125 0.0244140625
4 0.92529296875 0.75830078125 0.0380859375 0.0302734375
4 0.92919921875 0.77099609375 0.0341796875 0.0283203125
4 0.96484375 0.75048828125 0.04296875 0.0244140625
4 0.9638671875 0.76708984375 0.0703125 0.0419921875
1 0.99072265625 0.357421875 0.0185546875 0.01171875
1 0.9755859375 0.25927734375 0.01171875 0.0126953125
1 0.916015625 0.3212890625 0.015625 0.02734375
1 0.2919921875 0.6875 0.009765625 0.015625
4 0.35791015625 0.98974609375 0.0654296875 0.0205078125
4 0.44091796875 0.9677734375 0.0634765625 0.033203125
4 0.4404296875 0.94921875 0.06640625 0.037109375
1 0.83984375 0.36181640625 0.02734375 0.0107421875
1 0.8818359375 0.2548828125 0.01953125 0.0234375
1 0.78662109375 0.044921875 0.0166015625 0.01953125
1 0.9541015625 0.2412109375 0.021484375 0.025390625
1 0.97265625 0.2373046875 0.015625 0.017578125
1 0.1982421875 0.03173828125 0.029296875 0.0166015625
4 0.044921875 0.9521484375 0.01953125 0.01171875
4 0.06640625 0.9453125 0.021484375 0.01171875
4 0.08740234375 0.9375 0.0185546875 0.01171875
4 0.12255859375 0.88232421875 0.0400390625 0.0244140625
4 0.1240234375 0.892578125 0.029296875 0.017578125
4 0.2109375 0.8779296875 0.05078125 0.029296875
1 0.212890625 0.5 0.013671875 0.02734375
1 0.15966796875 0.05078125 0.0205078125 0.015625
1 0.119140625 0.0693359375 0.02734375 0.015625
1 0.22412109375 0.03564453125 0.0185546875 0.0107421875
1 0.19140625 0.041015625 0.021484375 0.013671875
3 0.544921875 0.517578125 0.017578125 0.017578125
3 0.56494140625 0.5107421875 0.0166015625 0.017578125
3 0.4833984375 0.56494140625 0.0234375 0.0224609375
3 0.5087890625 0.56201171875 0.013671875 0.0166015625
3 0.51416015625 0.58056640625 0.0185546875 0.0185546875
3 0.49169921875 0.591796875 0.0224609375 0.0234375
3 0.5009765625 0.6162109375 0.0234375 0.0234375
3 0.52197265625 0.6005859375 0.0185546875 0.021484375
3 0.5068359375 0.640625 0.015625 0.015625
3 0.52490234375 0.63330078125 0.0166015625 0.0166015625
3 0.51318359375 0.6572265625 0.0146484375 0.017578125
3 0.99853515625 0.775390625 0.0029296875 0.01171875
3 0.7001953125 0.49853515625 0.02734375 0.0283203125
3 0.53125 0.65185546875 0.015625 0.0166015625
3 0.53759765625 0.66796875 0.0146484375 0.015625
3 0.54248046875 0.6826171875 0.0146484375 0.013671875
3 0.51708984375 0.67529296875 0.0166015625 0.0146484375
3 0.521484375 0.69189453125 0.013671875 0.0146484375
3 0.70458984375 0.97119140625 0.0166015625 0.0185546875
3 0.712890625 0.53125 0.025390625 0.0234375
3 0.744140625 0.9501953125 0.015625 0.017578125
3 0.6611328125 0.5908203125 0.017578125 0.01953125
3 0.67333984375 0.62158203125 0.0263671875 0.0244140625
3 0.70849609375 0.60693359375 0.0244140625 0.0263671875
3 0.6826171875 0.5830078125 0.01953125 0.01953125
3 0.70703125 0.5732421875 0.017578125 0.017578125
3 0.74169921875 0.59619140625 0.0263671875 0.0263671875
3 0.77490234375 0.583984375 0.0283203125 0.02734375
3 0.73046875 0.56298828125 0.0234375 0.0244140625
3 0.763671875 0.55126953125 0.02734375 0.0263671875
3 0.7421875 0.51513671875 0.025390625 0.0283203125
