3 0.95556640625 0.74560546875 0.0126953125 0.0146484375
3 0.2333984375 0.5849609375 0.052734375 0.052734375
3 0.9111328125 0.7353515625 0.0078125 0.0078125
3 0.92431640625 0.568359375 0.0322265625 0.03515625
3 0.91650390625 0.70166015625 0.0146484375 0.0146484375
3 0.92626953125 0.71435546875 0.0146484375 0.0146484375
3 0.8974609375 0.71240234375 0.0078125 0.0087890625
3 0.89208984375 0.71875 0.0087890625 0.0078125
3 0.8857421875 0.7236328125 0.0078125 0.0078125
3 0.87841796875 0.7294921875 0.0068359375 0.0078125
3 0.9052734375 0.72802734375 0.0078125 0.0087890625
3 0.91796875 0.74267578125 0.0078125 0.0087890625
3 0.93505859375 0.73486328125 0.0087890625 0.0107421875
3 0.94189453125 0.7265625 0.0087890625 0.0078125
3 0.9443359375 0.73974609375 0.0078125 0.0087890625
3 0.94384765625 0.7490234375 0.0087890625 0.009765625
