4 0.23486328125 0.099609375 0.0244140625 0.083984375
4 0.2490234375 0.45703125 0.03515625 0.09375
4 0.2529296875 0.62744140625 0.046875 0.0888671875
4 0.22509765625 0.68017578125 0.1064453125 0.0693359375
4 0.2529296875 0.84912109375 0.087890625 0.1005859375
4 0.23828125 0.89111328125 0.107421875 0.0869140625
4 0.23486328125 0.7265625 0.0927734375 0.060546875
4 0.21875 0.1005859375 0.009765625 0.03125
4 0.20849609375 0.19482421875 0.0224609375 0.0458984375
4 0.21923828125 0.1875 0.0185546875 0.048828125
4 0.2314453125 0.18505859375 0.01953125 0.0439453125
4 0.2294921875 0.255859375 0.015625 0.05078125
4 0.21240234375 0.25634765625 0.0166015625 0.0458984375
4 0.224609375 0.45849609375 0.03125 0.0751953125
4 0.22705078125 0.01904296875 0.0224609375 0.0361328125
0 0.35791015625 0.99462890625 0.0146484375 0.0107421875
0 0.3544921875 0.96728515625 0.015625 0.0322265625
0 0.34619140625 0.9248046875 0.0166015625 0.03125
0 0.3427734375 0.88916015625 0.015625 0.0322265625
4 0.2080078125 0.10546875 0.013671875 0.03515625
0 0.68017578125 0.7421875 0.0224609375 0.025390625
0 0.70068359375 0.44970703125 0.0302734375 0.0244140625
0 0.76416015625 0.46728515625 0.0302734375 0.0263671875
0 0.83203125 0.36474609375 0.03125 0.0263671875
0 0.5390625 0.96240234375 0.025390625 0.0302734375
0 0.47412109375 0.98974609375 0.0224609375 0.0205078125
0 0.45849609375 0.833984375 0.0322265625 0.015625
0 0.34423828125 0.84375 0.0146484375 0.03125
0 0.4052734375 0.81982421875 0.013671875 0.0263671875
0 0.37451171875 0.79296875 0.0126953125 0.033203125
0 0.4013671875 0.7421875 0.013671875 0.025390625
0 0.39892578125 0.7099609375 0.0126953125 0.03125
0 0.4453125 0.49609375 0.029296875 0.033203125
0 0.3798828125 0.3115234375 0.013671875 0.029296875
0 0.46826171875 0.2529296875 0.0283203125 0.0234375
0 0.404296875 0.1630859375 0.025390625 0.02734375
