1 0.44677734375 0.15380859375 0.0283203125 0.0068359375
1 0.46630859375 0.0673828125 0.0205078125 0.021484375
1 0.54052734375 0.130859375 0.0146484375 0.017578125
1 0.56640625 0.1923828125 0.0234375 0.02734375
1 0.5830078125 0.2041015625 0.015625 0.017578125
4 0.498046875 0.5009765625 0.0625 0.037109375
4 0.50244140625 0.51708984375 0.0478515625 0.0283203125
4 0.44091796875 0.5166015625 0.0400390625 0.0234375
4 0.44384765625 0.52880859375 0.0439453125 0.0244140625
4 0.55224609375 0.50341796875 0.0556640625 0.0322265625
4 0.40869140625 0.54833984375 0.0380859375 0.0302734375
4 0.41259765625 0.56103515625 0.0341796875 0.0283203125
4 0.4482421875 0.54052734375 0.04296875 0.0244140625
4 0.447265625 0.55712890625 0.0703125 0.0419921875
4 0.50439453125 0.53369140625 0.0556640625 0.0341796875
4 0.55908203125 0.51708984375 0.0478515625 0.0302734375
4 0.61083984375 0.49853515625 0.0478515625 0.0302734375
4 0.65234375 0.47265625 0.044921875 0.025390625
4 0.65869140625 0.4833984375 0.0400390625 0.0234375
4 0.603515625 0.484375 0.04296875 0.025390625
4 0.6044921875 0.3974609375 0.0234375 0.0390625
4 0.61572265625 0.39013671875 0.0283203125 0.0498046875
13 0.74951171875 0.4248046875 0.0947265625 0.103515625
1 0.64501953125 0.2998046875 0.0224609375 0.025390625
1 0.478515625 0.146484375 0.02734375 0.013671875
1 0.458984375 0.04931640625 0.01171875 0.0126953125
1 0.3994140625 0.111328125 0.015625 0.02734375
1 0.3232421875 0.15185546875 0.02734375 0.0107421875
1 0.365234375 0.044921875 0.01953125 0.0234375
1 0.4375 0.03125 0.021484375 0.025390625
1 0.4560546875 0.02734375 0.015625 0.017578125
1 0.86865234375 0.5810546875 0.0107421875 0.01171875
1 0.923828125 0.65478515625 0.013671875 0.0146484375
1 0.9423828125 0.66552734375 0.017578125 0.0205078125
3 0.0283203125 0.3076171875 0.017578125 0.017578125
3 0.04833984375 0.30078125 0.0166015625 0.017578125
3 0.00390625 0.37060546875 0.005859375 0.0185546875
3 0.0078125 0.390625 0.013671875 0.021484375
3 0.00830078125 0.42333984375 0.0166015625 0.0166015625
3 0.00244140625 0.447265625 0.0029296875 0.017578125
3 0.48583984375 0.5654296875 0.0107421875 0.01171875
3 0.49658203125 0.56201171875 0.0107421875 0.0126953125
3 0.18359375 0.28857421875 0.02734375 0.0283203125
3 0.0146484375 0.44189453125 0.015625 0.0166015625
3 0.43896484375 0.97265625 0.0439453125 0.04296875
3 0.02099609375 0.4580078125 0.0146484375 0.015625
3 0.02587890625 0.47265625 0.0146484375 0.013671875
3 0.0048828125 0.46533203125 0.0078125 0.0146484375
3 0.00634765625 0.48193359375 0.0107421875 0.0146484375
3 0.0185546875 0.93310546875 0.03515625 0.0419921875
3 0.05322265625 0.97705078125 0.0380859375 0.0380859375
3 0.09521484375 0.94921875 0.0400390625 0.041015625
3 0.05908203125 0.90283203125 0.0419921875 0.0419921875
3 0.1416015625 0.89599609375 0.041015625 0.0380859375
3 0.17724609375 0.9423828125 0.0400390625 0.0390625
3 0.18798828125 0.76123046875 0.0166015625 0.0185546875
3 0.1962890625 0.3212890625 0.025390625 0.0234375
3 0.23779296875 0.80712890625 0.0126953125 0.0146484375
3 0.2275390625 0.740234375 0.015625 0.017578125
3 0.14453125 0.380859375 0.017578125 0.01953125
3 0.15673828125 0.41162109375 0.0263671875 0.0244140625
3 0.19189453125 0.39697265625 0.0244140625 0.0263671875
3 0.166015625 0.373046875 0.01953125 0.01953125
3 0.1904296875 0.36328125 0.017578125 0.017578125
3 0.22509765625 0.38623046875 0.0263671875 0.0263671875
3 0.25830078125 0.3740234375 0.0283203125 0.02734375
3 0.2138671875 0.35302734375 0.0234375 0.0244140625
3 0.2470703125 0.34130859375 0.02734375 0.0263671875
3 0.2255859375 0.30517578125 0.025390625 0.0283203125
