3 0.0234375 0.26220703125 0.017578125 0.0185546875
3 0.0283203125 0.28125 0.017578125 0.017578125
3 0.01123046875 0.28466796875 0.0166015625 0.0166015625
3 0.001953125 0.2900390625 0.001953125 0.017578125
3 0.08984375 0.2431640625 0.017578125 0.017578125
3 0.07275390625 0.24755859375 0.0146484375 0.0166015625
3 0.0556640625 0.25390625 0.015625 0.017578125
3 0.03955078125 0.2578125 0.0146484375 0.015625
3 0.0078125 0.26806640625 0.013671875 0.0166015625
1 0.69873046875 0.25048828125 0.0146484375 0.0283203125
1 0.42138671875 0.35546875 0.0146484375 0.029296875
3 0.0439453125 0.27490234375 0.017578125 0.0166015625
3 0.060546875 0.27099609375 0.017578125 0.0166015625
3 0.078125 0.265625 0.015625 0.01953125
3 0.76220703125 0.19677734375 0.0224609375 0.0205078125
3 0.75341796875 0.16552734375 0.0244140625 0.0244140625
3 0.74365234375 0.13037109375 0.0244140625 0.0244140625
3 0.73095703125 0.189453125 0.0185546875 0.017578125
3 0.7216796875 0.15771484375 0.01953125 0.0185546875
3 0.7119140625 0.1337890625 0.01171875 0.01171875
3 0.67138671875 0.18798828125 0.0107421875 0.0107421875
3 0.70654296875 0.115234375 0.0087890625 0.009765625
3 0.732421875 0.0947265625 0.025390625 0.025390625
3 0.06005859375 0.310546875 0.0087890625 0.009765625
3 0.47216796875 0.1611328125 0.0107421875 0.009765625
3 0.5556640625 0.10546875 0.009765625 0.009765625
3 0.54345703125 0.10986328125 0.0087890625 0.0087890625
3 0.5283203125 0.14453125 0.009765625 0.0078125
3 0.51708984375 0.1474609375 0.0087890625 0.009765625
3 0.505859375 0.150390625 0.009765625 0.009765625
3 0.49560546875 0.1533203125 0.0087890625 0.009765625
3 0.484375 0.158203125 0.009765625 0.009765625
3 0.4609375 0.16455078125 0.009765625 0.0107421875
3 0.44775390625 0.16796875 0.0107421875 0.009765625
3 0.53271484375 0.22802734375 0.0244140625 0.0244140625
3 0.4951171875 0.23876953125 0.025390625 0.0244140625
3 0.52197265625 0.1943359375 0.0302734375 0.03125
3 0.48486328125 0.20458984375 0.0302734375 0.0302734375
3 0.04052734375 0.31591796875 0.0087890625 0.0107421875
3 0.05029296875 0.3134765625 0.0107421875 0.009765625
3 0.60302734375 0.15234375 0.0087890625 0.009765625
3 0.61328125 0.14892578125 0.009765625 0.0087890625
3 0.623046875 0.14697265625 0.009765625 0.0087890625
3 0.60546875 0.1630859375 0.009765625 0.009765625
3 0.63134765625 0.177734375 0.0087890625 0.009765625
3 0.6220703125 0.1796875 0.0078125 0.0078125
3 0.611328125 0.1826171875 0.009765625 0.009765625
3 0.62841796875 0.16748046875 0.0087890625 0.0087890625
3 0.61865234375 0.16943359375 0.0087890625 0.0087890625
3 0.6083984375 0.171875 0.009765625 0.009765625
3 0.62646484375 0.15771484375 0.0087890625 0.0087890625
3 0.615234375 0.15869140625 0.0078125 0.0087890625
