3 0.251953125 0.7001953125 0.03125 0.03125
3 0.29150390625 0.6630859375 0.0302734375 0.03125
3 0.330078125 0.6279296875 0.029296875 0.02734375
3 0.287109375 0.59423828125 0.029296875 0.0283203125
3 0.19580078125 0.6630859375 0.0146484375 0.013671875
3 0.2158203125 0.64404296875 0.013671875 0.0126953125
3 0.23388671875 0.6611328125 0.0146484375 0.015625
3 0.21484375 0.681640625 0.013671875 0.013671875
3 0.19091796875 0.59423828125 0.0361328125 0.0361328125
3 0.2470703125 0.5634765625 0.017578125 0.021484375
3 0.7099609375 0.984375 0.03125 0.03125
3 0.392578125 0.69189453125 0.056640625 0.0556640625
3 0.4580078125 0.7490234375 0.0546875 0.0546875
3 0.3916015625 0.8115234375 0.0546875 0.0546875
3 0.392578125 0.96142578125 0.0546875 0.0576171875
3 0.32666015625 0.75244140625 0.0576171875 0.0556640625
3 0.474609375 0.88720703125 0.056640625 0.0556640625
3 0.544921875 0.95458984375 0.0546875 0.0556640625
3 0.2392578125 0.951171875 0.056640625 0.056640625
3 0.31298828125 0.8828125 0.0556640625 0.0546875
3 0.1796875 0.88525390625 0.0546875 0.0537109375
3 0.25048828125 0.8203125 0.0556640625 0.0546875
3 0.51708984375 0.80517578125 0.0341796875 0.0341796875
3 0.54541015625 0.779296875 0.0341796875 0.033203125
4 0.12841796875 0.0595703125 0.1123046875 0.10546875
4 0.01220703125 0.5400390625 0.0224609375 0.037109375
4 0.16455078125 0.46630859375 0.2119140625 0.0751953125
4 0.38916015625 0.17822265625 0.0927734375 0.0791015625
4 0.46826171875 0.18603515625 0.2021484375 0.1611328125
4 0.39013671875 0.560546875 0.1455078125 0.125
4 0.71728515625 0.830078125 0.2119140625 0.185546875
4 0.63720703125 0.5068359375 0.2197265625 0.189453125
4 0.84619140625 0.66943359375 0.1689453125 0.1474609375
3 0.0283203125 0.7333984375 0.01953125 0.01953125
3 0.08837890625 0.9052734375 0.0166015625 0.017578125
3 0.1044921875 0.9228515625 0.017578125 0.017578125
3 0.14794921875 0.60205078125 0.0341796875 0.0322265625
3 0.1123046875 0.68212890625 0.044921875 0.0439453125
3 0.17333984375 0.74462890625 0.0439453125 0.0439453125
3 0.0390625 0.70849609375 0.017578125 0.0185546875
3 0.005859375 0.72412109375 0.009765625 0.0107421875
3 0.0595703125 0.72900390625 0.013671875 0.0146484375
3 0.0361328125 0.75537109375 0.01171875 0.0146484375
3 0.04736328125 0.76953125 0.0126953125 0.013671875
3 0.0615234375 0.75634765625 0.013671875 0.0146484375
3 0.07470703125 0.7451171875 0.0126953125 0.015625
3 0.1083984375 0.8037109375 0.0546875 0.0546875
