3 0.7626953125 0.771484375 0.009765625 0.01171875
3 0.75146484375 0.7744140625 0.0087890625 0.009765625
3 0.70703125 0.59765625 0.009765625 0.009765625
3 0.6142578125 0.6259765625 0.01171875 0.01171875
3 0.6123046875 0.6123046875 0.009765625 0.009765625
3 0.6083984375 0.6005859375 0.009765625 0.009765625
3 0.62841796875 0.5322265625 0.0166015625 0.015625
3 0.64013671875 0.51806640625 0.0166015625 0.0166015625
3 0.61279296875 0.51708984375 0.0166015625 0.0166015625
3 0.5947265625 0.59814453125 0.0078125 0.0087890625
3 0.71923828125 0.5947265625 0.0107421875 0.01171875
3 0.59765625 0.607421875 0.005859375 0.0078125
3 0.7294921875 0.78076171875 0.01171875 0.0126953125
3 0.77587890625 0.7802734375 0.0087890625 0.009765625
3 0.76513671875 0.783203125 0.0087890625 0.009765625
3 0.75537109375 0.7861328125 0.0087890625 0.009765625
3 0.74560546875 0.7890625 0.0087890625 0.009765625
3 0.7333984375 0.791015625 0.01171875 0.01171875
3 0.72119140625 0.79736328125 0.0107421875 0.0107421875
3 0.74169921875 0.77880859375 0.0107421875 0.0107421875
3 0.7197265625 0.78564453125 0.01171875 0.0126953125
3 0.60009765625 0.61669921875 0.0068359375 0.0087890625
3 0.73779296875 0.76708984375 0.0107421875 0.0107421875
3 0.72509765625 0.771484375 0.0107421875 0.01171875
3 0.71484375 0.7724609375 0.013671875 0.013671875
3 0.71240234375 0.8115234375 0.0107421875 0.01171875
3 0.70947265625 0.79931640625 0.0126953125 0.0126953125
3 0.7060546875 0.78759765625 0.01171875 0.0126953125
3 0.70166015625 0.7763671875 0.0126953125 0.013671875
