4 0.49267578125 0.4716796875 0.0810546875 0.025390625
0 0.62255859375 0.10693359375 0.0146484375 0.0322265625
0 0.62353515625 0.1455078125 0.0146484375 0.029296875
0 0.62646484375 0.181640625 0.0126953125 0.025390625
0 0.62841796875 0.22119140625 0.0146484375 0.0322265625
0 0.63330078125 0.29052734375 0.0146484375 0.0283203125
0 0.6337890625 0.36474609375 0.013671875 0.0283203125
0 0.63330078125 0.32861328125 0.0146484375 0.0322265625
4 0.74072265625 0.34521484375 0.0146484375 0.0439453125
4 0.72314453125 0.35205078125 0.0205078125 0.0732421875
4 0.72216796875 0.8076171875 0.0205078125 0.041015625
4 0.71240234375 0.72412109375 0.0419921875 0.1083984375
4 0.72705078125 0.50439453125 0.0263671875 0.0439453125
0 0.5595703125 0.64794921875 0.015625 0.0302734375
0 0.6513671875 0.80615234375 0.017578125 0.0341796875
4 0.69921875 0.21875 0.03515625 0.01171875
4 0.7021484375 0.2578125 0.037109375 0.021484375
4 0.7255859375 0.29248046875 0.044921875 0.0166015625
4 0.685546875 0.31640625 0.041015625 0.107421875
4 0.69775390625 0.47119140625 0.0380859375 0.1279296875
4 0.72119140625 0.89501953125 0.0380859375 0.1162109375
4 0.98828125 0.66650390625 0.0234375 0.0419921875
4 0.70458984375 0.59765625 0.0400390625 0.1015625
4 0.7001953125 0.24169921875 0.037109375 0.0185546875
4 0.69775390625 0.20654296875 0.0341796875 0.0126953125
4 0.69384765625 0.18505859375 0.0341796875 0.0126953125
4 0.68017578125 0.0068359375 0.0322265625 0.01171875
4 0.68408203125 0.02587890625 0.0361328125 0.0205078125
4 0.681640625 0.03759765625 0.03515625 0.0185546875
4 0.681640625 0.0556640625 0.033203125 0.01171875
4 0.6806640625 0.06884765625 0.033203125 0.0146484375
4 0.68896484375 0.09033203125 0.0458984375 0.0205078125
4 0.69677734375 0.11865234375 0.0322265625 0.0146484375
4 0.69580078125 0.13134765625 0.0341796875 0.0146484375
4 0.6904296875 0.15283203125 0.037109375 0.0205078125
4 0.6923828125 0.17333984375 0.03515625 0.0107421875
