1 0.33251953125 0.1611328125 0.0126953125 0.0234375
1 0.052734375 0.0654296875 0.009765625 0.01953125
4 0.02685546875 0.4560546875 0.0517578125 0.099609375
4 0.14697265625 0.68505859375 0.1103515625 0.1591796875
1 0.32470703125 0.1259765625 0.0146484375 0.02734375
1 0.3349609375 0.1533203125 0.013671875 0.02734375
1 0.32421875 0.1376953125 0.013671875 0.025390625
1 0.345703125 0.2021484375 0.013671875 0.02734375
1 0.34814453125 0.18994140625 0.0126953125 0.0205078125
1 0.29541015625 0.0576171875 0.0126953125 0.0234375
1 0.27978515625 0.00341796875 0.0087890625 0.0048828125
1 0.35888671875 0.21826171875 0.0126953125 0.0224609375
1 0.37353515625 0.24365234375 0.0166015625 0.0205078125
1 0.15771484375 0.42333984375 0.0146484375 0.0205078125
1 0.1884765625 0.4619140625 0.013671875 0.01953125
1 0.22705078125 0.529296875 0.0126953125 0.017578125
1 0.259765625 0.572265625 0.015625 0.01953125
1 0.56689453125 0.5673828125 0.0185546875 0.01171875
1 0.5712890625 0.57177734375 0.017578125 0.0107421875
1 0.57421875 0.57666015625 0.017578125 0.0107421875
1 0.57080078125 0.59912109375 0.0107421875 0.0185546875
1 0.58447265625 0.568359375 0.0107421875 0.017578125
1 0.50439453125 0.52978515625 0.0244140625 0.0126953125
1 0.994140625 0.03466796875 0.01171875 0.0107421875
1 0.5693359375 0.3671875 0.009765625 0.017578125
1 0.6455078125 0.359375 0.021484375 0.013671875
1 0.64990234375 0.36669921875 0.0185546875 0.0087890625
1 0.6005859375 0.2470703125 0.01953125 0.01171875
1 0.6015625 0.251953125 0.01953125 0.01171875
1 0.62548828125 0.30712890625 0.0185546875 0.0107421875
1 0.62841796875 0.31298828125 0.0205078125 0.0126953125
1 0.57373046875 0.23974609375 0.0126953125 0.0224609375
1 0.58837890625 0.234375 0.0126953125 0.021484375
1 0.63134765625 0.248046875 0.0126953125 0.0234375
1 0.6015625 0.3544921875 0.01171875 0.017578125
4 0.849609375 0.9521484375 0.01953125 0.01171875
4 0.87109375 0.9453125 0.021484375 0.01171875
4 0.89208984375 0.9375 0.0185546875 0.01171875
4 0.92724609375 0.88232421875 0.0400390625 0.0244140625
4 0.9287109375 0.892578125 0.029296875 0.017578125
4 0.9951171875 0.88525390625 0.009765625 0.0146484375
1 0.96435546875 0.05078125 0.0205078125 0.015625
1 0.923828125 0.0693359375 0.02734375 0.015625
1 0.99267578125 0.0419921875 0.0146484375 0.01171875
1 0.5810546875 0.36328125 0.01171875 0.017578125
1 0.576171875 0.36767578125 0.01171875 0.0224609375
1 0.50927734375 0.5390625 0.0224609375 0.013671875
1 0.537109375 0.61083984375 0.01171875 0.0205078125
1 0.513671875 0.5478515625 0.021484375 0.01171875
1 0.5146484375 0.552734375 0.025390625 0.013671875
1 0.51708984375 0.55859375 0.0224609375 0.01171875
1 0.52099609375 0.5732421875 0.0224609375 0.013671875
1 0.50244140625 0.58984375 0.0224609375 0.013671875
1 0.48681640625 0.54248046875 0.0224609375 0.0126953125
1 0.50537109375 0.60595703125 0.0224609375 0.0107421875
1 0.5029296875 0.623046875 0.01171875 0.021484375
1 0.5078125 0.62158203125 0.01171875 0.0224609375
1 0.51806640625 0.6181640625 0.0126953125 0.021484375
1 0.52685546875 0.615234375 0.0126953125 0.021484375
1 0.53173828125 0.6123046875 0.0107421875 0.021484375
1 0.5419921875 0.60888671875 0.01171875 0.0224609375
1 0.5634765625 0.36962890625 0.009765625 0.0146484375
1 0.54736328125 0.60693359375 0.0107421875 0.0185546875
1 0.498046875 0.46435546875 0.01171875 0.0224609375
1 0.51708984375 0.45703125 0.0107421875 0.017578125
1 0.52490234375 0.31494140625 0.0126953125 0.0185546875
1 0.53173828125 0.31591796875 0.0107421875 0.0205078125
1 0.54345703125 0.30810546875 0.0107421875 0.0185546875
1 0.548828125 0.302734375 0.01171875 0.01953125
1 0.556640625 0.2578125 0.021484375 0.01171875
1 0.55859375 0.26416015625 0.021484375 0.0126953125
1 0.54638671875 0.20361328125 0.0205078125 0.0126953125
1 0.61181640625 0.1767578125 0.0205078125 0.01171875
1 0.5595703125 0.37353515625 0.01171875 0.0205078125
3 0.66943359375 0.8037109375 0.0185546875 0.01953125
3 0.72216796875 0.86474609375 0.0244140625 0.0244140625
3 0.73095703125 0.89306640625 0.0283203125 0.0263671875
3 0.75732421875 0.8876953125 0.0146484375 0.015625
3 0.7763671875 0.8818359375 0.015625 0.015625
3 0.7509765625 0.87060546875 0.015625 0.0146484375
3 0.76953125 0.865234375 0.017578125 0.015625
3 0.74462890625 0.85205078125 0.0166015625 0.0166015625
3 0.76318359375 0.8447265625 0.0166015625 0.017578125
3 0.6220703125 0.85205078125 0.02734375 0.0263671875
3 0.65283203125 0.84033203125 0.0244140625 0.0224609375
3 0.61083984375 0.81884765625 0.0263671875 0.0263671875
3 0.64208984375 0.8134765625 0.0244140625 0.0234375
3 0.6767578125 0.82861328125 0.017578125 0.0185546875
3 0.69140625 0.87548828125 0.0234375 0.0244140625
3 0.6923828125 0.79248046875 0.015625 0.0166015625
3 0.71337890625 0.78515625 0.0166015625 0.015625
3 0.73046875 0.77783203125 0.017578125 0.0166015625
3 0.72119140625 0.802734375 0.0166015625 0.015625
3 0.69970703125 0.810546875 0.0166015625 0.015625
3 0.70703125 0.82861328125 0.015625 0.0166015625
3 0.7275390625 0.82080078125 0.015625 0.0166015625
3 0.73779296875 0.796875 0.0146484375 0.015625
3 0.74365234375 0.8125 0.0146484375 0.015625
3 0.56689453125 0.71484375 0.0224609375 0.0234375
3 0.58056640625 0.74609375 0.0283203125 0.02734375
3 0.591796875 0.7802734375 0.029296875 0.02734375
3 0.69921875 0.9052734375 0.02734375 0.02734375
3 0.6689453125 0.91748046875 0.025390625 0.0263671875
3 0.6142578125 0.73388671875 0.02734375 0.0263671875
3 0.40087890625 0.7080078125 0.0224609375 0.0234375
3 0.537109375 0.01708984375 0.044921875 0.0322265625
3 0.43798828125 0.70458984375 0.0322265625 0.0341796875
3 0.6591796875 0.88671875 0.025390625 0.025390625
3 0.48193359375 0.6884765625 0.0341796875 0.033203125
3 0.41162109375 0.73583984375 0.0224609375 0.0244140625
3 0.45556640625 0.74609375 0.0361328125 0.03515625
3 0.4951171875 0.72900390625 0.03515625 0.0341796875
3 0.4697265625 0.787109375 0.033203125 0.033203125
3 0.51025390625 0.77197265625 0.0341796875 0.0341796875
3 0.513671875 0.91552734375 0.03125 0.0302734375
3 0.53466796875 0.951171875 0.0322265625 0.033203125
3 0.5732421875 0.9375 0.033203125 0.033203125
3 0.6455078125 0.92919921875 0.015625 0.0146484375
3 0.6337890625 0.8916015625 0.015625 0.015625
3 0.63916015625 0.91015625 0.0166015625 0.015625
3 0.6259765625 0.7666015625 0.02734375 0.02734375
3 0.59375 0.705078125 0.021484375 0.025390625
3 0.62451171875 0.7041015625 0.0244140625 0.0234375
3 0.59765625 0.62646484375 0.02734375 0.0283203125
3 0.65185546875 0.693359375 0.0224609375 0.021484375
3 0.67724609375 0.68310546875 0.0205078125 0.0205078125
3 0.69140625 0.70654296875 0.017578125 0.0185546875
3 0.6435546875 0.72412109375 0.021484375 0.0224609375
3 0.66796875 0.71337890625 0.021484375 0.0224609375
3 0.6513671875 0.74853515625 0.021484375 0.0224609375
3 0.6787109375 0.73876953125 0.017578125 0.0185546875
3 0.7001953125 0.73193359375 0.017578125 0.0185546875
3 0.54541015625 0.64697265625 0.0263671875 0.0263671875
3 0.5556640625 0.6787109375 0.025390625 0.025390625
3 0.56982421875 0.63720703125 0.0263671875 0.0263671875
3 0.58154296875 0.66796875 0.0263671875 0.02734375
3 0.6083984375 0.65869140625 0.02734375 0.0263671875
3 0.64453125 0.61083984375 0.029296875 0.0302734375
3 0.65283203125 0.64306640625 0.0244140625 0.0244140625
3 0.6748046875 0.60009765625 0.02734375 0.0302734375
3 0.68017578125 0.6337890625 0.0244140625 0.0234375
3 0.70458984375 0.58935546875 0.0283203125 0.0302734375
3 0.71044921875 0.6220703125 0.0302734375 0.02734375
3 0.65625 0.01220703125 0.0234375 0.0224609375
3 0.70068359375 0.0048828125 0.0595703125 0.0078125
