3 0.7626953125 0.4521484375 0.009765625 0.01171875
3 0.75146484375 0.455078125 0.0087890625 0.009765625
3 0.70703125 0.2783203125 0.009765625 0.009765625
3 0.6142578125 0.306640625 0.01171875 0.01171875
3 0.6123046875 0.29296875 0.009765625 0.009765625
3 0.6083984375 0.28125 0.009765625 0.009765625
3 0.62841796875 0.212890625 0.0166015625 0.015625
3 0.64013671875 0.19873046875 0.0166015625 0.0166015625
3 0.61279296875 0.19775390625 0.0166015625 0.0166015625
3 0.5947265625 0.27880859375 0.0078125 0.0087890625
3 0.71923828125 0.275390625 0.0107421875 0.01171875
3 0.59765625 0.2880859375 0.005859375 0.0078125
3 0.7294921875 0.46142578125 0.01171875 0.0126953125
3 0.77587890625 0.4609375 0.0087890625 0.009765625
3 0.76513671875 0.4638671875 0.0087890625 0.009765625
3 0.75537109375 0.466796875 0.0087890625 0.009765625
3 0.74560546875 0.4697265625 0.0087890625 0.009765625
3 0.7333984375 0.4716796875 0.01171875 0.01171875
3 0.72119140625 0.47802734375 0.0107421875 0.0107421875
3 0.74169921875 0.45947265625 0.0107421875 0.0107421875
3 0.7197265625 0.46630859375 0.01171875 0.0126953125
3 0.60009765625 0.29736328125 0.0068359375 0.0087890625
3 0.73779296875 0.44775390625 0.0107421875 0.0107421875
3 0.72509765625 0.4521484375 0.0107421875 0.01171875
3 0.71484375 0.453125 0.013671875 0.013671875
3 0.71240234375 0.4921875 0.0107421875 0.01171875
3 0.70947265625 0.47998046875 0.0126953125 0.0126953125
3 0.7060546875 0.46826171875 0.01171875 0.0126953125
3 0.70166015625 0.45703125 0.0126953125 0.013671875
