3 0.75 0.54833984375 0.0859375 0.0791015625
3 0.720703125 0.4716796875 0.087890625 0.083984375
1 0.43212890625 0.0087890625 0.0166015625 0.015625
1 0.74658203125 0.1376953125 0.0185546875 0.029296875
1 0.478515625 0.12744140625 0.029296875 0.0556640625
1 0.68408203125 0.21337890625 0.0322265625 0.0537109375
1 0.421875 0.26806640625 0.05078125 0.0419921875
1 0.5380859375 0.36962890625 0.029296875 0.0439453125
1 0.49951171875 0.28662109375 0.0244140625 0.0439453125
4 0.7734375 0.04541015625 0.125 0.0888671875
1 0.5791015625 0.4072265625 0.021484375 0.060546875
1 0.6083984375 0.30126953125 0.033203125 0.0595703125
1 0.6669921875 0.650390625 0.025390625 0.046875
1 0.18994140625 0.12109375 0.0205078125 0.033203125
1 0.2060546875 0.16259765625 0.0234375 0.0458984375
1 0.22265625 0.208984375 0.0234375 0.044921875
1 0.24267578125 0.26611328125 0.0263671875 0.0556640625
1 0.10791015625 0.12255859375 0.0205078125 0.0380859375
1 0.03466796875 0.13037109375 0.0263671875 0.0341796875
