1 0.72119140625 0.9169921875 0.0556640625 0.03125
1 0.5224609375 0.869140625 0.052734375 0.029296875
1 0.55078125 0.791015625 0.046875 0.0390625
1 0.50927734375 0.81640625 0.0361328125 0.03125
1 0.6416015625 0.8818359375 0.076171875 0.037109375
1 0.3603515625 0.76806640625 0.03125 0.0498046875
1 0.30859375 0.79541015625 0.0546875 0.0126953125
1 0.42529296875 0.68115234375 0.0283203125 0.0419921875
1 0.73046875 0.90234375 0.05078125 0.033203125
1 0.9013671875 0.92236328125 0.048828125 0.0439453125
1 0.85498046875 0.96484375 0.0537109375 0.037109375
1 0.83837890625 0.92138671875 0.0556640625 0.0322265625
