0 0.8125 0.97119140625 0.025390625 0.0322265625
4 0.099609375 0.67578125 0.02734375 0.1015625
4 0.072265625 0.67333984375 0.03125 0.1103515625
4 0.087890625 0.45068359375 0.025390625 0.0673828125
4 0.04443359375 0.37060546875 0.0205078125 0.0712890625
4 0.06298828125 0.3671875 0.0185546875 0.060546875
4 0.08349609375 0.35888671875 0.0224609375 0.0732421875
0 0.8330078125 0.939453125 0.029296875 0.03125
0 0.58447265625 0.24169921875 0.0263671875 0.0322265625
0 0.42626953125 0.4892578125 0.0263671875 0.03125
0 0.56396484375 0.2744140625 0.0283203125 0.03125
0 0.60107421875 0.21142578125 0.0263671875 0.0302734375
0 0.61181640625 0.13720703125 0.0322265625 0.0283203125
0 0.57568359375 0.13037109375 0.0341796875 0.0283203125
0 0.642578125 0.05224609375 0.029296875 0.0244140625
0 0.52392578125 0.0888671875 0.0341796875 0.02734375
4 0.06494140625 0.27294921875 0.0361328125 0.0146484375
4 0.06494140625 0.2607421875 0.0322265625 0.013671875
4 0.06591796875 0.2490234375 0.0322265625 0.009765625
4 0.06494140625 0.23779296875 0.0322265625 0.0126953125
4 0.064453125 0.22705078125 0.03515625 0.0166015625
4 0.0185546875 0.1953125 0.03515625 0.037109375
4 0.0673828125 0.28515625 0.033203125 0.01171875
4 0.0673828125 0.29736328125 0.037109375 0.0126953125
4 0.06591796875 0.30908203125 0.0361328125 0.0146484375
4 0.11572265625 0.9150390625 0.0205078125 0.0625
0 0.2109375 0.82470703125 0.013671875 0.0283203125
0 0.22265625 0.5146484375 0.013671875 0.029296875
0 0.3193359375 0.73486328125 0.0234375 0.0283203125
0 0.22998046875 0.66259765625 0.0146484375 0.0283203125
0 0.13037109375 0.130859375 0.0283203125 0.017578125
0 0.20654296875 0.1845703125 0.0146484375 0.03125
0 0.16064453125 0.0380859375 0.0185546875 0.03515625
0 0.1416015625 0.033203125 0.021484375 0.033203125
0 0.12548828125 0.02685546875 0.0166015625 0.0322265625
4 0.1025390625 0.91943359375 0.025390625 0.0673828125
