1 0.857421875 0.0654296875 0.009765625 0.01953125
4 0.81640625 0.4462890625 0.08203125 0.119140625
4 0.9482421875 0.68505859375 0.103515625 0.1591796875
1 0.96240234375 0.42333984375 0.0146484375 0.0205078125
1 0.9931640625 0.4619140625 0.013671875 0.01953125
5 0.18408203125 0.77685546875 0.0732421875 0.0478515625
5 0.03759765625 0.34619140625 0.0634765625 0.1064453125
4 0.1904296875 0.7001953125 0.0234375 0.03515625
4 0.162109375 0.84228515625 0.08203125 0.0556640625
4 0.24072265625 0.880859375 0.0869140625 0.0625
