3 0.734375 0.4521484375 0.009765625 0.01171875
3 0.72314453125 0.455078125 0.0087890625 0.009765625
3 0.6787109375 0.2783203125 0.009765625 0.009765625
3 0.5859375 0.306640625 0.01171875 0.01171875
3 0.583984375 0.29296875 0.009765625 0.009765625
3 0.580078125 0.28125 0.009765625 0.009765625
3 0.60009765625 0.212890625 0.0166015625 0.015625
3 0.61181640625 0.19873046875 0.0166015625 0.0166015625
3 0.58447265625 0.19775390625 0.0166015625 0.0166015625
3 0.56640625 0.27880859375 0.0078125 0.0087890625
3 0.69091796875 0.275390625 0.0107421875 0.01171875
3 0.5693359375 0.2880859375 0.005859375 0.0078125
3 0.701171875 0.46142578125 0.01171875 0.0126953125
3 0.74755859375 0.4609375 0.0087890625 0.009765625
3 0.73681640625 0.4638671875 0.0087890625 0.009765625
3 0.72705078125 0.466796875 0.0087890625 0.009765625
3 0.71728515625 0.4697265625 0.0087890625 0.009765625
3 0.705078125 0.4716796875 0.01171875 0.01171875
3 0.69287109375 0.47802734375 0.0107421875 0.0107421875
3 0.71337890625 0.45947265625 0.0107421875 0.0107421875
3 0.69140625 0.46630859375 0.01171875 0.0126953125
3 0.57177734375 0.29736328125 0.0068359375 0.0087890625
3 0.70947265625 0.44775390625 0.0107421875 0.0107421875
3 0.69677734375 0.4521484375 0.0107421875 0.01171875
3 0.6865234375 0.453125 0.013671875 0.013671875
3 0.68408203125 0.4921875 0.0107421875 0.01171875
3 0.68115234375 0.47998046875 0.0126953125 0.0126953125
3 0.677734375 0.46826171875 0.01171875 0.0126953125
3 0.67333984375 0.45703125 0.0126953125 0.013671875
