6 0.13232421875 0.654296875 0.0791015625 0.083984375
3 0.12353515625 0.00732421875 0.0439453125 0.0126953125
3 0.544921875 0.263671875 0.009765625 0.01171875
3 0.556640625 0.2685546875 0.009765625 0.01171875
3 0.6689453125 0.2333984375 0.017578125 0.01953125
3 0.677734375 0.21484375 0.015625 0.017578125
3 0.5185546875 0.24951171875 0.01171875 0.0126953125
3 0.5322265625 0.25634765625 0.01171875 0.0126953125
3 0.458984375 0.24658203125 0.0234375 0.0224609375
3 0.02001953125 0.07861328125 0.0380859375 0.0458984375
3 0.0693359375 0.03369140625 0.04296875 0.0400390625
3 0.16748046875 0.04296875 0.0419921875 0.044921875
3 0.43896484375 0.2236328125 0.0244140625 0.025390625
3 0.1123046875 0.08935546875 0.046875 0.0439453125
3 0.06103515625 0.1328125 0.0439453125 0.044921875
3 0.22265625 0.109375 0.044921875 0.044921875
3 0.26708984375 0.1640625 0.0458984375 0.044921875
3 0.171875 0.1513671875 0.046875 0.046875
3 0.21630859375 0.2060546875 0.0458984375 0.04296875
3 0.1220703125 0.193359375 0.044921875 0.044921875
3 0.16552734375 0.2470703125 0.0478515625 0.044921875
