0 0.89453125 0.16650390625 0.025390625 0.0322265625
4 0.23486328125 0.904296875 0.0244140625 0.083984375
4 0.2080078125 0.33349609375 0.01953125 0.0673828125
4 0.19970703125 0.2431640625 0.0224609375 0.08203125
4 0.00830078125 0.47119140625 0.0146484375 0.0927734375
0 0.9150390625 0.134765625 0.029296875 0.03125
4 0.21875 0.9052734375 0.009765625 0.03125
4 0.2060546875 0.98828125 0.017578125 0.0234375
4 0.2177734375 0.98388671875 0.015625 0.0322265625
4 0.23046875 0.98388671875 0.017578125 0.0322265625
4 0.228515625 0.80126953125 0.025390625 0.0810546875
4 0.2080078125 0.91015625 0.013671875 0.03515625
4 0.22998046875 0.7177734375 0.0166015625 0.05859375
0 0.681640625 0.50927734375 0.025390625 0.0302734375
0 0.75146484375 0.39697265625 0.0263671875 0.0302734375
0 0.74658203125 0.26318359375 0.0302734375 0.0244140625
0 0.7060546875 0.240234375 0.03125 0.0234375
0 0.67529296875 0.21826171875 0.0302734375 0.0263671875
0 0.82080078125 0.220703125 0.0283203125 0.033203125
4 0.21435546875 0.71826171875 0.0146484375 0.0576171875
4 0.19921875 0.54541015625 0.03515625 0.0166015625
4 0.19580078125 0.53076171875 0.0341796875 0.0126953125
4 0.19970703125 0.5107421875 0.0361328125 0.017578125
4 0.2041015625 0.4990234375 0.041015625 0.017578125
4 0.20654296875 0.568359375 0.0361328125 0.01953125
4 0.201171875 0.59228515625 0.04296875 0.0224609375
4 0.203125 0.626953125 0.05078125 0.021484375
4 0.2021484375 0.65625 0.046875 0.01953125
4 0.2021484375 0.720703125 0.01171875 0.0546875
4 0.0087890625 0.59814453125 0.015625 0.0673828125
4 0.19775390625 0.1103515625 0.0205078125 0.0625
0 0.404296875 0.9677734375 0.025390625 0.02734375
0 0.35888671875 0.76220703125 0.0126953125 0.0283203125
0 0.35546875 0.716796875 0.013671875 0.02734375
0 0.34814453125 0.47509765625 0.0146484375 0.0283203125
0 0.3408203125 0.357421875 0.013671875 0.02734375
0 0.345703125 0.44482421875 0.013671875 0.0283203125
0 0.337890625 0.32275390625 0.013671875 0.0283203125
0 0.30908203125 0.30859375 0.0146484375 0.03125
0 0.28125 0.28857421875 0.015625 0.0302734375
0 0.33447265625 0.236328125 0.0126953125 0.033203125
0 0.29296875 0.02001953125 0.013671875 0.0283203125
4 0.1845703125 0.11474609375 0.025390625 0.0673828125
