4 0.205078125 0.421875 0.03515625 0.103515625
4 0.1708984375 0.0478515625 0.087890625 0.09375
4 0.15625 0.08642578125 0.107421875 0.0869140625
0 0.3017578125 0.52392578125 0.015625 0.0322265625
4 0.17333984375 0.4169921875 0.0361328125 0.083984375
4 0.18310546875 0.54150390625 0.0322265625 0.0849609375
4 0.21533203125 0.54443359375 0.0283203125 0.0986328125
0 0.3076171875 0.603515625 0.015625 0.03125
0 0.37158203125 0.54296875 0.0146484375 0.03125
0 0.30419921875 0.560546875 0.0146484375 0.029296875
0 0.365234375 0.43212890625 0.013671875 0.0302734375
0 0.291015625 0.38720703125 0.015625 0.0302734375
0 0.3486328125 0.3837890625 0.015625 0.02734375
0 0.28857421875 0.34716796875 0.0146484375 0.0322265625
0 0.28515625 0.3125 0.015625 0.03125
0 0.28173828125 0.2744140625 0.0126953125 0.03125
0 0.24755859375 0.287109375 0.0302734375 0.015625
0 0.24853515625 0.27294921875 0.0322265625 0.0166015625
0 0.28125 0.2373046875 0.013671875 0.029296875
0 0.27685546875 0.19921875 0.0166015625 0.029296875
0 0.39501953125 0.2646484375 0.0263671875 0.03125
0 0.2724609375 0.16259765625 0.015625 0.0322265625
0 0.26416015625 0.1201171875 0.0166015625 0.03125
0 0.2607421875 0.08447265625 0.015625 0.0322265625
0 0.51904296875 0.72509765625 0.0322265625 0.0126953125
0 0.45703125 0.15771484375 0.025390625 0.0302734375
0 0.39111328125 0.1904296875 0.0244140625 0.03125
0 0.37646484375 0.029296875 0.0322265625 0.015625
0 0.26220703125 0.0390625 0.0146484375 0.03125
0 0.3232421875 0.01513671875 0.013671875 0.0263671875
0 0.29248046875 0.0029296875 0.0126953125 0.00390625
