3 0.453125 0.2099609375 0.013671875 0.013671875
3 0.44873046875 0.19287109375 0.0146484375 0.0146484375
3 0.4453125 0.1494140625 0.0078125 0.0078125
3 0.43408203125 0.154296875 0.0087890625 0.009765625
3 0.44189453125 0.13671875 0.0087890625 0.009765625
3 0.42431640625 0.126953125 0.0087890625 0.009765625
3 0.43115234375 0.1416015625 0.0087890625 0.009765625
3 0.56640625 0.08935546875 0.025390625 0.0263671875
3 0.04150390625 0.05859375 0.0146484375 0.015625
3 0.0234375 0.06396484375 0.015625 0.0166015625
3 0.0361328125 0.0400390625 0.015625 0.017578125
3 0.0185546875 0.04443359375 0.015625 0.0166015625
1 0.7333984375 0.32958984375 0.013671875 0.0205078125
3 0.0478515625 0.0771484375 0.015625 0.015625
1 0.7763671875 0.14794921875 0.015625 0.0146484375
1 0.77099609375 0.1279296875 0.0146484375 0.015625
1 0.79931640625 0.1953125 0.0107421875 0.015625
1 0.7900390625 0.18994140625 0.009765625 0.0185546875
1 0.75927734375 0.20166015625 0.0146484375 0.0283203125
3 0.0302734375 0.0830078125 0.015625 0.015625
3 0.0537109375 0.03369140625 0.015625 0.0146484375
3 0.53466796875 0.09912109375 0.0263671875 0.0263671875
3 0.10107421875 0.04248046875 0.0166015625 0.0166015625
3 0.55712890625 0.0576171875 0.0263671875 0.02734375
3 0.525390625 0.0673828125 0.025390625 0.025390625
3 0.4775390625 0.12353515625 0.025390625 0.0263671875
3 0.46826171875 0.091796875 0.0263671875 0.02734375
3 0.435546875 0.10205078125 0.025390625 0.0263671875
3 0.1064453125 0.0615234375 0.015625 0.015625
3 0.0888671875 0.06591796875 0.015625 0.0166015625
3 0.0830078125 0.046875 0.015625 0.017578125
3 0.05810546875 0.052734375 0.0146484375 0.015625
3 0.09423828125 0.0234375 0.0166015625 0.017578125
3 0.0771484375 0.0283203125 0.015625 0.017578125
3 0.08740234375 0.00439453125 0.0166015625 0.0068359375
3 0.06982421875 0.005859375 0.0166015625 0.009765625
3 0.064453125 0.07275390625 0.013671875 0.0146484375
3 0.84521484375 0.00146484375 0.0087890625 0.0009765625
