4 0.287109375 0.421875 0.03515625 0.103515625
4 0.2529296875 0.0478515625 0.087890625 0.09375
4 0.23828125 0.08642578125 0.107421875 0.0869140625
0 0.3837890625 0.52392578125 0.015625 0.0322265625
4 0.25537109375 0.4169921875 0.0361328125 0.083984375
4 0.26513671875 0.54150390625 0.0322265625 0.0849609375
4 0.29736328125 0.54443359375 0.0283203125 0.0986328125
0 0.3896484375 0.603515625 0.015625 0.03125
0 0.45361328125 0.54296875 0.0146484375 0.03125
0 0.38623046875 0.560546875 0.0146484375 0.029296875
0 0.447265625 0.43212890625 0.013671875 0.0302734375
0 0.373046875 0.38720703125 0.015625 0.0302734375
0 0.4306640625 0.3837890625 0.015625 0.02734375
0 0.37060546875 0.34716796875 0.0146484375 0.0322265625
0 0.3671875 0.3125 0.015625 0.03125
0 0.36376953125 0.2744140625 0.0126953125 0.03125
0 0.32958984375 0.287109375 0.0302734375 0.015625
0 0.33056640625 0.27294921875 0.0322265625 0.0166015625
0 0.36328125 0.2373046875 0.013671875 0.029296875
0 0.35888671875 0.19921875 0.0166015625 0.029296875
0 0.47705078125 0.2646484375 0.0263671875 0.03125
0 0.3544921875 0.16259765625 0.015625 0.0322265625
0 0.34619140625 0.1201171875 0.0166015625 0.03125
0 0.3427734375 0.08447265625 0.015625 0.0322265625
0 0.60107421875 0.72509765625 0.0322265625 0.0126953125
0 0.5390625 0.15771484375 0.025390625 0.0302734375
0 0.47314453125 0.1904296875 0.0244140625 0.03125
0 0.45849609375 0.029296875 0.0322265625 0.015625
0 0.34423828125 0.0390625 0.0146484375 0.03125
0 0.4052734375 0.01513671875 0.013671875 0.0263671875
0 0.37451171875 0.0029296875 0.0126953125 0.00390625
