1 0.3720703125 0.91455078125 0.0234375 0.0126953125
1 0.3740234375 0.89306640625 0.025390625 0.0146484375
1 0.3466796875 0.90478515625 0.017578125 0.0107421875
3 0.22021484375 0.35595703125 0.0087890625 0.0107421875
3 0.20166015625 0.19482421875 0.0341796875 0.0341796875
3 0.24365234375 0.17431640625 0.0244140625 0.0244140625
3 0.2890625 0.150390625 0.0234375 0.025390625
3 0.31640625 0.1962890625 0.01171875 0.01171875
3 0.26025390625 0.22802734375 0.0361328125 0.0361328125
3 0.33837890625 0.2607421875 0.0205078125 0.021484375
3 0.373046875 0.11181640625 0.01171875 0.0126953125
3 0.27294921875 0.2646484375 0.0302734375 0.029296875
3 0.16455078125 0.31298828125 0.0185546875 0.0185546875
3 0.23828125 0.37451171875 0.01953125 0.0205078125
3 0.24609375 0.396484375 0.01953125 0.021484375
3 0.2744140625 0.3828125 0.025390625 0.025390625
3 0.263671875 0.35400390625 0.025390625 0.0244140625
3 0.296875 0.341796875 0.02734375 0.029296875
3 0.2890625 0.79931640625 0.083984375 0.0888671875
3 0.244140625 0.849609375 0.025390625 0.025390625
3 0.76318359375 0.76025390625 0.0166015625 0.0166015625
3 0.77001953125 0.77783203125 0.0166015625 0.0166015625
3 0.77587890625 0.79296875 0.0166015625 0.017578125
3 0.7744140625 0.8115234375 0.01171875 0.01171875
3 0.791015625 0.806640625 0.01171875 0.013671875
3 0.791015625 0.787109375 0.017578125 0.017578125
3 0.7294921875 0.7841796875 0.03515625 0.033203125
3 0.72998046875 0.8134765625 0.0185546875 0.017578125
3 0.0517578125 0.43017578125 0.029296875 0.0322265625
3 0.09130859375 0.41650390625 0.0283203125 0.0283203125
3 0.109375 0.439453125 0.01171875 0.013671875
3 0.142578125 0.42041015625 0.013671875 0.0166015625
3 0.14794921875 0.435546875 0.0126953125 0.015625
3 0.09765625 0.29541015625 0.02734375 0.0263671875
3 0.12646484375 0.287109375 0.0205078125 0.0234375
3 0.142578125 0.3212890625 0.01953125 0.01953125
