1 0.96337890625 0.15380859375 0.0283203125 0.0068359375
1 0.98291015625 0.0673828125 0.0205078125 0.021484375
4 0.99169921875 0.50830078125 0.0166015625 0.0224609375
4 0.95751953125 0.5166015625 0.0400390625 0.0234375
4 0.96044921875 0.52880859375 0.0439453125 0.0244140625
4 0.92529296875 0.54833984375 0.0380859375 0.0302734375
4 0.92919921875 0.56103515625 0.0341796875 0.0283203125
4 0.96484375 0.54052734375 0.04296875 0.0244140625
4 0.9638671875 0.55712890625 0.0703125 0.0419921875
1 0.99072265625 0.1474609375 0.0185546875 0.01171875
1 0.9755859375 0.04931640625 0.01171875 0.0126953125
1 0.916015625 0.111328125 0.015625 0.02734375
1 0.2919921875 0.4775390625 0.009765625 0.015625
4 0.35791015625 0.787109375 0.0654296875 0.03515625
4 0.44091796875 0.7578125 0.0634765625 0.033203125
4 0.4404296875 0.7392578125 0.06640625 0.037109375
1 0.83984375 0.15185546875 0.02734375 0.0107421875
1 0.8818359375 0.044921875 0.01953125 0.0234375
1 0.9541015625 0.03125 0.021484375 0.025390625
1 0.97265625 0.02734375 0.015625 0.017578125
4 0.044921875 0.7421875 0.01953125 0.01171875
4 0.06640625 0.7353515625 0.021484375 0.01171875
4 0.08740234375 0.7275390625 0.0185546875 0.01171875
4 0.30126953125 0.80712890625 0.0498046875 0.0302734375
4 0.12255859375 0.67236328125 0.0400390625 0.0244140625
4 0.1240234375 0.6826171875 0.029296875 0.017578125
4 0.2109375 0.66796875 0.05078125 0.029296875
1 0.212890625 0.2900390625 0.013671875 0.02734375
3 0.544921875 0.3076171875 0.017578125 0.017578125
3 0.56494140625 0.30078125 0.0166015625 0.017578125
3 0.4833984375 0.35498046875 0.0234375 0.0224609375
3 0.5087890625 0.35205078125 0.013671875 0.0166015625
3 0.51416015625 0.37060546875 0.0185546875 0.0185546875
3 0.49169921875 0.3818359375 0.0224609375 0.0234375
3 0.5009765625 0.40625 0.0234375 0.0234375
3 0.52197265625 0.390625 0.0185546875 0.021484375
3 0.5068359375 0.4306640625 0.015625 0.015625
3 0.52490234375 0.42333984375 0.0166015625 0.0166015625
3 0.51318359375 0.447265625 0.0146484375 0.017578125
3 0.99853515625 0.5654296875 0.0029296875 0.01171875
3 0.7001953125 0.28857421875 0.02734375 0.0283203125
3 0.53125 0.44189453125 0.015625 0.0166015625
3 0.95556640625 0.97265625 0.0439453125 0.04296875
3 0.53759765625 0.4580078125 0.0146484375 0.015625
3 0.54248046875 0.47265625 0.0146484375 0.013671875
3 0.51708984375 0.46533203125 0.0166015625 0.0146484375
3 0.521484375 0.48193359375 0.013671875 0.0146484375
3 0.27587890625 0.98486328125 0.0322265625 0.0244140625
3 0.46630859375 0.9775390625 0.0380859375 0.037109375
3 0.5322265625 0.93310546875 0.041015625 0.0419921875
3 0.56982421875 0.97705078125 0.0380859375 0.0380859375
3 0.61181640625 0.94921875 0.0400390625 0.041015625
3 0.57568359375 0.90283203125 0.0419921875 0.0419921875
3 0.658203125 0.89599609375 0.041015625 0.0380859375
3 0.69384765625 0.9423828125 0.0400390625 0.0390625
3 0.70458984375 0.76123046875 0.0166015625 0.0185546875
3 0.712890625 0.3212890625 0.025390625 0.0234375
3 0.75439453125 0.80712890625 0.0126953125 0.0146484375
3 0.744140625 0.740234375 0.015625 0.017578125
3 0.6611328125 0.380859375 0.017578125 0.01953125
3 0.67333984375 0.41162109375 0.0263671875 0.0244140625
3 0.70849609375 0.39697265625 0.0244140625 0.0263671875
3 0.6826171875 0.373046875 0.01953125 0.01953125
3 0.70703125 0.36328125 0.017578125 0.017578125
3 0.74169921875 0.38623046875 0.0263671875 0.0263671875
3 0.77490234375 0.3740234375 0.0283203125 0.02734375
3 0.73046875 0.35302734375 0.0234375 0.0244140625
3 0.763671875 0.34130859375 0.02734375 0.0263671875
3 0.7421875 0.30517578125 0.025390625 0.0283203125
