4 0.962890625 0.5966796875 0.0625 0.044921875
4 0.201171875 0.22607421875 0.14453125 0.0712890625
4 0.34033203125 0.2314453125 0.0556640625 0.041015625
1 0.822265625 0.19580078125 0.02734375 0.0224609375
4 0.77099609375 0.44140625 0.0595703125 0.041015625
4 0.82666015625 0.46630859375 0.0400390625 0.0283203125
4 0.93310546875 0.5205078125 0.0458984375 0.025390625
4 0.92529296875 0.5302734375 0.0458984375 0.02734375
4 0.9765625 0.54638671875 0.03515625 0.0322265625
4 0.97216796875 0.56298828125 0.0439453125 0.0380859375
4 0.97021484375 0.58154296875 0.0458984375 0.0341796875
