3 0.720703125 0.99755859375 0.087890625 0.0048828125
1 0.34375 0.41943359375 0.0234375 0.0380859375
1 0.31640625 0.24560546875 0.029296875 0.0556640625
1 0.484375 0.08056640625 0.0546875 0.0166015625
1 0.4453125 0.10205078125 0.056640625 0.0244140625
1 0.544921875 0.18408203125 0.0234375 0.0576171875
1 0.29736328125 0.2919921875 0.0244140625 0.056640625
1 0.3271484375 0.3720703125 0.025390625 0.046875
1 0.38818359375 0.44580078125 0.0302734375 0.0556640625
1 0.58447265625 0.31640625 0.0322265625 0.056640625
1 0.6591796875 0.52294921875 0.03125 0.0537109375
1 0.42919921875 0.56298828125 0.0224609375 0.0380859375
1 0.74658203125 0.703125 0.0185546875 0.029296875
1 0.478515625 0.69287109375 0.029296875 0.0556640625
1 0.68408203125 0.77880859375 0.0322265625 0.0537109375
1 0.421875 0.83349609375 0.05078125 0.0419921875
1 0.5380859375 0.93505859375 0.029296875 0.0439453125
1 0.49951171875 0.85205078125 0.0244140625 0.0439453125
4 0.68896484375 0.36181640625 0.2939453125 0.5869140625
1 0.5791015625 0.97119140625 0.021484375 0.0576171875
1 0.6083984375 0.86669921875 0.033203125 0.0595703125
1 0.18994140625 0.6865234375 0.0205078125 0.033203125
1 0.2109375 0.03369140625 0.0234375 0.0419921875
1 0.2060546875 0.72802734375 0.0234375 0.0458984375
1 0.22265625 0.7744140625 0.0234375 0.044921875
1 0.24267578125 0.83154296875 0.0263671875 0.0556640625
1 0.10791015625 0.68798828125 0.0205078125 0.0380859375
1 0.03466796875 0.69580078125 0.0263671875 0.0341796875
1 0.07177734375 0.37548828125 0.0263671875 0.0458984375
1 0.03369140625 0.2939453125 0.0302734375 0.05859375
1 0.154296875 0.1611328125 0.0546875 0.02734375
