3 0.4560546875 0.5849609375 0.052734375 0.052734375
3 0.07568359375 0.896484375 0.0146484375 0.015625
3 0.05712890625 0.91162109375 0.0146484375 0.0166015625
3 0.09326171875 0.53857421875 0.0087890625 0.0087890625
3 0.0078125 0.0283203125 0.013671875 0.041015625
3 0.0888671875 0.11376953125 0.0390625 0.0439453125
3 0.07080078125 0.51025390625 0.0087890625 0.0107421875
3 0.0791015625 0.52099609375 0.009765625 0.0087890625
3 0.0869140625 0.52978515625 0.009765625 0.0087890625
3 0.16650390625 0.48291015625 0.0107421875 0.0107421875
3 0.0849609375 0.87646484375 0.01171875 0.0146484375
3 0.17822265625 0.4892578125 0.0107421875 0.01171875
3 0.189453125 0.49560546875 0.01171875 0.0126953125
3 0.201171875 0.50048828125 0.009765625 0.0126953125
3 0.078125 0.845703125 0.013671875 0.013671875
3 0.0634765625 0.85595703125 0.013671875 0.0126953125
3 0.05078125 0.86669921875 0.013671875 0.0126953125
3 0.0625 0.86865234375 0.009765625 0.0087890625
3 0.076171875 0.857421875 0.009765625 0.009765625
