3 0.28759765625 0.19140625 0.0107421875 0.01171875
3 0.25732421875 0.17236328125 0.0068359375 0.0087890625
3 0.2548828125 0.1630859375 0.0078125 0.009765625
3 0.27685546875 0.19580078125 0.0107421875 0.0107421875
3 0.2734375 0.185546875 0.0078125 0.0078125
3 0.2705078125 0.17626953125 0.009765625 0.0087890625
3 0.2666015625 0.1669921875 0.0078125 0.0078125
3 0.26416015625 0.15625 0.0087890625 0.009765625
3 0.283203125 0.18017578125 0.009765625 0.0107421875
3 0.263671875 0.189453125 0.0078125 0.0078125
3 0.279296875 0.16748046875 0.009765625 0.0107421875
3 0.27734375 0.154296875 0.009765625 0.009765625
3 0.453125 0.529296875 0.013671875 0.013671875
3 0.44873046875 0.51220703125 0.0146484375 0.0146484375
3 0.4453125 0.46875 0.0078125 0.0078125
3 0.43408203125 0.4736328125 0.0087890625 0.009765625
3 0.44189453125 0.4560546875 0.0087890625 0.009765625
3 0.26123046875 0.181640625 0.0068359375 0.0078125
3 0.2666015625 0.1982421875 0.009765625 0.009765625
3 0.42431640625 0.4462890625 0.0087890625 0.009765625
3 0.828125 0.26220703125 0.017578125 0.0185546875
3 0.8330078125 0.28125 0.017578125 0.017578125
3 0.81591796875 0.28466796875 0.0166015625 0.0166015625
3 0.7998046875 0.2900390625 0.015625 0.017578125
3 0.89453125 0.2431640625 0.017578125 0.017578125
3 0.87744140625 0.24755859375 0.0146484375 0.0166015625
3 0.8603515625 0.25390625 0.015625 0.017578125
3 0.84423828125 0.2578125 0.0146484375 0.015625
3 0.81103515625 0.26806640625 0.0166015625 0.0166015625
3 0.177734375 0.12890625 0.009765625 0.009765625
3 0.794921875 0.27294921875 0.015625 0.0146484375
3 0.7763671875 0.27783203125 0.015625 0.0166015625
3 0.43115234375 0.4609375 0.0087890625 0.009765625
3 0.56640625 0.40869140625 0.025390625 0.0263671875
3 0.04150390625 0.3779296875 0.0146484375 0.015625
3 0.0234375 0.38330078125 0.015625 0.0166015625
3 0.0361328125 0.359375 0.015625 0.017578125
3 0.0185546875 0.36376953125 0.015625 0.0166015625
1 0.7333984375 0.64892578125 0.013671875 0.0205078125
3 0.0478515625 0.396484375 0.015625 0.015625
1 0.7236328125 0.19970703125 0.013671875 0.0087890625
1 0.7763671875 0.46728515625 0.015625 0.0146484375
1 0.77099609375 0.447265625 0.0146484375 0.015625
1 0.79931640625 0.5146484375 0.0107421875 0.015625
1 0.7900390625 0.50927734375 0.009765625 0.0185546875
1 0.75927734375 0.52099609375 0.0146484375 0.0283203125
3 0.0302734375 0.40234375 0.015625 0.015625
3 0.0537109375 0.35302734375 0.015625 0.0146484375
3 0.53466796875 0.41845703125 0.0263671875 0.0263671875
3 0.10107421875 0.36181640625 0.0166015625 0.0166015625
3 0.55712890625 0.376953125 0.0263671875 0.02734375
3 0.525390625 0.38671875 0.025390625 0.025390625
3 0.4775390625 0.44287109375 0.025390625 0.0263671875
3 0.46826171875 0.4111328125 0.0263671875 0.02734375
3 0.435546875 0.42138671875 0.025390625 0.0263671875
3 0.1064453125 0.380859375 0.015625 0.015625
3 0.0888671875 0.38525390625 0.015625 0.0166015625
3 0.0830078125 0.3662109375 0.015625 0.017578125
3 0.05810546875 0.3720703125 0.0146484375 0.015625
3 0.09423828125 0.3427734375 0.0166015625 0.017578125
3 0.0771484375 0.34765625 0.015625 0.017578125
3 0.08740234375 0.31884765625 0.0166015625 0.0166015625
3 0.06982421875 0.322265625 0.0166015625 0.015625
3 0.08251953125 0.298828125 0.0185546875 0.01953125
3 0.06396484375 0.3037109375 0.0166015625 0.015625
3 0.064453125 0.39208984375 0.013671875 0.0146484375
3 0.8486328125 0.27490234375 0.017578125 0.0166015625
3 0.865234375 0.27099609375 0.017578125 0.0166015625
3 0.8828125 0.265625 0.015625 0.01953125
3 0.86474609375 0.310546875 0.0087890625 0.009765625
3 0.84521484375 0.31591796875 0.0087890625 0.0107421875
3 0.85498046875 0.3134765625 0.0107421875 0.009765625
