4 0.17578125 0.560546875 0.115234375 0.08984375
4 0.16943359375 0.2724609375 0.1005859375 0.052734375
4 0.27978515625 0.23291015625 0.1025390625 0.0517578125
1 0.32421875 0.05419921875 0.013671875 0.0146484375
4 0.3857421875 0.1923828125 0.103515625 0.052734375
4 0.39404296875 0.20751953125 0.0830078125 0.0439453125
4 0.3984375 0.22412109375 0.103515625 0.0498046875
4 0.18505859375 0.5791015625 0.1005859375 0.078125
4 0.19189453125 0.59912109375 0.1103515625 0.0888671875
4 0.20361328125 0.61474609375 0.0966796875 0.0791015625
4 0.0234375 0.1826171875 0.044921875 0.072265625
4 0.0791015625 0.2626953125 0.08203125 0.099609375
4 0.21337890625 0.62890625 0.0966796875 0.080078125
1 0.087890625 0.7568359375 0.0234375 0.0234375
1 0.07861328125 0.04833984375 0.0087890625 0.0263671875
4 0.38818359375 0.24072265625 0.0400390625 0.0205078125
4 0.2919921875 0.52490234375 0.087890625 0.0732421875
4 0.2978515625 0.54296875 0.091796875 0.078125
1 0.9560546875 0.57666015625 0.021484375 0.0205078125
1 0.60302734375 0.66552734375 0.0146484375 0.0166015625
1 0.6904296875 0.95751953125 0.01953125 0.0263671875
1 0.8466796875 0.697265625 0.02734375 0.0234375
1 0.6953125 0.27099609375 0.015625 0.0146484375
1 0.55712890625 0.82861328125 0.0224609375 0.0205078125
1 0.71533203125 0.263671875 0.0185546875 0.017578125
4 0.310546875 0.55419921875 0.0859375 0.0732421875
4 0.5068359375 0.21142578125 0.083984375 0.0380859375
4 0.39501953125 0.46435546875 0.0927734375 0.0791015625
4 0.40380859375 0.47802734375 0.0869140625 0.0751953125
4 0.4814453125 0.15771484375 0.087890625 0.0439453125
4 0.48583984375 0.1728515625 0.0732421875 0.037109375
4 0.49072265625 0.1865234375 0.0869140625 0.041015625
4 0.498046875 0.19873046875 0.0859375 0.0400390625
4 0.5654296875 0.126953125 0.08203125 0.04296875
4 0.4833984375 0.39208984375 0.095703125 0.0791015625
4 0.5654296875 0.1435546875 0.083984375 0.04296875
4 0.5810546875 0.15380859375 0.099609375 0.0498046875
4 0.63818359375 0.119140625 0.0380859375 0.04296875
4 0.6943359375 0.18994140625 0.037109375 0.0400390625
4 0.66552734375 0.2724609375 0.0751953125 0.064453125
4 0.59619140625 0.3271484375 0.0751953125 0.06640625
4 0.5849609375 0.31787109375 0.07421875 0.0615234375
4 0.578125 0.3046875 0.078125 0.0625
4 0.490234375 0.408203125 0.091796875 0.07421875
