1 0.529296875 0.05078125 0.021484375 0.025390625
1 0.83642578125 0.462890625 0.0244140625 0.01953125
1 0.92919921875 0.46044921875 0.0244140625 0.0205078125
1 0.966796875 0.4375 0.025390625 0.01953125
1 0.208984375 0.203125 0.017578125 0.01953125
1 0.248046875 0.283203125 0.01953125 0.0234375
1 0.18115234375 0.54443359375 0.0244140625 0.0263671875
1 0.2158203125 0.5771484375 0.025390625 0.02734375
1 0.17236328125 0.5205078125 0.0185546875 0.02734375
4 0.2646484375 0.70458984375 0.197265625 0.2314453125
1 0.578125 0.42626953125 0.013671875 0.0185546875
1 0.63330078125 0.1044921875 0.0244140625 0.0234375
1 0.6279296875 0.0986328125 0.0234375 0.01953125
1 0.55810546875 0.02978515625 0.0205078125 0.0205078125
1 0.607421875 0.115234375 0.015625 0.013671875
4 0.4609375 0.94140625 0.13671875 0.1171875
