1 0.0498046875 0.22119140625 0.015625 0.0185546875
1 0.0830078125 0.29296875 0.021484375 0.025390625
1 0.05078125 0.2509765625 0.021484375 0.02734375
1 0.212890625 0.5830078125 0.02734375 0.01953125
4 0.80908203125 0.66943359375 0.0693359375 0.0595703125
4 0.7802734375 0.6396484375 0.076171875 0.0625
4 0.78955078125 0.650390625 0.0771484375 0.064453125
4 0.80029296875 0.65966796875 0.0615234375 0.0517578125
4 0.8203125 0.67724609375 0.064453125 0.0556640625
4 0.87158203125 0.56640625 0.0712890625 0.05859375
4 0.87451171875 0.5830078125 0.0791015625 0.06640625
4 0.88134765625 0.59814453125 0.0869140625 0.0712890625
4 0.8896484375 0.611328125 0.0703125 0.05859375
4 0.90478515625 0.619140625 0.0927734375 0.072265625
1 0.8095703125 0.1513671875 0.025390625 0.0234375
1 0.72802734375 0.22119140625 0.0224609375 0.0224609375
4 0.63818359375 0.7548828125 0.0732421875 0.064453125
4 0.37353515625 0.94482421875 0.1103515625 0.0458984375
4 0.3798828125 0.96044921875 0.107421875 0.0458984375
4 0.47216796875 0.896484375 0.0576171875 0.052734375
4 0.54638671875 0.8349609375 0.0986328125 0.087890625
4 0.5576171875 0.8505859375 0.076171875 0.068359375
1 0.4501953125 0.42578125 0.013671875 0.013671875
1 0.6689453125 0.14990234375 0.02734375 0.0185546875
4 0.6494140625 0.76318359375 0.0703125 0.0615234375
4 0.70751953125 0.69873046875 0.0810546875 0.0673828125
4 0.64990234375 0.7841796875 0.1025390625 0.06640625
4 0.6875 0.791015625 0.16015625 0.091796875
4 0.71826171875 0.708984375 0.0830078125 0.0703125
4 0.7314453125 0.71826171875 0.078125 0.0654296875
4 0.7412109375 0.728515625 0.078125 0.064453125
4 0.751953125 0.73779296875 0.060546875 0.0478515625
4 0.9892578125 0.48828125 0.021484375 0.029296875
4 0.98583984375 0.47216796875 0.0283203125 0.0322265625
4 0.9423828125 0.51025390625 0.068359375 0.0556640625
4 0.94482421875 0.52490234375 0.0693359375 0.0537109375
4 0.955078125 0.5341796875 0.076171875 0.05859375
