3 0.02783203125 0.458984375 0.0419921875 0.044921875
3 0.05419921875 0.880859375 0.0146484375 0.015625
3 0.13330078125 0.9287109375 0.0146484375 0.013671875
3 0.00439453125 0.99169921875 0.0068359375 0.0166015625
3 0.61376953125 0.44384765625 0.0439453125 0.0400390625
3 0.56494140625 0.44921875 0.0439453125 0.04296875
3 0.5107421875 0.4599609375 0.04296875 0.041015625
3 0.60400390625 0.38720703125 0.0439453125 0.0439453125
3 0.5556640625 0.3935546875 0.04296875 0.044921875
3 0.50390625 0.40087890625 0.04296875 0.0439453125
3 0.48193359375 0.3505859375 0.0556640625 0.060546875
3 0.806640625 0.69921875 0.01953125 0.021484375
3 0.58984375 0.77587890625 0.03125 0.0322265625
3 0.58447265625 0.73974609375 0.0341796875 0.0322265625
3 0.578125 0.7041015625 0.029296875 0.03515625
3 0.57421875 0.66650390625 0.033203125 0.0322265625
3 0.56787109375 0.63134765625 0.0322265625 0.0302734375
3 0.76708984375 0.90380859375 0.0205078125 0.0185546875
3 0.70263671875 0.9140625 0.0224609375 0.021484375
3 0.78662109375 0.87939453125 0.0146484375 0.0166015625
3 0.7626953125 0.88330078125 0.017578125 0.0185546875
3 0.73974609375 0.88671875 0.0185546875 0.01953125
3 0.7197265625 0.888671875 0.017578125 0.017578125
3 0.69580078125 0.89013671875 0.0205078125 0.0224609375
3 0.43212890625 0.26953125 0.0205078125 0.021484375
3 0.435546875 0.29736328125 0.0234375 0.0224609375
3 0.4736328125 0.23779296875 0.017578125 0.0185546875
3 0.40283203125 0.0556640625 0.0498046875 0.05078125
3 0.93408203125 0.884765625 0.0185546875 0.017578125
3 0.8603515625 0.87646484375 0.017578125 0.0166015625
3 0.84033203125 0.87744140625 0.0146484375 0.0166015625
3 0.9208984375 0.6904296875 0.037109375 0.0390625
3 0.8642578125 0.68994140625 0.013671875 0.0146484375
3 0.83544921875 0.69580078125 0.0205078125 0.0205078125
3 0.86572265625 0.65380859375 0.0283203125 0.0283203125
3 0.8046875 0.61376953125 0.08984375 0.0888671875
3 0.98828125 0.021484375 0.021484375 0.021484375
3 0.9521484375 0.0146484375 0.01171875 0.01171875
3 0.95849609375 0.06298828125 0.0166015625 0.0185546875
3 0.3779296875 0.017578125 0.013671875 0.015625
3 0.3623046875 0.01953125 0.013671875 0.013671875
3 0.3916015625 0.00634765625 0.05078125 0.0107421875
3 0.85693359375 0.896484375 0.0185546875 0.017578125
3 0.904296875 0.86279296875 0.021484375 0.0205078125
3 0.9287109375 0.85986328125 0.021484375 0.0224609375
