1 0.6181640625 0.5146484375 0.03125 0.01171875
3 0.20751953125 0.86474609375 0.0126953125 0.0146484375
3 0.20263671875 0.84814453125 0.0126953125 0.0126953125
3 0.18359375 0.826171875 0.021484375 0.021484375
3 0.1474609375 0.8193359375 0.01171875 0.01171875
3 0.15380859375 0.86767578125 0.0166015625 0.0185546875
3 0.24462890625 0.701171875 0.1494140625 0.14453125
3 0.88134765625 0.9775390625 0.0166015625 0.015625
3 0.8486328125 0.982421875 0.013671875 0.013671875
3 0.8173828125 0.990234375 0.013671875 0.01171875
3 0.79150390625 0.9970703125 0.0107421875 0.005859375
3 0.77783203125 0.998046875 0.0087890625 0.00390625
3 0.68359375 0.91943359375 0.01171875 0.0126953125
