1 0.1884765625 0.890625 0.013671875 0.015625
3 0.28369140625 0.64501953125 0.0244140625 0.0263671875
3 0.32763671875 0.69970703125 0.0244140625 0.0263671875
4 0.89697265625 0.912109375 0.0380859375 0.041015625
4 0.9423828125 0.1630859375 0.076171875 0.095703125
4 0.8876953125 0.08447265625 0.05859375 0.0712890625
4 0.830078125 0.02734375 0.060546875 0.052734375
4 0.6748046875 0.287109375 0.048828125 0.060546875
4 0.369140625 0.6005859375 0.1875 0.224609375
4 0.98583984375 0.22900390625 0.0283203125 0.0517578125
