1 0.09521484375 0.99072265625 0.0244140625 0.0185546875
1 0.27099609375 0.81005859375 0.0146484375 0.0166015625
1 0.1279296875 0.62939453125 0.015625 0.0185546875
1 0.201171875 0.7041015625 0.021484375 0.0234375
1 0.140625 0.5234375 0.025390625 0.01953125
1 0.212890625 0.46875 0.017578125 0.015625
1 0.19970703125 0.484375 0.0185546875 0.015625
1 0.2607421875 0.447265625 0.017578125 0.015625
1 0.29931640625 0.41748046875 0.0244140625 0.0224609375
1 0.3134765625 0.4140625 0.025390625 0.021484375
1 0.314453125 0.82177734375 0.021484375 0.0244140625
1 0.03369140625 0.61767578125 0.0205078125 0.0166015625
1 0.0556640625 0.5302734375 0.015625 0.017578125
1 0.03466796875 0.50341796875 0.0185546875 0.0205078125
1 0.0859375 0.546875 0.025390625 0.015625
1 0.029296875 0.50732421875 0.017578125 0.0205078125
1 0.04541015625 0.20849609375 0.0166015625 0.0185546875
1 0.8154296875 0.4501953125 0.017578125 0.013671875
1 0.64208984375 0.1455078125 0.0244140625 0.021484375
