5 0.4443359375 0.01904296875 0.08984375 0.0361328125
5 0.48388671875 0.6279296875 0.0458984375 0.080078125
5 0.06640625 0.5029296875 0.072265625 0.11328125
4 0.5107421875 0.73486328125 0.041015625 0.1123046875
4 0.55224609375 0.88525390625 0.0439453125 0.1103515625
4 0.56640625 0.880859375 0.046875 0.111328125
4 0.58154296875 0.98486328125 0.0244140625 0.0302734375
4 0.99267578125 0.91845703125 0.0146484375 0.0283203125
4 0.986328125 0.93359375 0.02734375 0.044921875
5 0.92578125 0.18017578125 0.12109375 0.0107421875
