3 0.78515625 0.11328125 0.013671875 0.013671875
3 0.716796875 0.05322265625 0.013671875 0.0146484375
3 0.35400390625 0.001953125 0.0205078125 0.001953125
3 0.3076171875 0.00537109375 0.017578125 0.0087890625
3 0.85888671875 0.380859375 0.0146484375 0.015625
3 0.93798828125 0.4287109375 0.0146484375 0.013671875
3 0.77734375 0.46826171875 0.033203125 0.0341796875
3 0.80029296875 0.49609375 0.0244140625 0.025390625
1 0.64404296875 0.2060546875 0.0478515625 0.017578125
3 0.74169921875 0.654296875 0.0146484375 0.015625
3 0.5546875 0.66845703125 0.0625 0.0634765625
3 0.5869140625 0.77783203125 0.0625 0.0654296875
3 0.501953125 0.8173828125 0.01953125 0.01953125
3 0.51953125 0.79150390625 0.025390625 0.0263671875
3 0.53955078125 0.755859375 0.0244140625 0.0234375
3 0.4951171875 0.76611328125 0.025390625 0.0244140625
3 0.4130859375 0.7841796875 0.03515625 0.03515625
3 0.37548828125 0.69970703125 0.0634765625 0.0576171875
3 0.29736328125 0.77197265625 0.1103515625 0.1064453125
3 0.37158203125 0.86279296875 0.0146484375 0.0126953125
3 0.3681640625 0.84814453125 0.013671875 0.0146484375
3 0.35205078125 0.8515625 0.0107421875 0.009765625
3 0.33740234375 0.85498046875 0.0107421875 0.0107421875
3 0.318359375 0.85986328125 0.017578125 0.0185546875
3 0.2890625 0.8583984375 0.02734375 0.02734375
3 0.25439453125 0.8671875 0.0283203125 0.029296875
3 0.2216796875 0.8759765625 0.029296875 0.029296875
3 0.224609375 0.81494140625 0.037109375 0.0380859375
3 0.20703125 0.74609375 0.0625 0.0625
1 0.0673828125 0.16064453125 0.037109375 0.0146484375
1 0.02783203125 0.18359375 0.0361328125 0.015625
3 0.47265625 0.6982421875 0.064453125 0.0625
3 0.47412109375 0.619140625 0.0341796875 0.03125
3 0.2470703125 0.00341796875 0.01953125 0.0048828125
3 0.5234375 0.60546875 0.037109375 0.03515625
3 0.40673828125 0.1787109375 0.0224609375 0.025390625
3 0.40087890625 0.1552734375 0.0224609375 0.021484375
3 0.3955078125 0.13232421875 0.0234375 0.0263671875
3 0.3447265625 0.11865234375 0.01953125 0.0166015625
3 0.49267578125 0.38916015625 0.0537109375 0.0556640625
3 0.39599609375 0.41650390625 0.0537109375 0.0537109375
3 0.47705078125 0.32470703125 0.0556640625 0.0576171875
3 0.37841796875 0.349609375 0.0595703125 0.060546875
3 0.28857421875 0.373046875 0.0537109375 0.05859375
3 0.30615234375 0.44091796875 0.0556640625 0.0576171875
3 0.193359375 0.4580078125 0.109375 0.11328125
3 0.51513671875 0.4638671875 0.0380859375 0.0390625
3 0.46484375 0.47412109375 0.0390625 0.0380859375
3 0.41552734375 0.486328125 0.0419921875 0.0390625
3 0.31201171875 0.55615234375 0.0869140625 0.0947265625
3 0.1962890625 0.59033203125 0.08984375 0.0908203125
3 0.54541015625 0.529296875 0.0322265625 0.033203125
3 0.50439453125 0.53857421875 0.0205078125 0.0205078125
3 0.46728515625 0.55078125 0.0400390625 0.041015625
3 0.44189453125 0.59033203125 0.0380859375 0.0361328125
3 0.56494140625 0.59423828125 0.0322265625 0.0322265625
