1 0.16015625 0.12451171875 0.015625 0.0166015625
1 0.841796875 0.72802734375 0.017578125 0.0185546875
1 0.58740234375 0.59912109375 0.0224609375 0.0224609375
1 0.59130859375 0.5947265625 0.0224609375 0.021484375
1 0.46337890625 0.73388671875 0.0224609375 0.0244140625
1 0.48779296875 0.7763671875 0.0244140625 0.025390625
1 0.54052734375 0.5263671875 0.0185546875 0.015625
1 0.82568359375 0.7607421875 0.0263671875 0.025390625
1 0.8466796875 0.66748046875 0.021484375 0.0244140625
1 0.775390625 0.58740234375 0.0234375 0.0244140625
1 0.91796875 0.75146484375 0.021484375 0.0244140625
1 0.791015625 0.72314453125 0.021484375 0.0263671875
1 0.9931640625 0.1240234375 0.013671875 0.015625
