4 0.56640625 0.560546875 0.115234375 0.08984375
4 0.56005859375 0.2724609375 0.1005859375 0.052734375
4 0.67041015625 0.23291015625 0.1025390625 0.0517578125
1 0.71484375 0.05419921875 0.013671875 0.0146484375
4 0.7763671875 0.1923828125 0.103515625 0.052734375
4 0.78466796875 0.20751953125 0.0830078125 0.0439453125
4 0.7890625 0.22412109375 0.103515625 0.0498046875
4 0.57568359375 0.5791015625 0.1005859375 0.078125
4 0.58251953125 0.59912109375 0.1103515625 0.0888671875
4 0.59423828125 0.61474609375 0.0966796875 0.0791015625
4 0.40771484375 0.1826171875 0.0576171875 0.072265625
4 0.37548828125 0.0224609375 0.0244140625 0.04296875
4 0.35888671875 0.01611328125 0.0185546875 0.0302734375
4 0.3681640625 0.09521484375 0.025390625 0.0810546875
4 0.4697265625 0.2626953125 0.08203125 0.099609375
4 0.60400390625 0.62890625 0.0966796875 0.080078125
1 0.478515625 0.7568359375 0.0234375 0.0234375
1 0.46923828125 0.04833984375 0.0087890625 0.0263671875
4 0.77880859375 0.24072265625 0.0400390625 0.0205078125
4 0.6826171875 0.52490234375 0.087890625 0.0732421875
4 0.6884765625 0.54296875 0.091796875 0.078125
1 0.9931640625 0.66552734375 0.013671875 0.0166015625
1 0.94775390625 0.82861328125 0.0224609375 0.0205078125
4 0.701171875 0.55419921875 0.0859375 0.0732421875
4 0.8974609375 0.21142578125 0.083984375 0.0380859375
4 0.78564453125 0.46435546875 0.0927734375 0.0791015625
4 0.79443359375 0.47802734375 0.0869140625 0.0751953125
4 0.8720703125 0.15771484375 0.087890625 0.0439453125
4 0.87646484375 0.1728515625 0.0732421875 0.037109375
4 0.88134765625 0.1865234375 0.0869140625 0.041015625
4 0.888671875 0.19873046875 0.0859375 0.0400390625
4 0.9560546875 0.126953125 0.08203125 0.04296875
4 0.8740234375 0.39208984375 0.095703125 0.0791015625
4 0.9560546875 0.1435546875 0.083984375 0.04296875
4 0.9609375 0.15673828125 0.078125 0.0439453125
4 0.974609375 0.3330078125 0.05078125 0.0546875
4 0.96923828125 0.3193359375 0.0615234375 0.05859375
4 0.96484375 0.3046875 0.0703125 0.0625
4 0.880859375 0.408203125 0.091796875 0.07421875
4 0.13623046875 0.9599609375 0.0732421875 0.080078125
4 0.0830078125 0.88916015625 0.05859375 0.0712890625
4 0.0283203125 0.8173828125 0.0546875 0.08203125
4 0.06298828125 0.68017578125 0.1240234375 0.1884765625
4 0.02294921875 0.4833984375 0.0439453125 0.072265625
4 0.06884765625 0.56396484375 0.0615234375 0.0732421875
4 0.11669921875 0.54052734375 0.0693359375 0.0927734375
4 0.1015625 0.55029296875 0.07421875 0.0927734375
4 0.08447265625 0.55859375 0.0830078125 0.10546875
4 0.15283203125 0.666015625 0.0849609375 0.103515625
4 0.16796875 0.65478515625 0.07421875 0.0908203125
4 0.23583984375 0.76904296875 0.0908203125 0.1142578125
4 0.255859375 0.76171875 0.087890625 0.115234375
4 0.27734375 0.7587890625 0.064453125 0.091796875
4 0.29345703125 0.75146484375 0.0712890625 0.1123046875
4 0.30712890625 0.736328125 0.0751953125 0.12109375
