3 0.05419921875 0.380859375 0.0146484375 0.015625
3 0.13330078125 0.4287109375 0.0146484375 0.013671875
3 0.00439453125 0.49609375 0.0068359375 0.025390625
3 0.806640625 0.19921875 0.01953125 0.021484375
3 0.58984375 0.27587890625 0.03125 0.0322265625
3 0.58447265625 0.23974609375 0.0341796875 0.0322265625
3 0.578125 0.2041015625 0.029296875 0.03515625
3 0.57421875 0.16650390625 0.033203125 0.0322265625
3 0.56787109375 0.13134765625 0.0322265625 0.0302734375
3 0.76708984375 0.40380859375 0.0205078125 0.0185546875
3 0.70263671875 0.4140625 0.0224609375 0.021484375
3 0.78662109375 0.37939453125 0.0146484375 0.0166015625
3 0.7626953125 0.38330078125 0.017578125 0.0185546875
3 0.73974609375 0.38671875 0.0185546875 0.01953125
3 0.7197265625 0.388671875 0.017578125 0.017578125
3 0.69580078125 0.39013671875 0.0205078125 0.0224609375
3 0.78466796875 0.6845703125 0.0341796875 0.03515625
3 0.74267578125 0.73291015625 0.0341796875 0.0341796875
3 0.7236328125 0.69921875 0.03515625 0.03515625
3 0.69189453125 0.7333984375 0.0478515625 0.044921875
3 0.6865234375 0.6953125 0.025390625 0.025390625
3 0.93408203125 0.384765625 0.0185546875 0.017578125
3 0.8603515625 0.37646484375 0.017578125 0.0166015625
3 0.84033203125 0.37744140625 0.0146484375 0.0166015625
3 0.9208984375 0.1904296875 0.037109375 0.0390625
3 0.8642578125 0.18994140625 0.013671875 0.0146484375
3 0.83544921875 0.19580078125 0.0205078125 0.0205078125
3 0.86572265625 0.15380859375 0.0283203125 0.0283203125
3 0.8046875 0.11376953125 0.08984375 0.0888671875
3 0.85693359375 0.396484375 0.0185546875 0.017578125
3 0.904296875 0.36279296875 0.021484375 0.0205078125
3 0.9287109375 0.35986328125 0.021484375 0.0224609375
3 0.9033203125 0.7109375 0.02734375 0.03125
3 0.87744140625 0.701171875 0.0166015625 0.015625
3 0.85302734375 0.70361328125 0.0205078125 0.0205078125
3 0.86328125 0.673828125 0.033203125 0.033203125
3 0.82275390625 0.67919921875 0.0341796875 0.0322265625
3 0.98974609375 0.6416015625 0.0205078125 0.029296875
3 0.98681640625 0.603515625 0.0263671875 0.03125
3 0.97998046875 0.5322265625 0.0107421875 0.01171875
