1 0.16015625 0.89111328125 0.015625 0.0166015625
1 0.08935546875 0.41845703125 0.0166015625 0.0185546875
1 0.11474609375 0.44970703125 0.0224609375 0.0263671875
1 0.08447265625 0.42919921875 0.0185546875 0.0224609375
1 0.07080078125 0.396484375 0.0224609375 0.025390625
1 0.05126953125 0.38427734375 0.0205078125 0.0263671875
1 0.1689453125 0.240234375 0.021484375 0.025390625
1 0.52978515625 0.33935546875 0.0224609375 0.0068359375
1 0.59765625 0.54296875 0.021484375 0.025390625
1 0.10009765625 0.55419921875 0.0107421875 0.0166015625
1 0.49365234375 0.72900390625 0.0205078125 0.0263671875
1 0.5986328125 0.30419921875 0.025390625 0.0205078125
1 0.12060546875 0.18115234375 0.0205078125 0.0263671875
1 0.26513671875 0.45947265625 0.0244140625 0.0224609375
1 0.30517578125 0.7138671875 0.0146484375 0.017578125
1 0.2919921875 0.69482421875 0.017578125 0.0205078125
1 0.287109375 0.4267578125 0.0234375 0.021484375
1 0.3017578125 0.40478515625 0.0234375 0.0205078125
1 0.2783203125 0.4130859375 0.0234375 0.021484375
1 0.27392578125 0.408203125 0.0244140625 0.021484375
1 0.455078125 0.28662109375 0.02734375 0.0224609375
1 0.9931640625 0.890625 0.013671875 0.015625
