3 0.9677734375 0.28369140625 0.0234375 0.0224609375
3 0.9931640625 0.56201171875 0.013671875 0.0380859375
3 0.00634765625 0.19921875 0.0107421875 0.021484375
3 0.6494140625 0.5234375 0.017578125 0.017578125
3 0.64697265625 0.49560546875 0.0185546875 0.0185546875
3 0.62109375 0.50048828125 0.017578125 0.0185546875
3 0.4765625 0.5537109375 0.009765625 0.009765625
3 0.47314453125 0.53564453125 0.0166015625 0.0166015625
3 0.47021484375 0.51416015625 0.0185546875 0.0185546875
3 0.93603515625 0.28955078125 0.0244140625 0.0224609375
3 0.8935546875 0.2939453125 0.01953125 0.021484375
3 0.8642578125 0.29833984375 0.01953125 0.0224609375
3 0.8408203125 0.30126953125 0.0234375 0.0205078125
3 0.498046875 0.39990234375 0.02734375 0.0283203125
3 0.46728515625 0.40380859375 0.0224609375 0.0224609375
3 0.6279296875 0.2822265625 0.0234375 0.021484375
3 0.60009765625 0.2880859375 0.0224609375 0.021484375
3 0.93017578125 0.18359375 0.0283203125 0.029296875
3 0.84765625 0.2333984375 0.060546875 0.060546875
3 0.8369140625 0.15673828125 0.0625 0.0634765625
3 0.75341796875 0.23388671875 0.0302734375 0.0283203125
3 0.74560546875 0.18359375 0.0302734375 0.029296875
3 0.58544921875 0.21337890625 0.0419921875 0.0419921875
3 0.5771484375 0.154296875 0.033203125 0.03125
3 0.73779296875 0.130859375 0.0283203125 0.029296875
3 0.92578125 0.11767578125 0.056640625 0.0595703125
3 0.7392578125 0.0390625 0.052734375 0.0546875
3 0.8701171875 0.02392578125 0.078125 0.0458984375
3 0.6259765625 0.5263671875 0.017578125 0.01953125
3 0.630859375 0.552734375 0.017578125 0.017578125
3 0.63427734375 0.580078125 0.0166015625 0.015625
3 0.95556640625 0.568359375 0.0400390625 0.0390625
3 0.90234375 0.56298828125 0.021484375 0.0224609375
3 0.95263671875 0.96044921875 0.0498046875 0.0478515625
3 0.85595703125 0.97314453125 0.0400390625 0.0380859375
3 0.90185546875 0.73779296875 0.0576171875 0.0615234375
3 0.82275390625 0.74609375 0.0576171875 0.060546875
3 0.69384765625 0.8017578125 0.0166015625 0.017578125
3 0.66943359375 0.8037109375 0.0166015625 0.017578125
3 0.6884765625 0.7783203125 0.017578125 0.01953125
3 0.666015625 0.78173828125 0.017578125 0.0185546875
3 0.68505859375 0.75048828125 0.0185546875 0.0224609375
3 0.68017578125 0.72265625 0.0185546875 0.021484375
3 0.677734375 0.69873046875 0.013671875 0.0166015625
3 0.67333984375 0.67578125 0.0107421875 0.013671875
3 0.60986328125 0.76806640625 0.0126953125 0.0126953125
3 0.5908203125 0.77001953125 0.015625 0.0166015625
3 0.890625 0.66357421875 0.056640625 0.0595703125
3 0.81005859375 0.67431640625 0.0576171875 0.0556640625
3 0.87158203125 0.58837890625 0.0400390625 0.0419921875
3 0.80078125 0.5986328125 0.046875 0.05078125
3 0.669921875 0.626953125 0.013671875 0.01171875
3 0.646484375 0.63232421875 0.01953125 0.0185546875
3 0.66650390625 0.6005859375 0.0146484375 0.013671875
3 0.64111328125 0.60400390625 0.0185546875 0.0166015625
3 0.66015625 0.57568359375 0.015625 0.0146484375
3 0.6552734375 0.54931640625 0.013671875 0.0146484375
3 0.12939453125 0.384765625 0.0185546875 0.017578125
3 0.0556640625 0.37646484375 0.017578125 0.0166015625
3 0.03564453125 0.37744140625 0.0146484375 0.0166015625
3 0.2666015625 0.34765625 0.044921875 0.046875
3 0.291015625 0.291015625 0.021484375 0.0234375
3 0.2548828125 0.29736328125 0.0234375 0.0224609375
3 0.3330078125 0.095703125 0.01171875 0.01171875
3 0.318359375 0.09912109375 0.009765625 0.0107421875
3 0.1162109375 0.1904296875 0.037109375 0.0390625
3 0.0595703125 0.18994140625 0.013671875 0.0146484375
3 0.03076171875 0.19580078125 0.0205078125 0.0205078125
3 0.06103515625 0.15380859375 0.0283203125 0.0283203125
3 0.02294921875 0.11376953125 0.0439453125 0.0888671875
3 0.05224609375 0.396484375 0.0185546875 0.017578125
3 0.099609375 0.36279296875 0.021484375 0.0205078125
3 0.1240234375 0.35986328125 0.021484375 0.0224609375
3 0.0986328125 0.7109375 0.02734375 0.03125
3 0.07275390625 0.701171875 0.0166015625 0.015625
3 0.04833984375 0.70361328125 0.0205078125 0.0205078125
3 0.05859375 0.673828125 0.033203125 0.033203125
3 0.01806640625 0.67919921875 0.0341796875 0.0322265625
3 0.3818359375 0.66552734375 0.021484375 0.0205078125
3 0.41259765625 0.6611328125 0.0224609375 0.021484375
3 0.40771484375 0.63720703125 0.0146484375 0.0166015625
3 0.404296875 0.615234375 0.017578125 0.017578125
3 0.37841796875 0.62353515625 0.0185546875 0.0185546875
3 0.37158203125 0.591796875 0.0166015625 0.015625
3 0.18896484375 0.6416015625 0.0283203125 0.029296875
3 0.18310546875 0.603515625 0.0283203125 0.03125
3 0.30615234375 0.56640625 0.0126953125 0.013671875
3 0.30078125 0.54296875 0.017578125 0.017578125
3 0.17529296875 0.5322265625 0.0107421875 0.01171875
