3 0.66162109375 0.30419921875 0.0068359375 0.0087890625
3 0.671875 0.3037109375 0.009765625 0.009765625
3 0.70263671875 0.30615234375 0.0166015625 0.0185546875
3 0.62548828125 0.37939453125 0.0166015625 0.0166015625
3 0.64892578125 0.37841796875 0.0166015625 0.0166015625
3 0.67138671875 0.37646484375 0.0166015625 0.0166015625
3 0.69384765625 0.376953125 0.0166015625 0.017578125
3 0.7119140625 0.38134765625 0.01171875 0.0126953125
3 0.71142578125 0.365234375 0.0107421875 0.01171875
3 0.71142578125 0.34912109375 0.0107421875 0.0126953125
3 0.69384765625 0.3544921875 0.0166015625 0.017578125
3 0.67138671875 0.35498046875 0.0166015625 0.0166015625
3 0.6484375 0.35498046875 0.017578125 0.0166015625
3 0.62548828125 0.35693359375 0.0166015625 0.0166015625
