0 0.36181640625 0.9921875 0.0302734375 0.015625
1 0.125 0.3427734375 0.107421875 0.1015625
1 0.171875 0.2998046875 0.109375 0.09765625
1 0.1953125 0.27685546875 0.109375 0.0966796875
1 0.21044921875 0.25341796875 0.1044921875 0.0966796875
1 0.22900390625 0.23095703125 0.1064453125 0.0966796875
1 0.60888671875 0.646484375 0.0849609375 0.09765625
1 0.6611328125 0.6865234375 0.08984375 0.1015625
1 0.68896484375 0.7109375 0.0869140625 0.091796875
1 0.71337890625 0.73486328125 0.0849609375 0.0947265625
1 0.7421875 0.75390625 0.083984375 0.09765625
1 0.767578125 0.7783203125 0.099609375 0.10546875
1 0.79150390625 0.7998046875 0.0888671875 0.099609375
1 0.0361328125 0.16064453125 0.0703125 0.1044921875
1 0.04736328125 0.1826171875 0.0927734375 0.115234375
