0 0.33837890625 0.9921875 0.0302734375 0.015625
1 0.1015625 0.3427734375 0.107421875 0.1015625
1 0.1484375 0.2998046875 0.109375 0.09765625
1 0.171875 0.27685546875 0.109375 0.0966796875
1 0.18701171875 0.25341796875 0.1044921875 0.0966796875
1 0.20556640625 0.23095703125 0.1064453125 0.0966796875
1 0.58544921875 0.646484375 0.0849609375 0.09765625
1 0.6376953125 0.6865234375 0.08984375 0.1015625
1 0.66552734375 0.7109375 0.0869140625 0.091796875
1 0.68994140625 0.73486328125 0.0849609375 0.0947265625
1 0.71875 0.75390625 0.083984375 0.09765625
1 0.744140625 0.7783203125 0.099609375 0.10546875
1 0.76806640625 0.7998046875 0.0888671875 0.099609375
1 0.0244140625 0.14599609375 0.046875 0.0751953125
1 0.03564453125 0.17578125 0.0693359375 0.1015625
