3 0.5986328125 0.92236328125 0.0078125 0.0087890625
3 0.5986328125 0.9130859375 0.0078125 0.0078125
3 0.59619140625 0.9013671875 0.0126953125 0.013671875
3 0.59619140625 0.8857421875 0.0126953125 0.013671875
3 0.58154296875 0.88623046875 0.0126953125 0.0146484375
3 0.56591796875 0.8876953125 0.0126953125 0.013671875
3 0.55126953125 0.88720703125 0.0126953125 0.0126953125
3 0.53564453125 0.8876953125 0.0126953125 0.013671875
3 0.52099609375 0.8876953125 0.0126953125 0.013671875
3 0.5048828125 0.8876953125 0.01171875 0.013671875
3 0.505859375 0.9033203125 0.01171875 0.013671875
3 0.50341796875 0.9248046875 0.0068359375 0.0078125
3 0.50244140625 0.91552734375 0.0068359375 0.0068359375
