4 0.10986328125 0.669921875 0.1005859375 0.056640625
4 0.34130859375 0.86181640625 0.0595703125 0.1025390625
4 0.30810546875 0.85595703125 0.0595703125 0.1005859375
4 0.34228515625 0.94775390625 0.0419921875 0.0693359375
4 0.6943359375 0.48974609375 0.03125 0.0654296875
4 0.83056640625 0.3701171875 0.0283203125 0.03515625
4 0.771484375 0.46240234375 0.05078125 0.0419921875
4 0.6298828125 0.5166015625 0.0390625 0.07421875
4 0.59033203125 0.53271484375 0.0380859375 0.0693359375
4 0.56982421875 0.53466796875 0.0400390625 0.0791015625
4 0.45458984375 0.58203125 0.0400390625 0.072265625
4 0.86181640625 0.35400390625 0.0439453125 0.0517578125
4 0.8203125 0.31884765625 0.037109375 0.0439453125
4 0.830078125 0.310546875 0.0390625 0.046875
4 0.744140625 0.2958984375 0.052734375 0.076171875
4 0.76025390625 0.28466796875 0.0576171875 0.0771484375
4 0.77587890625 0.27392578125 0.0595703125 0.0732421875
4 0.79296875 0.267578125 0.048828125 0.060546875
4 0.74658203125 0.2060546875 0.0615234375 0.072265625
4 0.59619140625 0.021484375 0.0478515625 0.041015625
