0 0.87548828125 0.53857421875 0.0205078125 0.0205078125
0 0.33447265625 0.21728515625 0.0166015625 0.0205078125
0 0.251953125 0.26904296875 0.0234375 0.0166015625
0 0.36328125 0.20556640625 0.017578125 0.0205078125
0 0.34033203125 0.26171875 0.0146484375 0.01953125
0 0.35009765625 0.2578125 0.0146484375 0.01953125
0 0.35986328125 0.25341796875 0.0166015625 0.0205078125
0 0.38134765625 0.24658203125 0.0146484375 0.0185546875
0 0.39990234375 0.23779296875 0.0166015625 0.0205078125
0 0.42138671875 0.228515625 0.0166015625 0.01953125
0 0.4306640625 0.2236328125 0.017578125 0.01953125
0 0.5107421875 0.19287109375 0.015625 0.0185546875
0 0.52001953125 0.1884765625 0.0146484375 0.01953125
0 0.52880859375 0.18212890625 0.0185546875 0.0224609375
0 0.5400390625 0.17919921875 0.017578125 0.0224609375
0 0.5498046875 0.17626953125 0.015625 0.0185546875
0 0.55859375 0.171875 0.017578125 0.021484375
0 0.46728515625 0.15771484375 0.0166015625 0.0224609375
0 0.45654296875 0.162109375 0.0185546875 0.0234375
0 0.4443359375 0.166015625 0.015625 0.01953125
0 0.583984375 0.19921875 0.021484375 0.015625
0 0.587890625 0.20849609375 0.021484375 0.0166015625
0 0.59814453125 0.24072265625 0.0224609375 0.0166015625
0 0.60498046875 0.25830078125 0.0224609375 0.0185546875
0 0.642578125 0.3095703125 0.01953125 0.021484375
0 0.681640625 0.30126953125 0.017578125 0.0224609375
0 0.69189453125 0.29833984375 0.0166015625 0.0205078125
0 0.71923828125 0.28466796875 0.0166015625 0.0205078125
0 0.662109375 0.30810546875 0.017578125 0.0224609375
0 0.248046875 0.25830078125 0.021484375 0.0166015625
0 0.3251953125 0.197265625 0.017578125 0.021484375
0 0.02392578125 0.13427734375 0.0283203125 0.0185546875
0 0.33642578125 0.19384765625 0.0166015625 0.0205078125
1 0.20068359375 0.486328125 0.0556640625 0.048828125
1 0.3154296875 0.33544921875 0.033203125 0.0576171875
1 0.87255859375 0.95556640625 0.0498046875 0.0595703125
1 0.01220703125 0.20703125 0.0224609375 0.05078125
1 0.0205078125 0.19775390625 0.029296875 0.0400390625
1 0.03271484375 0.1943359375 0.0380859375 0.056640625
1 0.05224609375 0.18408203125 0.0380859375 0.0537109375
1 0.064453125 0.17578125 0.037109375 0.056640625
1 0.0810546875 0.17578125 0.02734375 0.041015625
1 0.15283203125 0.279296875 0.0458984375 0.046875
1 0.2001953125 0.3203125 0.060546875 0.056640625
1 0.16943359375 0.33984375 0.0537109375 0.05078125
1 0.10888671875 0.400390625 0.0537109375 0.05078125
1 0.24462890625 0.4345703125 0.0595703125 0.060546875
1 0.26171875 0.42431640625 0.056640625 0.0556640625
1 0.21923828125 0.4560546875 0.0615234375 0.056640625
1 0.21435546875 0.47314453125 0.0595703125 0.0576171875
1 0.51025390625 0.51953125 0.0498046875 0.01953125
1 0.27685546875 0.39306640625 0.0634765625 0.0634765625
0 0.22705078125 0.26708984375 0.0263671875 0.0185546875
0 0.2314453125 0.279296875 0.025390625 0.017578125
0 0.2353515625 0.2900390625 0.025390625 0.017578125
0 0.24072265625 0.29931640625 0.0224609375 0.0185546875
0 0.3564453125 0.185546875 0.015625 0.021484375
0 0.3466796875 0.18994140625 0.015625 0.0205078125
0 0.0546875 0.12255859375 0.021484375 0.0166015625
0 0.40966796875 0.02099609375 0.0205078125 0.0244140625
0 0.88623046875 0.79833984375 0.0166015625 0.0166015625
0 0.97265625 0.73291015625 0.01953125 0.0185546875
0 0.96484375 0.77197265625 0.017578125 0.0185546875
0 0.87744140625 0.69775390625 0.0205078125 0.0224609375
0 0.892578125 0.6884765625 0.01953125 0.01953125
0 0.86767578125 0.70458984375 0.0205078125 0.0205078125
0 0.8583984375 0.7119140625 0.01953125 0.01953125
0 0.90185546875 0.67724609375 0.0205078125 0.0205078125
0 0.91455078125 0.66064453125 0.0244140625 0.0244140625
0 0.82470703125 0.73828125 0.0302734375 0.03125
0 0.837890625 0.734375 0.021484375 0.021484375
0 0.8623046875 0.74853515625 0.01953125 0.0205078125
0 0.90087890625 0.71142578125 0.0185546875 0.0185546875
0 0.90966796875 0.70458984375 0.0185546875 0.0185546875
0 0.93115234375 0.75634765625 0.0263671875 0.0263671875
0 0.77734375 0.921875 0.021484375 0.021484375
0 0.79443359375 0.9423828125 0.0224609375 0.021484375
0 0.81884765625 0.97119140625 0.0205078125 0.0205078125
0 0.81201171875 0.96142578125 0.0224609375 0.0205078125
0 0.828125 0.978515625 0.021484375 0.021484375
0 0.09619140625 0.1064453125 0.0244140625 0.017578125
0 0.25048828125 0.04638671875 0.0224609375 0.0146484375
0 0.27294921875 0.03759765625 0.0244140625 0.0166015625
0 0.3544921875 0.04248046875 0.017578125 0.0224609375
0 0.36572265625 0.0390625 0.0185546875 0.021484375
0 0.37744140625 0.03662109375 0.0166015625 0.0205078125
0 0.38671875 0.02783203125 0.01953125 0.0244140625
0 0.39892578125 0.02734375 0.0166015625 0.01953125
0 0.90185546875 0.78173828125 0.0185546875 0.0205078125
0 0.87060546875 0.8046875 0.0205078125 0.021484375
0 0.07373046875 0.11474609375 0.0205078125 0.0146484375
0 0.93310546875 0.86328125 0.0185546875 0.017578125
0 0.43310546875 0.58154296875 0.0224609375 0.0166015625
0 0.4765625 0.560546875 0.015625 0.01953125
0 0.50537109375 0.54541015625 0.0166015625 0.0205078125
0 0.51513671875 0.541015625 0.0126953125 0.015625
0 0.52783203125 0.53857421875 0.0146484375 0.0166015625
0 0.63134765625 0.58642578125 0.0185546875 0.0185546875
0 0.671875 0.55517578125 0.013671875 0.0146484375
0 0.71484375 0.78271484375 0.0234375 0.0205078125
0 0.81494140625 0.78662109375 0.0224609375 0.0205078125
0 0.82958984375 0.7744140625 0.0185546875 0.017578125
0 0.837890625 0.76953125 0.01953125 0.017578125
0 0.8466796875 0.76220703125 0.01953125 0.0205078125
0 0.8310546875 0.84716796875 0.021484375 0.0205078125
0 0.83935546875 0.8544921875 0.0205078125 0.01953125
0 0.84375 0.86669921875 0.01953125 0.0185546875
0 0.85107421875 0.875 0.0205078125 0.017578125
0 0.85595703125 0.8837890625 0.0185546875 0.017578125
0 0.86376953125 0.890625 0.0205078125 0.021484375
0 0.8818359375 0.8447265625 0.01953125 0.01953125
0 0.9111328125 0.818359375 0.021484375 0.01953125
0 0.93408203125 0.79833984375 0.0205078125 0.0205078125
0 0.94677734375 0.84814453125 0.0185546875 0.0205078125
0 0.89599609375 0.89892578125 0.0185546875 0.0185546875
0 0.904296875 0.892578125 0.017578125 0.01953125
0 0.91162109375 0.884765625 0.0185546875 0.01953125
0 0.92041015625 0.87939453125 0.0185546875 0.0185546875
0 0.92626953125 0.8701171875 0.0205078125 0.01953125
