0 0.87548828125 0.53662109375 0.0205078125 0.0205078125
0 0.33447265625 0.21533203125 0.0166015625 0.0205078125
0 0.251953125 0.26708984375 0.0234375 0.0166015625
0 0.36328125 0.20361328125 0.017578125 0.0205078125
0 0.34033203125 0.259765625 0.0146484375 0.01953125
0 0.35009765625 0.255859375 0.0146484375 0.01953125
0 0.35986328125 0.25146484375 0.0166015625 0.0205078125
0 0.38134765625 0.24462890625 0.0146484375 0.0185546875
0 0.39990234375 0.23583984375 0.0166015625 0.0205078125
0 0.42138671875 0.2265625 0.0166015625 0.01953125
0 0.4306640625 0.2216796875 0.017578125 0.01953125
0 0.5107421875 0.19091796875 0.015625 0.0185546875
0 0.52001953125 0.1865234375 0.0146484375 0.01953125
0 0.52880859375 0.18017578125 0.0185546875 0.0224609375
0 0.5400390625 0.17724609375 0.017578125 0.0224609375
0 0.5498046875 0.17431640625 0.015625 0.0185546875
0 0.55859375 0.169921875 0.017578125 0.021484375
0 0.46728515625 0.15576171875 0.0166015625 0.0224609375
0 0.45654296875 0.16015625 0.0185546875 0.0234375
0 0.4443359375 0.1640625 0.015625 0.01953125
0 0.583984375 0.197265625 0.021484375 0.015625
0 0.587890625 0.20654296875 0.021484375 0.0166015625
0 0.59814453125 0.23876953125 0.0224609375 0.0166015625
0 0.60498046875 0.25634765625 0.0224609375 0.0185546875
0 0.642578125 0.3076171875 0.01953125 0.021484375
0 0.681640625 0.29931640625 0.017578125 0.0224609375
0 0.69189453125 0.29638671875 0.0166015625 0.0205078125
0 0.71923828125 0.28271484375 0.0166015625 0.0205078125
0 0.662109375 0.30615234375 0.017578125 0.0224609375
0 0.248046875 0.25634765625 0.021484375 0.0166015625
0 0.3251953125 0.1953125 0.017578125 0.021484375
0 0.02392578125 0.13232421875 0.0283203125 0.0185546875
0 0.33642578125 0.19189453125 0.0166015625 0.0205078125
1 0.20068359375 0.484375 0.0556640625 0.048828125
1 0.3154296875 0.33349609375 0.033203125 0.0576171875
1 0.87255859375 0.95361328125 0.0498046875 0.0595703125
1 0.01220703125 0.205078125 0.0224609375 0.05078125
1 0.0205078125 0.19580078125 0.029296875 0.0400390625
1 0.03271484375 0.1923828125 0.0380859375 0.056640625
1 0.05224609375 0.18212890625 0.0380859375 0.0537109375
1 0.064453125 0.173828125 0.037109375 0.056640625
1 0.0810546875 0.173828125 0.02734375 0.041015625
1 0.15283203125 0.27734375 0.0458984375 0.046875
1 0.2001953125 0.318359375 0.060546875 0.056640625
1 0.16943359375 0.337890625 0.0537109375 0.05078125
1 0.10888671875 0.3984375 0.0537109375 0.05078125
1 0.24462890625 0.4326171875 0.0595703125 0.060546875
1 0.26171875 0.42236328125 0.056640625 0.0556640625
1 0.21923828125 0.4541015625 0.0615234375 0.056640625
1 0.21435546875 0.47119140625 0.0595703125 0.0576171875
1 0.51025390625 0.517578125 0.0498046875 0.01953125
1 0.27685546875 0.39111328125 0.0634765625 0.0634765625
0 0.22705078125 0.26513671875 0.0263671875 0.0185546875
0 0.2314453125 0.27734375 0.025390625 0.017578125
0 0.2353515625 0.2880859375 0.025390625 0.017578125
0 0.24072265625 0.29736328125 0.0224609375 0.0185546875
0 0.3564453125 0.18359375 0.015625 0.021484375
0 0.3466796875 0.18798828125 0.015625 0.0205078125
0 0.0546875 0.12060546875 0.021484375 0.0166015625
0 0.40966796875 0.01904296875 0.0205078125 0.0244140625
0 0.88623046875 0.79638671875 0.0166015625 0.0166015625
0 0.97265625 0.73095703125 0.01953125 0.0185546875
0 0.96484375 0.77001953125 0.017578125 0.0185546875
0 0.87744140625 0.69580078125 0.0205078125 0.0224609375
0 0.892578125 0.6865234375 0.01953125 0.01953125
0 0.86767578125 0.70263671875 0.0205078125 0.0205078125
0 0.8583984375 0.7099609375 0.01953125 0.01953125
0 0.90185546875 0.67529296875 0.0205078125 0.0205078125
0 0.91455078125 0.65869140625 0.0244140625 0.0244140625
0 0.82470703125 0.736328125 0.0302734375 0.03125
0 0.837890625 0.732421875 0.021484375 0.021484375
0 0.8623046875 0.74658203125 0.01953125 0.0205078125
0 0.90087890625 0.70947265625 0.0185546875 0.0185546875
0 0.90966796875 0.70263671875 0.0185546875 0.0185546875
0 0.93115234375 0.75439453125 0.0263671875 0.0263671875
0 0.77734375 0.919921875 0.021484375 0.021484375
0 0.79443359375 0.9404296875 0.0224609375 0.021484375
0 0.81884765625 0.96923828125 0.0205078125 0.0205078125
0 0.81201171875 0.95947265625 0.0224609375 0.0205078125
0 0.828125 0.9765625 0.021484375 0.021484375
0 0.09619140625 0.1044921875 0.0244140625 0.017578125
0 0.25048828125 0.04443359375 0.0224609375 0.0146484375
0 0.27294921875 0.03564453125 0.0244140625 0.0166015625
0 0.3544921875 0.04052734375 0.017578125 0.0224609375
0 0.36572265625 0.037109375 0.0185546875 0.021484375
0 0.37744140625 0.03466796875 0.0166015625 0.0205078125
0 0.38671875 0.02587890625 0.01953125 0.0244140625
0 0.39892578125 0.025390625 0.0166015625 0.01953125
0 0.90185546875 0.77978515625 0.0185546875 0.0205078125
0 0.87060546875 0.802734375 0.0205078125 0.021484375
0 0.07373046875 0.11279296875 0.0205078125 0.0146484375
0 0.93310546875 0.861328125 0.0185546875 0.017578125
0 0.43310546875 0.57958984375 0.0224609375 0.0166015625
0 0.4765625 0.55859375 0.015625 0.01953125
0 0.50537109375 0.54345703125 0.0166015625 0.0205078125
0 0.51513671875 0.5390625 0.0126953125 0.015625
0 0.52783203125 0.53662109375 0.0146484375 0.0166015625
0 0.63134765625 0.58447265625 0.0185546875 0.0185546875
0 0.671875 0.55322265625 0.013671875 0.0146484375
0 0.71484375 0.78076171875 0.0234375 0.0205078125
0 0.81494140625 0.78466796875 0.0224609375 0.0205078125
0 0.82958984375 0.7724609375 0.0185546875 0.017578125
0 0.837890625 0.767578125 0.01953125 0.017578125
0 0.8466796875 0.76025390625 0.01953125 0.0205078125
0 0.8310546875 0.84521484375 0.021484375 0.0205078125
0 0.83935546875 0.8525390625 0.0205078125 0.01953125
0 0.84375 0.86474609375 0.01953125 0.0185546875
0 0.85107421875 0.873046875 0.0205078125 0.017578125
0 0.85595703125 0.8818359375 0.0185546875 0.017578125
0 0.86376953125 0.888671875 0.0205078125 0.021484375
0 0.8818359375 0.8427734375 0.01953125 0.01953125
0 0.9111328125 0.81640625 0.021484375 0.01953125
0 0.93408203125 0.79638671875 0.0205078125 0.0205078125
0 0.94677734375 0.84619140625 0.0185546875 0.0205078125
0 0.89599609375 0.89697265625 0.0185546875 0.0185546875
0 0.904296875 0.890625 0.017578125 0.01953125
0 0.91162109375 0.8828125 0.0185546875 0.01953125
0 0.92041015625 0.87744140625 0.0185546875 0.0185546875
0 0.92626953125 0.8681640625 0.0205078125 0.01953125
