2 0.42919921875 0.337890625 0.0615234375 0.060546875
2 0.3974609375 0.3720703125 0.0625 0.0546875
2 0.3291015625 0.44091796875 0.0625 0.0595703125
2 0.294921875 0.47607421875 0.072265625 0.0673828125
2 0.56396484375 0.4208984375 0.0615234375 0.05859375
2 0.525390625 0.44921875 0.0625 0.060546875
2 0.482421875 0.482421875 0.0625 0.060546875
2 0.3955078125 0.54833984375 0.0703125 0.0673828125
2 0.61962890625 0.52685546875 0.0595703125 0.0556640625
2 0.578125 0.55810546875 0.060546875 0.0595703125
2 0.49267578125 0.61865234375 0.0732421875 0.0712890625
2 0.71728515625 0.638671875 0.0634765625 0.0625
2 0.46533203125 0.302734375 0.0595703125 0.056640625
