2 0.5400390625 0.62109375 0.166015625 0.15625
2 0.4306640625 0.62841796875 0.1171875 0.1064453125
2 0.08837890625 0.6376953125 0.1611328125 0.140625
2 0.11083984375 0.52880859375 0.1201171875 0.1044921875
2 0.28759765625 0.58154296875 0.1455078125 0.1455078125
2 0.0224609375 0.29443359375 0.04296875 0.1201171875
2 0.09228515625 0.25830078125 0.1474609375 0.1474609375
2 0.0673828125 0.35595703125 0.1328125 0.1337890625
2 0.21337890625 0.28125 0.1689453125 0.212890625
2 0.31201171875 0.20263671875 0.1884765625 0.1806640625
2 0.5439453125 0.37353515625 0.1796875 0.1533203125
2 0.40380859375 0.54541015625 0.1728515625 0.1552734375
2 0.56396484375 0.5283203125 0.1435546875 0.125
